0 0.4121123298033283 1.0213136111646985 0.045385779122541665 0.06995705104123301
0 0.5346539334341907 0.9056154113657362 0.02420574886535549 0.05381311618556394
0 0.0709625567322239 0.1333971941028947 0.019667170953101356 0.032287869711338325
0 0.11937405446293495 0.19931826143021047 0.010590015128593047 0.024215902283503888
0 0.15568267776096822 0.14281448943536834 0.019667170953101356 0.024215902283503697
0 0.20333774583963693 0.095728012773 0.02420574886535557 0.032287869711338325
0 0.22603063540090773 0.039224240778157886 0.021180030257186067 0.021525246474225424
0 0.27217284417549165 0.023080305922488817 0.022692889561270833 0.03228786971133814
0 0.28124999999999994 0.08227473372660903 0.01361573373676251 0.01614393485566908
0 0.2948657337367625 0.12128924296114293 0.01361573373676251 0.013453279046390985
0 0.27217284417549165 0.1683757196235112 0.016641452344931987 0.02690655809278197
0 0.12164334341906202 0.22891547533227052 0.012102874432677746 0.00807196742783463
0 0.30696860816944027 0.23564211485546602 0.010590015128593033 0.021525246474225615
0 0.2169534795763994 0.2248794916183533 0.021180030257186067 0.02690655809278178
0 0.4983453101361573 0.29483654265958636 0.021180030257186067 0.032287869711338325
0 0.33949508320726174 0.0782387500126917 0.02723146747352502 0.04035983713917296
0 0.3886630105900151 0.09841866858227818 0.022692889561270833 0.037669181329894684
0 0.39320158850226933 0.05267751982454887 0.013615733736762564 0.02690655809278197
0 0.4499338124054463 0.08631071744052633 0.02420574886535549 0.029597213902060243
0 0.46279311649016647 0.03787891287351884 0.010590015128593033 0.024215902283503506
0 0.5051531770045385 0.05267751982454887 0.013615733736762456 0.02690655809278197
0 0.4801909984871407 0.1199439150565037 0.018154311649016645 0.032287869711338325
0 0.521038199697428 0.08631071744052633 0.018154311649016645 0.024215902283503697
0 0.4552288199697428 0.15895842429103751 0.013615733736762456 0.029597213902060056
0 0.48246028744326774 0.24775006599721797 0.01361573373676251 0.018834590664947533
0 0.5074224659606656 0.25447670552041346 0.018154311649016645 0.04305049294845123
0 0.4764088502269289 0.18048367076526314 0.01664145234493188 0.024215902283503888
