0 0.2804935703479576 0.9930617251672775 0.03328290468986387 0.04574114875772931
0 0.23888993948562787 0.9405939368863527 0.02874432677760968 0.037669181329894684
0 0.18367057488653554 0.9432845926956308 0.02420574886535549 0.037669181329894684
0 0.09516830559757944 0.9486659043141873 0.031770045385779086 0.032287869711338325
0 0.16400340393343418 0.4845277772136989 0.018154311649016645 0.018834590664947342
0 0.22905635400907715 0.24236875437866162 0.02420574886535549 0.029597213902060243
0 0.33571293494704985 0.3378870356080374 0.007564296520423611 0.01614393485566907
0 0.3296614977307111 0.4132253982678268 0.016641452344931935 0.021525246474225424
0 0.4204330559757943 0.27062064037608263 0.019667170953101356 0.04843180456700759
0 0.4423695158850226 0.1791383428606241 0.018154311649016645 0.02690655809278197
0 0.5293589258698941 0.34326834722659383 0.019667170953101408 0.037669181329894684
0 0.5021274583963691 0.30290851008742087 0.02874432677760968 0.048431804567007394
0 0.4461516641452345 0.34057769141731564 0.022692889561270833 0.043050492948450994
0 0.3508415279878971 0.4576212191209169 0.016641452344931987 0.018834590664947342
