0 0.07474470499243573 1.1854436155306682 0.0393343419062027 0.05381311618556375
0 0.14736195158850227 1.124903859821909 0.03933434190620271 0.04035983713917296
0 0.2593135400907715 0.6177152397729696 0.018154311649016645 0.03228786971133814
0 0.4907810136157338 0.8437303277523377 0.02420574886535549 0.04305049294845104
0 0.1375283661119516 0.4737651539765862 0.02874432677760968 0.040359837139172766
0 0.16778555219364602 0.7818452441389394 0.016641452344931907 0.02690655809278197
0 0.2600699697428139 0.5100890074018418 0.013615733736762402 0.021525246474225424
0 0.32890506807866865 0.4885637609276163 0.021180030257186067 0.03766918132989487
0 0.33873865355521937 0.5773554026337967 0.013615733736762564 0.026906558092781876
0 0.3205843419062027 0.6056072886312176 0.010590015128593033 0.018834590664947342
0 0.4068173222390318 0.7186148326209018 0.013615733736762402 0.024215902283503888
0 0.4090866111951589 0.8370036882291422 0.0242057488653556 0.0349785255206166
