0 0.32814863842662634 0.9621191833605782 0.08925869894099846 0.09686360913401498
0 0.43631807866868383 0.5787007305384357 0.06354009077155831 0.083410330087624
0 0.4718702723146747 0.5020170399740072 0.040847201210287475 0.03228786971133852
0 0.4756524205748865 0.4562758912162779 0.02723146747352502 0.037669181329894684
0 0.5346539334341905 0.43878662845596966 0.03630862329803329 0.029597213902060243
0 0.33873865355521937 0.5356502375899846 0.02571860816944031 0.029597213902060056
0 0.23359493192133132 0.6311685188193605 0.033282904689863814 0.03228786971133862
0 0.1428233736762481 0.6015713049173002 0.03025718608169439 0.02690655809278197
0 0.4068173222390318 0.7213054884301799 0.040847201210287475 0.03497852552061641
0 0.5308717851739788 0.8396943440384204 0.022692889561270833 0.04035983713917296
0 0.4991017397881997 0.345959003035872 0.03479576399394852 0.07533836265978956
0 0.5490260968229955 0.46434785864411254 0.025718608169440254 0.03228786971133852
0 0.33873865355521937 0.3217431007523682 0.019667170953101408 0.02690655809278197
0 0.22981278366111954 0.5921540095848268 0.02874432677760968 0.018834590664947342
0 0.3417643721633888 0.5639021235874055 0.01361573373676251 0.02690655809278197
0 0.26309568835098335 0.7791545883296611 0.022692889561270777 0.03228786971133852
0 0.18291414523449318 0.7239961442394581 0.016641452344931907 0.040359837139172766
0 0.12693835098335854 0.6876722908142024 0.03479576399394855 0.03228786971133852
0 0.34100794251134636 0.7845358999482176 0.018154311649016645 0.03228786971133814
0 0.41059947049924356 0.8127877859456385 0.02723146747352502 0.051122460376285477
0 0.42875378214826015 0.8787088532729543 0.018154311649016645 0.01614393485566907
0 0.4491773827534039 0.9163780346028491 0.016641452344931987 0.02690655809278178
0 0.4733831316187595 0.8719822137497588 0.010590015128593033 0.029597213902060056
0 0.4915374432677761 0.8961981160332625 0.013615733736762456 0.0349785255206166
0 0.5361667927382754 0.6742190117678116 0.021180030257186067 0.03766918132989487
0 0.497588880484115 0.7495573744276008 0.01664145234493188 0.02690655809278197
0 0.5399489409984871 0.7751186046157438 0.013615733736762456 0.04035983713917315
0 0.43858736762481093 0.5073983515925635 0.01361573373676251 0.02690655809278197
0 0.45598524962178516 0.4589665470255561 0.00907715582450843 0.03228786971133814
