0 0.4915374432677761 0.8396943440384205 0.04084720121028737 0.051122460376285477
0 0.10121974281391832 0.4804917934997816 0.010590015128593047 0.010762623237112712
0 0.08760400907715583 0.51277966321112 0.013615733736762496 0.01614393485566907
0 0.13979765506807867 0.5988806491080222 0.021180030257186122 0.03228786971133814
0 0.13450264750378216 0.5383408933992628 0.01361573373676251 0.024215902283503506
0 0.15341338880484115 0.5396862213039019 0.02420574886535549 0.037669181329894684
0 0.3024300302571861 0.33250572398948103 0.013615733736762456 0.026906558092781734
0 0.39168872919818454 0.40111744712607494 0.010590015128593033 0.013453279046390985
0 0.3954708774583963 0.4334053168374133 0.018154311649016645 0.018834590664947533
0 0.3720215582450832 0.4683838423580298 0.013615733736762456 0.013453279046390794
0 0.386393721633888 0.5033623678786464 0.015128593040847222 0.029597213902060056
0 0.35613653555219366 0.4105347424585486 0.015128593040847222 0.03766918132989473
0 0.3818551437216338 0.29483654265958636 0.03025718608169439 0.04843180456700764
0 0.4499338124054463 0.1347425220075338 0.02420574886535549 0.051122460376285477
0 0.4658188350983359 0.23698744276010517 0.01664145234493188 0.024215902283503888
0 0.48699886535552195 0.32981506818020284 0.01664145234493188 0.02690655809278197
0 0.541461800302572 0.3432683472265938 0.010590015128593033 0.021525246474225424
0 0.5384360816944025 0.3715202332240149 0.016641452344931987 0.024215902283503697
0 0.5248203479576399 0.4508945795977215 0.010590015128593033 0.03228786971133814
0 0.5399489409984872 0.46434785864411254 0.007564296520423611 0.03228786971133852
