0 0.10651475037821484 0.8275863928966685 0.04841149773071109 0.037669181329894684
0 0.01498676248108927 0.35403097046370663 0.019667170953101328 0.02690655809278178
0 0.03767965204236009 0.261203345043609 0.016641452344931928 0.029597213902060243
0 0.014230332829046916 0.22218883580907506 0.018154311649016618 0.032287869711338325
0 0.025576777609682307 0.1751023591467067 0.016641452344931907 0.024215902283503697
0 0.017256051437216365 0.13070653829361661 0.024205748865355516 0.032287869711338325
0 0.08079614220877461 0.15223178476784202 0.024205748865355543 0.021525246474225615
0 0.17913199697428142 0.09438268486836096 0.021180030257186067 0.029597213902060243
0 0.1034890317700454 0.02711628963640613 0.021180030257186053 0.024215902283503506
0 0.06869326777609683 0.276001951994639 0.015128593040847222 0.01614393485566907
0 0.05734682299546145 0.2934912147549472 0.016641452344931935 0.00807196742783463
0 0.129964069591528 0.2544767055204134 0.022692889561270833 0.01614393485566907
0 0.18064485627836613 0.26792998456680445 0.018154311649016645 0.021525246474225424
0 0.2282999243570348 0.2033542451441278 0.025718608169440202 0.01614393485566926
0 0.22678706505295007 0.16164908010031578 0.019667170953101356 0.029597213902060056
0 0.23888993948562784 0.11590793134258649 0.01664145234493196 0.024215902283503888
0 0.28957072617246604 0.09169202905908277 0.02420574886535549 0.0349785255206166
0 0.2751985627836611 0.04864153611063156 0.019667170953101304 0.018834590664947342
0 0.28125 0.031152273350323258 0.007564296520423504 0.021525246474225424
0 0.29637859304084724 0.03384292915960153 0.010590015128593033 0.016143934855668878
0 0.4105994704992436 0.02442563382712805 0.021180030257186067 0.018834590664947342
0 0.4370745083207262 0.060749487252383404 0.019667170953101408 0.021525246474225615
0 0.45295953101361575 0.045950880301353476 0.009077155824508376 0.024215902283503506
0 0.46279311649016647 0.21277154047660138 0.010590015128593033 0.02421590228350372
0 0.46128025718608173 0.1643397359095939 0.013615733736762564 0.018834590664947342
0 0.46581883509833594 0.12801588248433832 0.01059001512859298 0.02690655809278178
0 0.27822428139183053 0.1266705545796992 0.013615733736762456 0.029597213902060056
0 0.26914712556732223 0.16433973590959397 0.016641452344931987 0.04035983713917296
