0 0.1829141452344932 0.7051615535745108 0.06807866868381245 0.07802901846906744
0 0.2827628593040847 0.6526937652935861 0.06505295007564296 0.06457573942267665
0 0.1904784417549168 0.5800460584430748 0.037821482602118 0.04305049294845123
0 0.31831505295007567 0.7952985231853303 0.033282904689863814 0.037669181329894684
0 0.16627269288956129 0.4011174471260749 0.025718608169440254 0.018834590664947293
0 0.35084152798789714 0.4710744981673081 0.028744326777609623 0.0349785255206166
0 0.3977401664145234 0.38362818436576673 0.0438729198184569 0.048431804567007394
0 0.5021274583963692 0.29080055894566914 0.025718608169440254 0.06726639523195474
0 0.5028838880484116 0.12128924296114284 0.027231467473524913 0.040359837139172766
0 0.4015223146747352 0.12128924296114284 0.024205748865355543 0.018834590664947342
0 0.39017586989409986 0.22353416371371418 0.040847201210287475 0.04574114875772934
0 0.33041792738275344 0.7562840139507965 0.03630862329803329 0.04035983713917315
0 0.29259644478063546 0.7011255698605936 0.024205748865355543 0.03228786971133814
0 0.23283850226928893 0.6271325351054432 0.037821482602118 0.051122460376285477
0 0.23964636913767018 0.7213054884301798 0.02420574886535549 0.04574114875772931
0 0.13072049924357035 0.7724279488064657 0.015128593040847169 0.04574114875772931
0 0.04826966717095312 0.763010653473992 0.016641452344931935 0.02690655809278197
0 0.03843608169440245 0.6701830280538945 0.018154311649016645 0.045741148757729215
0 0.0959247352496218 0.5168156469250373 0.03933434190620271 0.05650377199484202
0 0.03087178517397882 0.32039777284772925 0.024205748865355516 0.040359837139173
0 0.04146180030257187 0.03922424077815798 0.03630862329803329 0.06457573942267647
