0 0.2252742057488653 0.23295145904618786 0.06505295007564302 0.07533836265978937
0 0.19123487140695916 0.4778011376905035 0.06051437216338886 0.06995705104123282
0 0.1450926626323752 0.5396862213039019 0.0317700453857791 0.037669181329894684
0 0.4877552950075643 0.3190524449430901 0.03328290468986387 0.04305049294845123
0 0.5429746596066566 0.4374413005513305 0.03782148260211805 0.021525246474225424
0 0.24115922844175494 0.3728655611286539 0.039334341906202656 0.01614393485566926
0 0.11710476550680787 0.5760100747291576 0.0423600605143722 0.05112246037628586
0 0.0 0.0 0.0 0.0
0 0.052808245083207264 0.7751186046157438 0.02874432677760968 0.051122460376285477
0 0.11029689863842665 0.8275863928966685 0.037821482602118 0.037669181329894684
0 0.1844270045385779 0.8544929509894504 0.02874432677760968 0.03228786971133852
0 0.12542549167927383 0.9486659043141873 0.02874432677760968 0.04843180456700759
0 0.36748298033282906 0.654039093198225 0.022692889561270833 0.03497852552061641
0 0.4635495461422087 0.7926078673760522 0.024205748865355543 0.04305049294845123
0 0.4416130862329803 0.7213054884301798 0.016641452344931987 0.04574114875772931
0 0.23132564296520422 0.7172695047162628 0.010590015128593033 0.010762623237112712
0 0.09441187594553706 0.6769096675770897 0.012102874432677812 0.04305049294845104
0 0.08457829046898638 0.7132335210023455 0.022692889561270767 0.018834590664947342
0 0.008935325264750386 0.7535933581415182 0.019667170953101356 0.05650377199484202
0 0.03162821482602116 0.8881261486054279 0.019667170953101356 0.029597213902060243
0 0.27671142208774585 0.21815285209515783 0.02874432677760968 0.04574114875772931
