0 0.5414618003025718 0.7428307349044055 0.03782148260211795 0.05112246037628586
0 0.4174073373676248 0.9257953299353227 0.055975794251134754 0.05650377199484222
0 0.14206694402420578 0.7603199976647137 0.022692889561270777 0.04305049294845104
0 0.4529595310136157 0.4562758912162779 0.02420574886535549 0.05919442780412011
0 0.33571293494704996 0.17510235914670677 0.0559757942511347 0.0349785255206166
0 0.18064485627836613 0.1899009660977368 0.03328290468986387 0.09148229751545862
0 0.15416981845688352 0.23295145904618786 0.016641452344931935 0.02690655809278197
0 0.11861762481089258 0.3836281843657667 0.03933434190620271 0.032287869711338325
0 0.0755011346444781 0.32712441237092477 0.03479576399394858 0.02690655809278197
0 0.0316282148260212 0.3688295774147367 0.013615733736762517 0.018834590664947342
0 0.026333207261724674 0.5100890074018418 0.027231467473524968 0.04305049294845085
0 0.32361006051437213 0.6849816350049244 0.01664145234493188 0.037669181329894684
0 0.34025151285930405 0.6957442582420371 0.010590015128593087 0.03228786971133852
0 0.38185514372163387 0.5800460584430749 0.009077155824508269 0.016143934855668878
0 0.41589447806354013 0.6029166328219394 0.010590015128593033 0.01345327904639108
0 0.44463880484114976 0.6365498304379169 0.013615733736762456 0.03228786971133814
0 0.13374621785173982 0.5248876143528719 0.015128593040847222 0.013453279046390794
0 0.1715677004538578 0.4939450725461726 0.03328290468986387 0.037669181329894684
0 0.12315620272314676 1.4235666546517882 0.13615733736762475 0.2017991856958644
