0 0.15492624810892586 1.2701992735229315 0.14523449319213316 0.3793824691082253
0 0.014230332829046916 1.0589827924945932 0.030257186081694417 0.09148229751545862
0 0.16324697428139184 0.8491116393708942 0.04387291981845685 0.04305049294845123
0 0.26914712556732223 0.8692915579404805 0.037821482602118 0.04574114875772931
0 0.3727779878971256 0.9271406578399617 0.03933434190620271 0.0591944278041203
0 0.5172560514372163 0.9123420508889317 0.08320726172465956 0.13184213465463157
0 0.4370745083207262 0.6607657327214205 0.019667170953101408 0.037669181329894684
0 0.14433623298033285 0.6311685188193605 0.018154311649016645 0.03228786971133862
0 0.22376134644478063 0.5450675329224584 0.01361573373676243 0.037669181329894684
0 0.2676342662632375 0.6015713049173002 0.013615733736762456 0.02690655809278197
0 0.111053328290469 0.7858812278528566 0.021180030257186122 0.029597213902060056
