0 0.3205843419062027 0.8558382788940897 0.1195158850226929 0.06726639523195493
0 0.5331410741301059 1.014586971641503 0.03328290468986387 0.09955426494329307
0 0.10500189107413013 0.4939450725461726 0.03630862329803328 0.037669181329894684
0 0.11937405446293496 0.5262329422575108 0.013615733736762456 0.02690655809278197
0 0.14357980332829048 0.5894633537755485 0.031770045385779155 0.051122460376285477
0 0.25704425113464446 0.5517941724456539 0.019667170953101304 0.061885083613398575
0 0.18896558245083206 0.28407391942247356 0.0317700453857791 0.037669181329894684
0 0.06718040847201213 0.43340531683741335 0.024205748865355505 0.04035983713917296
0 0.01423033282904693 0.26523932875752615 0.027231467473524968 0.048431804567007394
0 0.05810325264750381 0.5934993374894658 0.018154311649016645 0.03228786971133842
0 0.08079614220877462 0.6432764699611123 0.012102874432677758 0.018834590664947342
0 0.09592473524962179 0.6688377001492551 0.02420574886535549 0.03228786971133852
0 0.16627269288956126 0.6567297490075035 0.016641452344931935 0.018834590664947245
0 0.30167360060514375 0.33788703560803746 0.021180030257186067 0.02690655809278197
