0 0.22527420574886534 1.4208759988425101 0.08018154311649019 0.056503771994842404
0 0.3833680030257186 0.9782631182162473 0.03933434190620271 0.04305049294845104
0 0.48472957639939485 0.9056154113657362 0.03328290468986376 0.032287869711338325
0 0.167785552193646 0.8787088532729542 0.02874432677760968 0.037669181329894684
0 0.34176437216338884 1.042838857638924 0.03479576399394852 0.032287869711338325
0 0.10954046898638428 0.44147728426524785 0.015128593040847169 0.029597213902060056
0 0.1655162632375189 0.23698744276010517 0.021180030257186094 0.024215902283503888
0 0.08457829046898639 0.14550514524464653 0.0317700453857791 0.05650377199484202
0 0.45825453857791226 0.18451965447918037 0.019667170953101408 0.04305049294845104
0 0.5036403177004539 0.179138342860624 0.022692889561270833 0.043050492948451015
0 0.5180124810892587 0.3338510518941202 0.02420574886535549 0.040359837139172766
0 0.5263332072617246 0.3849735122704058 0.019667170953101408 0.0349785255206166
0 0.24872352496217853 0.3809375285564885 0.018154311649016645 0.02690655809278197
0 0.24569780635400906 0.4239880215049395 0.024205748865355543 0.048431804567007394
0 0.300160741301059 0.317707117038451 0.018154311649016645 0.029597213902060243
0 0.4696009833585477 0.526232942257511 0.01815431164901659 0.037669181329894684
0 0.1806448562783661 0.5410315492085411 0.027231467473524968 0.04574114875772931
