0 0.02557677760968233 0.29752719846886455 0.04084720121028745 0.06457573942267665
0 0.021794629349470514 0.14819580105392482 0.018154311649016645 0.040359837139172766
0 0.039192511346444796 0.0257709617317669 0.013615733736762503 0.02690655809278197
0 0.06491111951588503 0.039224240778157886 0.010590015128593033 0.021525246474225424
0 0.08684757942511348 0.039224240778157886 0.015128593040847195 0.037669181329894684
0 0.14357980332829048 0.04460555239671443 0.01361573373676251 0.037669181329894684
0 0.2456978063540091 0.0890013732498045 0.012102874432677746 0.029597213902060056
0 0.2638521180030257 0.09707334067763915 0.0121028744326778 0.024215902283503888
0 0.17005484114977307 0.06882145468021804 0.012102874432677772 0.021525246474225615
0 0.10575832072617249 0.1899009660977367 0.019667170953101356 0.032287869711338325
0 0.20560703479576398 0.1791383428606241 0.01664145234493188 0.02690655809278197
0 0.30696860816944027 0.26658465666216524 0.010590015128593033 0.029597213902060056
0 0.4885117246596067 0.03787891287351884 0.013615733736762456 0.024215902283503506
0 0.5059096066565809 0.7522480302368791 0.027231467473524913 0.05919442780412011
