0 0.39168872919818454 0.6500031094843078 0.06505295007564296 0.0699570510412332
0 0.45069024205748864 0.8491116393708941 0.040847201210287426 0.0591944278041203
0 0.1276947806354009 0.8935074602239844 0.03328290468986384 0.07802901846906764
0 0.14660552193645993 1.1208678761079918 0.06505295007564298 0.0591944278041203
0 0.09743759455370653 0.43878662845596966 0.03630862329803328 0.029597213902060243
0 0.09214258698941 0.609643272345135 0.016641452344931935 0.03766918132989487
0 0.17988842662632376 0.6244418792961652 0.025718608169440254 0.04574114875772941
0 0.4635495461422087 0.7253414721440972 0.021180030257186067 0.037669181329894684
0 0.5195253403933435 0.6217512234868868 0.021180030257186067 0.040359837139172766
0 0.5112046142208775 0.4576212191209169 0.01664145234493188 0.018834590664947342
0 0.4181637670196672 0.0432602244920752 0.015128593040847222 0.04574114875772931
0 0.4983453101361573 0.2706206403760826 0.0574886535552193 0.05919442780412025
0 0.4975888804841149 0.4643478586441125 0.02874432677760957 0.04305049294845085
0 0.5460003782148262 0.4670385144533908 0.010590015128593033 0.02690655809278197
0 0.5217946293494704 0.5100890074018418 0.019667170953101408 0.03228786971133852
0 0.24267208774583965 0.5154703190203982 0.027231467473524968 0.03228786971133814
0 0.2842757186081694 0.4737651539765862 0.019667170953101356 0.040359837139172766
0 0.3440336611195159 0.48318244930905985 0.024205748865355543 0.03228786971133852
0 0.2411592284417549 0.4078440866492704 0.027231467473524968 0.032287869711338325
0 0.23056921331316188 0.43609597264669153 0.009077155824508323 0.0349785255206166
0 0.5021274583963691 0.6338591746286388 0.019667170953101408 0.026906558092782067
0 0.43329236006051436 0.9594285275513 0.02420574886535549 0.037669181329894684
0 0.016499621785173998 1.0105509879275858 0.03177004538577913 0.02690655809278197
0 0.09592473524962178 0.4925997446415335 0.024205748865355516 0.05112246037628586
0 0.13828479576399397 0.5450675329224584 0.021180030257186067 0.037669181329894684
0 0.15038767019667174 0.6190605676776086 0.024205748865355516 0.029597213902060056
0 0.011961043872919835 0.3594122820822631 0.022692889561270805 0.037669181329894684
0 0.14811838124054466 0.7145788489069844 0.019667170953101408 0.03228786971133852
0 0.05583396369137672 0.6150245839636915 0.016641452344931907 0.026906558092782067
0 0.3644572617246596 0.6594204048167815 0.02874432677760968 0.024215902283503413
0 0.21770990922844174 0.9836444298348038 0.02874432677760968 0.05919442780412011
