0 0.11256618759455371 0.3217431007523683 0.027231467473524968 0.03766918132989487
0 0.08987329803328291 0.30963514961061644 0.018154311649016645 0.018834590664947436
0 0.1450926626323752 0.27465662408999986 0.03479576399394858 0.029597213902060056
0 0.15341338880484115 0.24775006599721797 0.021180030257186067 0.018834590664947533
0 0.13374621785173976 0.08362006163124816 0.03025718608169439 0.07802901846906744
0 0.432535930408472 0.1266705545796992 0.04387291981845679 0.04574114875772931
0 0.5119610438729199 0.22891547533227063 0.02723146747352502 0.03497852552061641
0 0.33571293494704996 0.15223178476784205 0.03479576399394863 0.0591944278041203
0 0.3137764750378215 0.17779301495598498 0.01815431164901659 0.029597213902060243
0 0.3750472768532526 0.31232580541989463 0.03782148260211795 0.04035983713917296
0 0.08760400907715585 0.43205998893277414 0.02874432677760973 0.03228786971133814
0 0.2154406202723147 0.43878662845596966 0.018154311649016645 0.029597213902060243
