0 0.5407053706505295 0.6123339281544131 0.04841149773071098 0.09686360913401479
0 0.4635495461422088 0.43205998893277414 0.05143721633888051 0.04305049294845128
0 0.42194591527987896 0.4078440866492704 0.0317700453857791 0.032287869711338325
0 0.4794345688350984 0.4872184330229771 0.037821482602117894 0.04035983713917315
0 0.43102307110438726 0.8854354927961497 0.03479576399394858 0.05650377199484202
0 0.29184001512859303 0.8679462300358416 0.040847201210287475 0.032287869711338325
0 0.24872352496217853 0.6849816350049244 0.03933434190620271 0.037669181329894684
0 0.27065998487140697 0.6230965513915259 0.025718608169440254 0.026906558092781876
0 0.30243003025718607 0.6822909791956461 0.01664145234493188 0.021525246474225806
0 0.12164334341906204 0.8773635253683153 0.030257186081694375 0.05112246037628567
0 0.4158944780635401 0.9796084461208866 0.022692889561270833 0.05112246037628567
0 0.5482696671709532 0.5020170399740072 0.030257186081694445 0.0699570510412332
0 0.5558339636913767 0.4778011376905035 0.0121028744326778 0.03228786971133814
0 0.3750472768532526 0.5356502375899848 0.010590015128593033 0.018834590664947342
0 0.4105994704992436 0.484527777213699 0.015128593040847222 0.029597213902060243
0 0.47187027231467477 0.5208516306389546 0.007564296520423557 0.032287869711338325
0 0.18291414523449323 0.6500031094843078 0.02874432677760968 0.05919442780412011
0 0.042974659606656584 0.8114424580409996 0.018154311649016645 0.03228786971133814
0 0.010448184568835124 0.9782631182162475 0.019667170953101356 0.06457573942267665
0 0.29335287443267777 0.7791545883296612 0.022692889561270885 0.021525246474225424
0 0.32436649016641456 0.7710826209018264 0.024205748865355543 0.03228786971133852
0 0.4938067322239032 0.8558382788940898 0.02420574886535549 0.029597213902060056
0 0.5293589258698941 0.8329677045152251 0.013615733736762456 0.037669181329894684
0 0.3561365355521936 0.8598742626080068 0.02723146747352502 0.02690655809278197
0 0.4083301815431165 0.5773554026337967 0.01664145234493188 0.026906558092781876
0 0.4476645234493192 0.7118881930977061 0.013615733736762456 0.02690655809278197
0 0.4279973524962179 0.7912625394714131 0.013615733736762456 0.029597213902060056
0 0.48246028744326774 0.7764639325203828 0.01361573373676251 0.02690655809278197
