0 0.3236100605143722 1.3657175547523075 0.06505295007564296 0.1076262323711277
0 0.07398827534039334 1.056292136685315 0.040847201210287454 0.06995705104123301
0 0.1337462178517398 0.6136792560590523 0.039334341906202726 0.045741148757729215
0 0.3621879727685325 0.6244418792961649 0.03328290468986376 0.05650377199484202
0 0.48472957639939485 0.33250572398948103 0.027231467473524913 0.04305049294845104
0 0.5520518154311649 0.539686221303902 0.0317700453857791 0.02690655809278178
0 0.15795196671709533 0.3634482657961803 0.024205748865355543 0.024215902283503697
0 0.12542549167927383 0.46434785864411254 0.025718608169440202 0.03228786971133852
0 0.03692322239031772 0.3082898217059773 0.04236006051437216 0.04843180456700759
0 0.2222484871406959 0.10649063601011272 0.03177004538577907 0.06995705104123301
0 0.34554652042360057 0.2450594101879397 0.02723146747352502 0.03497852552061641
0 0.49683245083207267 0.19528227771629317 0.03630862329803329 0.05919442780412011
0 0.5278460665658095 0.29618187056422546 0.03782148260211805 0.05650377199484202
0 0.5202817700453858 0.34461367513123287 0.016641452344931987 0.0349785255206166
0 0.5036403177004538 0.3836281843657667 0.01664145234493188 0.032287869711338325
0 0.5225510590015128 0.4078440866492704 0.021180030257186174 0.032287869711338325
0 0.546000378214826 0.3647935937008193 0.007564296520423611 0.021525246474225615
0 0.5157431921331316 0.4549305633116388 0.019667170953101408 0.024215902283503506
0 0.5278460665658095 0.4710744981673081 0.016641452344931987 0.0349785255206166
0 0.5338975037821483 0.5248876143528718 0.01664145234493188 0.024215902283503888
0 0.432535930408472 0.5195063027343155 0.01664145234493188 0.013453279046391176
0 0.4484209531013616 0.5504488445410147 0.006051437216338792 0.02690655809278197
0 0.4658188350983359 0.5316142538760674 0.01664145234493188 0.02690655809278197
0 0.4552288199697428 0.5033623678786462 0.013615733736762456 0.018834590664947342
0 0.3795858547655068 0.4118800703631878 0.013615733736762456 0.029597213902060056
0 0.3689958396369138 0.34730433094051105 0.013615733736762456 0.03497852552061641
0 0.3425208018154311 0.32577908446628556 0.015128593040847169 0.0349785255206166
0 0.3099943267776097 0.2733112961853608 0.01664145234493188 0.03228786971133814
0 0.3220972012102874 0.35672162627298476 0.007564296520423611 0.01614393485566907
0 0.33041792738275344 0.3943908076028795 0.015128593040847222 0.021525246474225424
0 0.2918400151285931 0.3674842495100976 0.007564296520423664 0.01614393485566907
0 0.300160741301059 0.39170015179360135 0.009077155824508323 0.01614393485566907
0 0.40530446293494704 0.4683838423580298 0.016641452344931935 0.024215902283503888
0 0.34100794251134636 0.4643478586441125 0.018154311649016645 0.021525246474225424
0 0.31604576399394857 0.4872184330229772 0.016641452344931987 0.024215902283503888
0 0.32814863842662634 0.5060530236879245 0.013615733736762456 0.013453279046390794
0 0.3440336611195159 0.511434335306481 0.009077155824508376 0.013453279046390985
0 0.36067511346444786 0.5221969585435936 0.01815431164901659 0.018834590664947342
0 0.4295102118003026 0.637895158342556 0.01664145234493188 0.03497852552061641
0 0.4158944780635401 0.5558301561595711 0.016641452344931987 0.03228786971133852
0 0.12013048411497732 0.3109804775152555 0.015128593040847169 0.02690655809278197
