0 0.5036403177004539 1.2984511595203525 0.11649016641452342 0.13991410208246602
0 0.0 0.0 0.0 0.0
0 0.26082639939485625 0.344613675131233 0.054462934947049936 0.06188508361339838
0 0.31150718608169436 0.3177071170384509 0.02874432677760968 0.05650377199484202
0 0.26763426626323755 0.23160613114154882 0.046898638426626324 0.05112246037628586
0 0.24494137670196675 0.0782387500126918 0.040847201210287426 0.061885083613398575
0 0.14055408472012104 0.06478547096630081 0.046898638426626324 0.07264770685051128
0 0.09895045385779122 0.11052661972403002 0.03630862329803329 0.06188508361339838
0 0.09516830559757945 0.2813832636131953 0.040847201210287426 0.03766918132989483
0 0.12618192133131617 0.32712441237092466 0.024205748865355505 0.032287869711338325
0 0.21544062027231467 0.27062064037608263 0.021180030257186122 0.02690655809278178
0 0.43631807866868383 0.46972917026266886 0.018154311649016697 0.03228786971133814
0 0.5558339636913767 0.4482039237884434 0.0121028744326778 0.02690655809278197
0 0.33873865355521937 0.6217512234868868 0.02874432677760968 0.040359837139172766
0 0.31528933434190626 0.6042619607265785 0.021180030257186015 0.03228786971133852
0 0.11937405446293493 0.5948446653941049 0.019667170953101356 0.013453279046391176
0 0.08684757942511348 0.6217512234868868 0.02420574886535549 0.040359837139172766
0 0.058103252647503795 0.6405858141518341 0.024205748865355498 0.024215902283503413
0 0.07474470499243574 0.5706287631106011 0.018154311649016645 0.024215902283503888
0 0.05053895612708019 0.5854273700616311 0.018154311649016645 0.03228786971133852
0 0.4340487897125567 0.5639021235874058 0.019667170953101304 0.037669181329894684
