0 0.25477496217851736 1.4962143615022996 0.11195158850226926 0.12107951141751887
0 0.14660552193645993 0.9728818065976911 0.049924357034795745 0.06995705104123301
0 0.19879916792738278 0.8114424580409995 0.05748865355521936 0.059194427804120486
0 0.15114409984871405 0.5894633537755485 0.08018154311649016 0.1533673811288572
0 0.35991868381240544 0.8773635253683153 0.040847201210287475 0.05112246037628567
0 0.308481467473525 0.8222050812781123 0.03479576399394852 0.06995705104123301
0 0.5074224659606656 0.6257872072008043 0.05143721633888051 0.04305049294845133
0 0.48170385779122543 0.5020170399740072 0.021180030257186067 0.03228786971133852
0 0.4718702723146747 0.7266868000487364 0.019667170953101408 0.04574114875772931
0 0.33949508320726174 0.5571754840642101 0.02723146747352502 0.05112246037628586
0 0.036166792738275354 0.5423768771131802 0.022692889561270833 0.04305049294845123
