0 0.4446388048411498 0.9244500020306835 0.052950075642965166 0.06457573942267665
0 0.41740733736762486 0.4064987587446313 0.03479576399394852 0.05112246037628567
0 0.2366206505295008 0.36613892160545847 0.015128593040847222 0.024215902283503888
0 0.12618192133131617 0.5221969585435938 0.024205748865355505 0.029597213902060056
0 0.16929841149773073 0.43609597264669137 0.019667170953101356 0.024215902283503697
0 0.10651475037821483 0.5450675329224581 0.015128593040847209 0.02690655809278197
0 0.1239126323751891 0.5787007305384356 0.010590015128593033 0.018834590664947342
0 0.21544062027231467 0.30156318218278183 0.036308623298033235 0.024215902283503888
0 0.24947995461422087 0.08765604534516547 0.016641452344931935 0.02690655809278197
0 0.28124999999999994 0.165685063814233 0.01361573373676251 0.021525246474225615
0 0.38185514372163387 0.165685063814233 0.02420574886535549 0.021525246474225615
0 0.4612802571860817 0.09303735696372184 0.019667170953101408 0.021525246474225424
0 0.48321671709531017 0.12801588248433832 0.02420574886535549 0.02690655809278178
0 0.45825453857791226 0.3526856425590675 0.019667170953101408 0.024215902283503506
0 0.5172560514372164 0.33116039608484193 0.016641452344931987 0.04035983713917296
0 0.32739220877458397 0.3257790844662856 0.018154311649016697 0.029597213902060243
0 0.3546236762481089 0.3244337565616465 0.030257186081694445 0.03228786971133852
0 0.3727779878971255 0.4064987587446313 0.012102874432677746 0.024215902283503697
0 0.22527420574886536 0.3809375285564885 0.010590015128593007 0.021525246474225424
0 0.2525056732223903 0.4226426936003005 0.010590015128593033 0.013453279046390843
0 0.26612140695915276 0.4132253982678268 0.010590015128593033 0.021525246474225424
0 0.25553139183055973 0.442822612169887 0.0045385779122541344 0.021525246474225615
0 0.27065998487140697 0.47376515397658614 0.019667170953101408 0.024215902283503506
0 0.2547749621785174 0.5060530236879245 0.021180030257186067 0.04035983713917315
0 0.24040279878971257 0.46165720283483436 0.007564296520423611 0.01614393485566907
0 0.2298127836611195 0.5800460584430748 0.007564296520423557 0.021525246474225712
0 0.3750472768532526 0.49798105626008987 0.010590015128593033 0.04574114875772931
0 0.3932015885022692 0.4576212191209169 0.007564296520423611 0.018834590664947342
0 0.3705086989409985 0.36210293789154113 0.013615733736762456 0.01614393485566926
0 0.5316282148260212 0.41322539826782684 0.0242057488653556 0.04305049294845123
0 0.5444875189107412 0.34595900303587207 0.010590015128593033 0.02690655809278197
0 0.5210381996974282 0.28810990313639084 0.009077155824508376 0.00807196742783463
0 0.5338975037821483 0.3002178542781427 0.010590015128593033 0.01614393485566907
0 0.43858736762481093 0.24505941018793978 0.01361573373676251 0.00807196742783463
0 0.4665752647503782 0.20739022885804512 0.009077155824508376 0.018834590664947342
0 0.3984965960665658 0.04998686401527069 0.012102874432677692 0.021525246474225615
0 0.09441187594553707 0.4818371214044207 0.024205748865355557 0.024215902283503697
0 0.23132564296520425 0.2786926078039172 0.016641452344931907 0.03228786971133852
