0 0.21770990922844174 1.2971058316157134 0.049924357034795745 0.0941729533247369
0 0.3440336611195159 0.4993263841647289 0.030257186081694445 0.06457573942267665
0 0.014230332829046916 0.4360959726466914 0.030257186081694417 0.05112246037628591
0 0.5036403177004539 0.7603199976647138 0.022692889561270833 0.03228786971133852
0 0.05961611195158851 0.5127796632111199 0.02723146747352492 0.037669181329894684
0 0.13979765506807867 0.4172613819817442 0.009077155824508295 0.0349785255206166
0 0.15568267776096825 0.4845277772136989 0.007564296520423611 0.018834590664947342
0 0.24342851739788202 0.4441679400745261 0.001512859304084765 0.018834590664947342
0 0.2691471255673222 0.4589665470255561 0.010590015128593033 0.03228786971133814
0 0.28730143721633894 0.33250572398948114 0.019667170953101304 0.037669181329894684
0 0.30167360060514375 0.34730433094051116 0.015128593040847222 0.024215902283503888
0 0.30394288956127086 0.4334053168374133 0.010590015128593033 0.018834590664947533
0 0.514230332829047 0.3647935937008193 0.010590015128593033 0.021525246474225615
0 0.514230332829047 0.33385105189412007 0.016641452344931987 0.024215902283503697
0 0.5021274583963691 0.2867645752317517 0.013615733736762456 0.032287869711338325
0 0.5384360816944025 0.3002178542781427 0.010590015128593033 0.021525246474225615
0 0.5528082450832073 0.3647935937008193 0.018154311649016645 0.03766918132989487
0 0.3508415279878971 0.344613675131233 0.016641452344931987 0.029597213902060243
0 0.384124432677761 0.36748424951009756 0.013615733736762456 0.010762623237112712
0 0.38866301059001507 0.39708146341215766 0.01664145234493188 0.026906558092781734
0 0.38261157337367624 0.4172613819817441 0.013615733736762456 0.024215902283503746
0 0.36748298033282906 0.43609597264669137 0.010590015128593033 0.024215902283503697
0 0.22754349470499244 0.5087436794972028 0.006051437216338819 0.018834590664947342
0 0.24569780635400906 0.4764558097858642 0.009077155824508323 0.018834590664947342
0 0.25023638426626327 0.5477581887317365 0.012102874432677746 0.021525246474225424
0 0.26763426626323744 0.49663572835545094 0.007564296520423611 0.01614393485566907
0 0.2774678517397882 0.5221969585435938 0.015128593040847115 0.00807196742783463
0 0.3130200453857791 0.484527777213699 0.010590015128593033 0.029597213902060243
0 0.30696860816944027 0.5544848282549322 0.0045385779122541344 0.018834590664947342
0 0.3795858547655068 0.5033623678786462 0.013615733736762456 0.018834590664947342
0 0.4007658850226929 0.47107449816730806 0.013615733736762456 0.018834590664947342
0 0.4037916036308623 0.5060530236879245 0.007564296520423504 0.013453279046390794
0 0.432535930408472 0.4764558097858642 0.010590015128593033 0.018834590664947342
0 0.5021274583963691 0.4845277772136989 0.007564296520423611 0.018834590664947342
0 0.5195253403933434 0.4576212191209169 0.006051437216338953 0.018834590664947342
0 0.5520518154311649 0.4078440866492704 0.010590015128593033 0.032287869711338325
