0 0.13450264750378216 1.141047794677578 0.04084720121028744 0.07264770685051128
0 0.3659701210287443 0.49394507254617254 0.03479576399394858 0.05381311618556394
0 0.4075737518910741 0.5423768771131802 0.03328290468986387 0.059194427804120486
0 0.28427571860816947 0.6002259770126614 0.03479576399394863 0.05650377199484212
0 0.1753498487140696 0.46165720283483425 0.022692889561270833 0.02690655809278197
0 0.11937405446293495 0.43475064474205244 0.037821482602118 0.037669181329894684
0 0.020281770045385786 0.17106637543278946 0.03025718608169436 0.04305049294845123
0 0.1428233736762481 0.2383327706647442 0.03025718608169439 0.02690655809278197
0 0.10575832072617249 0.30290851008742087 0.037821482602117984 0.02690655809278197
0 0.18064485627836613 0.3311603960848419 0.021180030257186042 0.029597213902060056
0 0.17459341906202722 0.2921458868503081 0.021180030257186067 0.03228786971133814
0 0.2169534795763994 0.16703039171887216 0.021180030257186067 0.024215902283503888
0 0.27444213313161875 0.1616490801003157 0.015128593040847222 0.024215902283503697
0 0.3160457639939486 0.12936121038897738 0.013615733736762456 0.013453279046390985
0 0.39320158850226933 0.03787891287351884 0.013615733736762564 0.024215902283503506
0 0.4204330559757942 0.03787891287351884 0.01361573373676251 0.024215902283503506
0 0.44463880484114976 0.0432602244920752 0.019667170953101304 0.029597213902060056
0 0.43556164901664146 0.0742027662987744 0.01059001512859298 0.03228786971133834
0 0.44766452344931923 0.19124629400237586 0.02571860816944031 0.029597213902060056
0 0.45144667170953107 0.2450594101879398 0.012102874432677746 0.024215902283503888
0 0.47187027231467477 0.27869260780391714 0.013615733736762564 0.021525246474225424
0 0.41892019667170954 0.18721031028845853 0.01664145234493188 0.037669181329894684
0 0.41892019667170954 0.1549224405771202 0.01664145234493188 0.037669181329894684
0 0.4143816187594554 0.12936121038897738 0.013615733736762564 0.024215902283503697
0 0.06037254160363087 0.5827367142523528 0.025718608169440202 0.02690655809278197
0 0.11029689863842664 0.526232942257511 0.022692889561270833 0.037669181329894684
0 0.12845121028744327 0.5692834352059619 0.025718608169440254 0.037669181329894684
0 0.13374621785173982 0.5934993374894658 0.015128593040847222 0.03228786971133842
0 0.04524394856278367 0.6540390931982252 0.025718608169440254 0.04035983713917315
0 0.18140128593040847 0.6957442582420371 0.019667170953101328 0.03228786971133852
0 0.23208207261724662 0.37824687274721036 0.024205748865355543 0.032287869711338325
0 0.23510779122541603 0.3365417077033982 0.009077155824508349 0.018834590664947342
0 0.22678706505295007 0.30425383799205996 0.013615733736762456 0.024215902283503697
0 0.2585571104387292 0.26120334504360887 0.022692889561270833 0.0349785255206166
0 0.2827628593040847 0.22891547533227055 0.016641452344931987 0.018834590664947342
0 0.33420007564296517 0.24640473809257882 0.01664145234493188 0.03228786971133814
0 0.33873865355521937 0.20604490095340589 0.013615733736762564 0.0
0 0.3561365355521936 0.1899009660977367 0.02723146747352502 0.032287869711338325
0 0.39698373676248117 0.2988725263735037 0.027231467473524968 0.06726639523195493
0 0.14055408472012101 0.3217431007523683 0.007564296520423584 0.021525246474225615
0 0.17837556732223905 0.36479359370081943 0.016641452344931935 0.02690655809278197
0 0.25553139183055973 0.40918941455390956 0.03782148260211795 0.0349785255206166
0 0.26914712556732223 0.4118800703631877 0.016641452344931987 0.024215902283503697
0 0.27595499243570343 0.43609597264669137 0.018154311649016645 0.024215902283503697
0 0.2525056732223903 0.45493056331163884 0.01664145234493188 0.013453279046391176
0 0.26309568835098335 0.4778011376905035 0.010590015128593033 0.021525246474225806
0 0.28124999999999994 0.4872184330229772 0.01361573373676251 0.013453279046390794
0 0.32739220877458397 0.4253333494095787 0.030257186081694337 0.045741148757729125
0 0.3629444024205749 0.415916054077105 0.03479576399394852 0.04305049294845104
0 0.29864788199697423 0.6526937652935859 0.02723146747352502 0.037669181329894684
0 0.34781580937972767 0.6796003233863679 0.037821482602118 0.05381311618556394
0 0.35613653555219366 0.6284778630100821 0.006051437216338846 0.02690655809278197
0 0.3183150529500756 0.5867726979662703 0.015128593040847222 0.018834590664947342
0 0.32209720121028745 0.5679381073013229 0.013615733736762456 0.018834590664947342
0 0.32209720121028745 0.5221969585435936 0.013615733736762456 0.018834590664947342
0 0.16778555219364602 0.13474252200753384 0.016641452344931907 0.013453279046390794
0 0.300160741301059 0.28945523104103 0.024205748865355543 0.04305049294845104
0 0.32739220877458397 0.3419230193219547 0.018154311649016697 0.024215902283503697
0 0.2714164145234493 0.33250572398948114 0.021180030257186067 0.037669181329894684
0 0.52482034795764 0.17106637543278938 0.016641452344931987 0.021525246474225615
0 0.24645423600605143 0.5544848282549322 0.01664145234493196 0.018834590664947342
0 0.2721728441754917 0.5639021235874055 0.004538577912254081 0.010762623237112712
0 0.41286875945537066 0.4266786773142178 0.013615733736762456 0.01614393485566926
0 0.39017586989409986 0.38766416807968407 0.019667170953101408 0.018834590664947342
0 0.4000094553706505 0.4710744981673081 0.0121028744326778 0.0349785255206166
0 0.5066660363086233 0.4118800703631878 0.016641452344931987 0.029597213902060056
0 0.5293589258698941 0.37959220065184934 0.013615733736762456 0.013453279046390985
0 0.4090866111951589 0.5854273700616311 0.018154311649016645 0.03228786971133852
0 0.4272409228441755 0.5544848282549322 0.012102874432677692 0.018834590664947342
0 0.4378309379727685 0.6217512234868868 0.021180030257186067 0.051122460376285955
0 0.17837556732223905 0.7186148326209019 0.016641452344931935 0.013453279046390794
0 0.18972201210287445 0.7509027023322402 0.003025718608169396 0.013453279046391176
0 0.17308055975794254 0.7562840139507965 0.006051437216338873 0.013453279046390794
0 0.1851834341906203 0.6634563885306988 0.015128593040847169 0.01614393485566907
0 0.17761913767019666 0.24371408228330066 0.012102874432677718 0.010762623237112903
0 0.2320820726172466 0.2033542451441278 0.018154311649016618 0.021525246474225424
0 0.22527420574886536 0.2544767055204134 0.010590015128593007 0.021525246474225615
0 0.367482980332829 0.07689342210805267 0.022692889561270725 0.03766918132989487
0 0.548269667170953 0.41457072617246593 0.009077155824508269 0.024215902283503697
0 0.10197617246596068 0.6661470443399772 0.02420574886535553 0.03766918132989459
