0 0.4544723903177004 0.9204140183167662 0.054462934947049936 0.04574114875772931
0 0.4748959909228442 0.9648098391698565 0.040847201210287475 0.04305049294845123
0 0.5278460665658093 0.6607657327214206 0.05900151285930412 0.07533836265978937
0 0.42875378214826015 0.5316142538760672 0.018154311649016645 0.037669181329894684
0 0.21619704992435704 0.44685859588380417 0.046898638426626324 0.04574114875772931
0 0.29486573373676256 0.5760100747291576 0.03479576399394852 0.05112246037628586
0 0.4582545385779122 0.414570726172466 0.03479576399394858 0.07802901846906764
0 0.5104481845688351 0.36075760998690215 0.030257186081694445 0.040359837139172766
0 0.49985816944024203 0.27869260780391725 0.02420574886535549 0.043050492948450994
0 0.4718702723146747 0.21142621257196234 0.019667170953101408 0.06457573942267647
0 0.44388237518910745 0.24640473809257882 0.027231467473524968 0.037669181329894684
0 0.4000094553706505 0.10918129181939099 0.021180030257186174 0.032287869711338325
0 0.1806448562783661 0.09841866858227818 0.03025718608169439 0.048431804567007394
0 0.2358642208774584 0.31770711703845106 0.016641452344931935 0.04574114875772931
0 0.2714164145234493 0.3419230193219547 0.021180030257186067 0.024215902283503697
0 0.2048506051437216 0.261203345043609 0.018154311649016645 0.029597213902060243
0 0.3251229198184569 0.25447670552041346 0.025718608169440254 0.048431804567007394
0 0.3145329046898639 0.28003793570855634 0.019667170953101356 0.029597213902060243
0 0.04675680786686841 0.34057769141731564 0.037821482602118 0.03766918132989487
0 0.09895045385779122 0.2517860497111353 0.021180030257186067 0.032287869711338325
0 0.4544723903177004 0.28272859151783436 0.03328290468986387 0.04035983713917296
0 0.4499338124054463 0.3244337565616465 0.02420574886535549 0.03228786971133852
0 0.5006145990922845 0.38228285646112764 0.01664145234493188 0.024215902283503697
0 0.5301153555219364 0.4616572028348342 0.02723146747352502 0.048431804567007394
0 0.4181637670196672 0.4051534308399922 0.024205748865355543 0.04843180456700744
0 0.33420007564296517 0.42936933312349584 0.01664145234493188 0.03766918132989473
0 0.33344364599092285 0.9675004949791347 0.030257186081694445 0.04843180456700759
0 0.12542549167927383 0.7885718836621348 0.02269288956127079 0.040359837139172766
0 0.0792832829046899 0.5517941724456538 0.027231467473524968 0.04035983713917315
0 0.39168872919818454 0.16972104752815043 0.02874432677760968 0.04574114875772931
0 0.5467568078668684 0.8437303277523378 0.033282904689863974 0.08071967427834592
0 0.18215771558245084 1.0576374645899542 0.021180030257186067 0.061885083613398575
