0 0.07020612708018155 0.7051615535745108 0.02420574886535549 0.0349785255206166
0 0.021038199697428157 0.6849816350049241 0.022692889561270777 0.02690655809278197
0 0.24947995461422087 0.695744258242037 0.031770045385779155 0.04843180456700759
0 0.08760400907715583 0.37286556112865393 0.022692889561270777 0.02690655809278178
0 0.4764088502269289 0.2786926078039172 0.031770045385779044 0.037669181329894684
0 0.45447239031770037 0.21815285209515783 0.04236006051437219 0.051122460376285477
0 0.46203668683812404 0.19393694981165402 0.027231467473524968 0.04035983713917296
0 0.3349565052950076 0.3257790844662856 0.021180030257186067 0.029597213902060243
0 0.30469931921331317 0.2504407218064962 0.021180030257186067 0.029597213902060056
0 0.3342000756429652 0.24371408228330066 0.022692889561270833 0.04843180456700759
0 0.2857885779122542 0.43205998893277414 0.0317700453857791 0.04305049294845128
0 0.224517776096823 0.27734727989927815 0.024205748865355543 0.040359837139172766
0 0.5006145990922845 0.43878662845596966 0.01664145234493188 0.029597213902060243
