0 0.4748959909228441 0.902924755556458 0.052950075642965166 0.15067672531957893
0 0.41286875945537066 0.5450675329224585 0.09833585476550673 0.16682066017524808
0 0.38715015128593044 0.5679381073013229 0.046898638426626324 0.05650377199484202
0 0.09970688350983362 0.08092940582196997 0.025718608169440244 0.029597213902060243
0 0.09138615733736763 0.15357711267248117 0.015128593040847169 0.024215902283503888
0 0.29713502269288955 0.27734727989927804 0.0242057488653556 0.024215902283503697
0 0.27368570347957644 0.22622481952299237 0.013615733736762564 0.013453279046390985
0 0.32209720121028745 0.2208435079044361 0.013615733736762456 0.018834590664947342
0 0.33722579425113464 0.29080055894566903 0.016641452344931987 0.04035983713917296
0 0.4015223146747352 0.15626776848175933 0.024205748865355543 0.024215902283503697
0 0.4529595310136157 0.24102342647402247 0.02420574886535549 0.03228786971133852
0 0.4953195915279879 0.18048367076526314 0.027231467473524913 0.0349785255206166
0 0.5497825264750378 0.07016678258485717 0.021180030257186067 0.024215902283503888
0 0.5074224659606656 0.0432602244920753 0.018154311649016645 0.03497852552061641
