0 0.2411592284417549 0.7993345068992476 0.06656580937972763 0.045741148757729125
0 0.24191565809379725 0.6123339281544132 0.05900151285930407 0.0699570510412333
0 0.4348052193645991 0.9701911507884129 0.03328290468986376 0.05381311618556394
0 0.27746785173978816 0.9769177903116083 0.021180030257186122 0.029597213902060243
0 0.2449413767019667 1.2957605037110742 0.059001512859304016 0.09148229751545862
0 0.17308055975794248 0.7078522093837891 0.03630862329803326 0.04574114875772931
0 0.06869326777609683 0.41591605407710514 0.02420574886535549 0.037669181329894684
0 0.19501701966717097 0.2316061311415488 0.02874432677760968 0.0349785255206166
0 0.03314107413010592 0.46972917026266886 0.06807866868381242 0.08610098589690209
0 0.09895045385779126 0.5289235980667891 0.027231467473524968 0.04305049294845085
0 0.05659039334341907 0.29080055894566914 0.03025718608169439 0.083410330087624
0 0.05432110438729199 0.5840820421569922 0.016641452344931886 0.024215902283503506
0 0.09970688350983362 0.6432764699611124 0.01361573373676247 0.04574114875772931
0 0.1276947806354009 0.5988806491080221 0.018154311649016645 0.021525246474225712
