0 0.25174924357034795 0.8975434439379015 0.07261724659606653 0.10224492075257134
0 0.3319307866868382 1.126249187726548 0.08169440242057485 0.12377016722679696
0 0.06264183055975796 0.72130548843018 0.060514372163388834 0.09417295332473671
0 0.12693835098335857 0.31770711703845106 0.025718608169440268 0.04574114875772931
0 0.18140128593040847 0.059404159347744456 0.02874432677760968 0.06726639523195474
0 0.16475983358547652 0.16299440800495485 0.019667170953101356 0.04305049294845123
0 0.27822428139183053 0.21546219628587965 0.013615733736762456 0.03497852552061641
0 0.3402515128593041 0.22084350790443602 0.022692889561270885 0.029597213902060243
0 0.47413956127080187 0.26389400085288706 0.02723146747352486 0.04035983713917296
0 0.4257280635400908 0.4280240052188569 0.030257186081694337 0.05112246037628567
0 0.5384360816944025 0.45223990750236054 0.016641452344931987 0.029597213902060056
0 0.1897220121028744 0.35403097046370663 0.012102874432677772 0.04305049294845104
0 0.28427571860816947 0.3271244123709246 0.02874432677760968 0.037669181329894684
0 0.23208207261724662 0.4535852354069997 0.024205748865355543 0.032287869711338325
0 0.34252080181543115 0.414570726172466 0.02723146747352502 0.03497852552061641
0 0.15568267776096822 0.5195063027343155 0.019667170953101356 0.024215902283503506
0 0.15946482602118003 0.5921540095848268 0.021180030257186122 0.018834590664947342
