0 0.18322568389057753 1.1854415709593844 0.0364741641337386 0.037840925317720916
0 0.09431990881458967 0.23401259154239987 0.04103343465045592 0.05946431121356147
0 0.41422872340425543 0.9921825595153094 0.027355623100303875 0.04594969502866107
0 0.49477583586626145 1.00840009893719 0.0243161094224924 0.06216723445054157
0 0.5000949848024318 0.8962287846025171 0.04103343465045587 0.037840925317720916
0 0.4583016717325229 0.7867603935048242 0.021276595744680816 0.03513800208074087
0 0.4263867781155016 0.7529738530425732 0.024316109422492346 0.027029232369800517
0 0.24705547112462012 0.6759405407886413 0.02735562310030401 0.02973215560678076
0 0.03732902735562313 0.896228784602517 0.04863221884498483 0.054058464739601415
0 0.16422872340425534 1.0746217182432019 0.05623100303951368 0.048652618265640935
0 0.023651215805471134 1.0962451041390424 0.03951367781155013 0.08108769710940213
0 0.19386398176291794 0.8421703198629156 0.030395136778115513 0.032435078843761005
