0 0.30469931921331317 0.7091975372884282 0.027231467473524913 0.04305049294845123
0 0.34479009077155826 0.6567297490075032 0.04084720121028737 0.04574114875772931
0 0.45749810892586984 0.6580750769121423 0.03328290468986387 0.04305049294845104
0 0.3886630105900151 0.9594285275513001 0.022692889561270833 0.05381311618556394
0 0.39698373676248105 1.0374575460203677 0.021180030257186067 0.0591944278041203
0 0.4627931164901664 1.0105509879275856 0.03782148260211805 0.06995705104123301
0 0.4885117246596067 0.958083199646661 0.019667170953101304 0.04035983713917296
0 0.4181637670196672 0.6257872072008043 0.02723146747352502 0.04305049294845133
0 0.516499621785174 0.7441760628090445 0.027231467473524913 0.09148229751545862
0 0.06264183055975793 0.7710826209018264 0.03933434190620271 0.09686360913401479
0 0.254018532526475 0.2975271984688645 0.040847201210287426 0.05381311618556394
0 0.4423695158850227 0.51277966321112 0.030257186081694445 0.02690655809278197
0 0.4665752647503782 0.09438268486836096 0.03630862329803329 0.04035983713917296
0 0.5104481845688351 0.08227473372660901 0.0242057488653556 0.08610098589690227
0 0.5127174735249621 0.14819580105392471 0.019667170953101408 0.05112246037628567
0 0.4635495461422088 0.21680752419051869 0.036308623298033235 0.0591944278041203
0 0.52482034795764 0.3419230193219547 0.016641452344931987 0.024215902283503697
0 0.5127174735249621 0.386318840175045 0.013615733736762456 0.01614393485566907
0 0.5399489409984871 0.3917001517936012 0.019667170953101408 0.037669181329894635
0 0.4279973524962179 0.2006635893348495 0.019667170953101304 0.02690655809278197
0 0.3606751134644478 0.21949817999979687 0.02420574886535549 0.02690655809278197
0 0.2358642208774584 0.22218883580907506 0.010590015128593061 0.04305049294845106
0 0.21014561270801815 0.3432683472265938 0.037821482602118026 0.13453279046390942
0 0.13828479576399397 0.06882145468021804 0.033282904689863814 0.0591944278041203
0 0.01649962178517398 0.07554809420341352 0.03479576399394855 0.05650377199484202
0 0.08230900151285933 0.32712441237092466 0.027231467473524968 0.04843180456700759
0 0.04524394856278367 0.37824687274721036 0.019667170953101408 0.032287869711338325
0 0.09743759455370651 0.4778011376905035 0.033282904689863856 0.04305049294845123
0 0.11029689863842665 0.415916054077105 0.01664145234493188 0.032287869711338325
0 0.12920763993948564 0.38900949598432316 0.012102874432677746 0.02690655809278197
0 0.15038767019667174 0.43878662845596966 0.018154311649016645 0.029597213902060243
0 0.1602212556732224 0.4912544167368945 0.016641452344931935 0.03228786971133852
0 0.23888993948562784 0.44954925169308246 0.01664145234493196 0.024215902283503888
0 0.2562878214826021 0.4091894145539095 0.018154311649016645 0.029597213902060056
0 0.23888993948562784 0.32981506818020284 0.01664145234493196 0.03228786971133814
0 0.2910835854765507 0.4186067098863832 0.021180030257186067 0.02690655809278197
0 0.28730143721633894 0.485873105118338 0.019667170953101304 0.03766918132989487
0 0.3160457639939486 0.4899090888322554 0.013615733736762456 0.018834590664947342
0 0.4037916036308623 0.44282261216988694 0.019667170953101356 0.03766918132989487
0 0.3826115733736763 0.41322539826782684 0.019667170953101408 0.02690655809278197
0 0.3417643721633888 0.35537629836834567 0.019667170953101464 0.024215902283503697
