0 0.4189201966717095 0.8544929509894506 0.08623298033282903 0.09686360913401498
0 0.497588880484115 0.7885718836621348 0.03782148260211795 0.05112246037628586
0 0.18745272314674735 0.5195063027343155 0.1195158850226929 0.2017991856958646
0 0.033141074130105926 0.9621191833605782 0.06505295007564296 0.07533836265978937
0 0.3342000756429652 0.9365579531724355 0.049924357034795745 0.06726639523195474
0 0.3629444024205749 0.9930617251672775 0.03479576399394852 0.05650377199484202
0 0.45825453857791226 1.017277627450781 0.06202723146747354 0.07264770685051128
0 0.2615828290468986 0.9163780346028491 0.046898638426626296 0.07533836265978956
0 0.04373108925869896 1.141047794677578 0.022692889561270833 0.040359837139172766
0 0.5043967473524962 0.9500112322188264 0.02420574886535549 0.05650377199484202
0 0.44388237518910745 0.7778092604250219 0.027231467473524968 0.04574114875772931
0 0.5293589258698941 0.4414772842652479 0.046898638426626324 0.07802901846906764
0 0.37958585476550677 0.7307227837626538 0.019667170953101304 0.037669181329894684
0 0.39698373676248105 0.92983131364924 0.021180030257186067 0.04843180456700759
0 0.44161308623298035 0.9473205764095481 0.013615733736762456 0.0349785255206166
0 0.021038199697428143 1.071090743636345 0.02874432677760965 0.05112246037628567
0 0.21770990922844177 0.07285743839413536 0.037821482602118026 0.08341033008762419
0 0.3614315431164901 1.1329758272497437 0.022692889561270833 0.05112246037628567
