0 0.1072711800302572 0.6459671257703905 0.14674735249621787 0.11569819979896251
0 0.23359493192133132 0.8491116393708943 0.05446293494704988 0.06995705104123301
0 0.4257280635400908 0.8316223766105858 0.030257186081694337 0.04574114875772931
0 0.43631807866868383 1.013241643736864 0.03630862329803318 0.04843180456700759
0 0.09516830559757945 0.3970814634121578 0.01664145234493192 0.037669181329894684
0 0.25553139183055973 0.3257790844662856 0.022692889561270725 0.029597213902060243
0 0.29789145234493186 0.30425383799205996 0.025718608169440254 0.04035983713917296
0 0.39017586989409986 0.25044072180649607 0.013615733736762402 0.024215902283503697
0 0.5233074886535551 0.2006635893348495 0.013615733736762456 0.02690655809278197
0 0.43631807866868383 0.3284697402755638 0.018154311649016697 0.029597213902060056
0 0.394714447806354 0.36479359370081943 0.01059001512859314 0.010762623237112712
0 0.45371596066565817 0.3674842495100975 0.01361573373676251 0.02690655809278197
0 0.3296614977307111 0.36075760998690215 0.01361573373676251 0.0349785255206166
0 0.32209720121028745 0.3809375285564885 0.013615733736762456 0.021525246474225424
0 0.2797371406959152 0.38093752855648855 0.010590015128593033 0.010762623237112712
0 0.308481467473525 0.34730433094051116 0.007564296520423557 0.00807196742783463
0 0.2767114220877458 0.45223990750236054 0.01664145234493188 0.029597213902060056
0 0.26158282904689867 0.4145707261724659 0.01059001512859298 0.018834590664947342
0 0.4764088502269289 0.4051534308399922 0.01664145234493188 0.02690655809278197
0 0.39320158850226933 0.3203977728477292 0.013615733736762564 0.024215902283503888
0 0.36899583963691374 0.2840739194224736 0.007564296520423611 0.01614393485566907
0 0.3493286686838124 0.29214588685030807 0.013615733736762564 0.021525246474225615
0 0.12013048411497732 0.4522399075023607 0.012102874432677758 0.018834590664947342
0 0.14660552193645993 0.5006717120693681 0.010590015128593033 0.013453279046391176
0 0.1919913010590015 0.5248876143528718 0.013615733736762484 0.024215902283503888
0 0.3016736006051437 0.20873555676268415 0.012102874432677692 0.03228786971133814
0 0.514230332829047 0.13608784991217288 0.010590015128593033 0.02690655809278197
0 0.48321671709531017 0.44685859588380433 0.02420574886535549 0.029597213902060243
0 0.2562878214826021 0.5060530236879245 0.009077155824508323 0.013453279046390794
0 0.26839069591527986 0.5356502375899848 0.006051437216338846 0.018834590664947342
