0 0.09895045385779126 0.8222050812781122 0.027231467473524968 0.03228786971133814
0 0.14584909228441756 0.036533584968879804 0.015128593040847222 0.03228786971133852
0 0.5074224659606656 0.036533584968879804 0.018154311649016645 0.03228786971133852
0 0.5233074886535551 0.07016678258485717 0.013615733736762456 0.024215902283503888
0 0.32361006051437213 0.30963514961061644 0.010590015128593033 0.029597213902060056
0 0.32209720121028745 0.3473043309405111 0.019667170953101304 0.029597213902060056
0 0.4953195915279879 0.15761309638639848 0.021180030257186067 0.04305049294845123
0 0.5467568078668684 0.17510235914670677 0.021180030257186067 0.0349785255206166
0 0.5225510590015129 0.12263457086578197 0.0121028744326778 0.04305049294845104
0 0.1034890317700454 0.23026080323690967 0.021180030257186053 0.032287869711338325
