0 0.1360155068078669 0.6903629466234807 0.10136157337367625 0.16143934855669154
0 0.25931354009077157 0.38228285646112764 0.07866868381240548 0.09955426494329307
0 0.5051531770045385 0.401117447126075 0.06202723146747354 0.05112246037628567
0 0.5308717851739788 0.4226426936003005 0.0438729198184569 0.051122460376285477
0 0.14433623298033282 0.25447670552041335 0.06959152798789715 0.09686360913401498
0 0.1526569591527988 0.43205998893277425 0.03479576399394858 0.0591944278041203
0 0.29184001512859303 0.5665927793966838 0.03479576399394863 0.03228786971133852
0 0.4272409228441755 0.6378951583425558 0.03328290468986376 0.04574114875772931
0 0.45598524962178516 0.43205998893277414 0.018154311649016538 0.04305049294845128
0 0.19804273827534036 0.7979891789946084 0.028744326777609706 0.03228786971133852
0 0.22300491679273826 0.21546219628587965 0.054462934947049936 0.045741148757729125
0 0.47035741301059 0.150886456863203 0.03782148260211805 0.029597213902060243
0 0.5467568078668684 0.12263457086578189 0.033282904689863974 0.037669181329894684
0 0.4922938729198184 0.04056956868279702 0.054462934947049936 0.06188508361339838
0 0.5263332072617246 0.3351963797987592 0.019667170953101408 0.02690655809278197
0 0.5195253403933434 0.2760019519946389 0.021180030257186067 0.02690655809278197
0 0.49229387291981846 0.3351963797987592 0.021180030257186067 0.02690655809278197
0 0.46203668683812404 0.36613892160545847 0.027231467473524968 0.024215902283503888
0 0.4907810136157338 0.5168156469250375 0.02420574886535549 0.018834590664947342
0 0.5240639183055976 0.5181609748296764 0.030257186081694445 0.037669181329894684
0 0.5104481845688351 0.5423768771131802 0.030257186081694445 0.03228786971133814
0 0.5089353252647504 0.5719740910152402 0.021180030257186067 0.03766918132989478
0 0.45598524962178516 0.5154703190203982 0.018154311649016538 0.03228786971133814
0 0.46657526475037825 0.6728736838631725 0.01815431164901659 0.04035983713917315
0 0.4915374432677761 0.7697372929971874 0.019667170953101304 0.040359837139172766
0 0.48397314674735253 0.6217512234868867 0.010590015128593033 0.024215902283503603
0 0.4915374432677761 0.6943989303373982 0.013615733736762456 0.018834590664947342
0 0.367482980332829 0.5531395003502929 0.01664145234493188 0.03228786971133814
0 0.3810987140695915 0.5679381073013229 0.004538577912254242 0.018834590664947342
0 0.4037916036308623 0.5571754840642102 0.007564296520423504 0.024215902283503506
0 0.4257280635400908 0.5504488445410147 0.009077155824508323 0.02690655809278197
0 0.3304179273827534 0.6015713049173002 0.01815431164901659 0.02690655809278197
0 0.39698373676248105 0.722650816334819 0.021180030257186067 0.032287869711338325
0 0.35689296520423597 0.625787207200804 0.01664145234493188 0.032287869711338235
0 0.3803422844175492 0.6446217978657515 0.0060514372163389 0.03228786971133804
0 0.3984965960665658 0.6500031094843078 0.015128593040847222 0.03228786971133852
0 0.3039428895612708 0.6446217978657515 0.013615733736762456 0.03228786971133804
0 0.3160457639939486 0.6513484373889469 0.013615733736762456 0.029597213902060243
0 0.3326872163388805 0.7213054884301799 0.013615733736762456 0.029597213902060056
0 0.32739220877458397 0.7845358999482176 0.02420574886535549 0.03228786971133814
0 0.29940431164901665 0.7307227837626538 0.01664145234493188 0.037669181329894684
0 0.20863275340393345 0.6863269629095634 0.01361573373676251 0.040359837139172766
0 0.15795196671709533 0.8410396719430595 0.027231467473524992 0.02690655809278197
0 0.24494137670196672 0.5423768771131802 0.022692889561270833 0.03228786971133814
0 0.09592473524962178 0.2786926078039172 0.03025718608169439 0.037669181329894684
0 0.25401853252647505 0.029806945445684213 0.05295007564296522 0.040359837139172766
