0 0.44766452344931923 0.7401400790951272 0.040847201210287475 0.04574114875772931
0 0.40984304084720125 0.5316142538760674 0.019667170953101304 0.02690655809278197
0 0.4915374432677761 0.3903548238889622 0.019667170953101304 0.0349785255206166
0 0.2207356278366112 0.4172613819817441 0.019667170953101328 0.024215902283503746
0 0.24267208774583962 0.3567216262729848 0.009077155824508349 0.02690655809278197
0 0.40379160363086236 0.8141331138502778 0.040847201210287426 0.05381311618556394
0 0.3629444024205749 0.5033623678786462 0.013615733736762456 0.0349785255206166
0 0.3871501512859304 0.4993263841647289 0.013615733736762456 0.02690655809278197
0 0.4068173222390318 0.5006717120693681 0.019667170953101408 0.040359837139172766
0 0.10424546142208774 0.4751104818812254 0.013615733736762456 0.02690655809278197
0 0.1390412254160363 0.43609597264669137 0.013615733736762456 0.024215902283503697
0 0.2767114220877459 0.4845277772136989 0.013615733736762456 0.018834590664947342
0 0.11786119515885023 0.5571754840642102 0.019667170953101356 0.024215902283503506
0 0.13677193645990923 0.5612114677781274 0.009077155824508323 0.01614393485566907
0 0.15492624810892588 0.5854273700616311 0.027231467473524968 0.03228786971133852
0 0.1473619515885023 0.6621110606260596 0.015128593040847169 0.018834590664947342
0 0.3871501512859304 0.5316142538760674 0.013615733736762456 0.02690655809278197
0 0.5535646747352496 0.49394507254617254 0.019667170953101408 0.05381311618556394
