0 0.16929841149773073 0.3984267913167968 0.03479576399394858 0.040359837139172766
0 0.12315620272314677 0.2921458868503082 0.054462934947049936 0.19910852988658614
0 0.5225510590015129 0.3634482657961802 0.03328290468986387 0.0349785255206166
0 0.4121123298033283 0.8679462300358414 0.03630862329803334 0.0591944278041203
0 0.48170385779122543 0.7912625394714131 0.021180030257186067 0.04574114875772931
0 0.4885117246596066 0.41322539826782684 0.007564296520423611 0.02690655809278197
0 0.514230332829047 0.41995203779102236 0.016641452344931987 0.029597213902060243
0 0.5399489409984871 0.41053474245854865 0.019667170953101408 0.02690655809278178
0 0.4839731467473525 0.34999498674978935 0.03782148260211805 0.04035983713917296
0 0.514230332829047 0.31232580541989463 0.016641452344931987 0.03497852552061641
0 0.5240639183055976 0.16972104752815034 0.018154311649016645 0.018834590664947533
0 0.546000378214826 0.0432602244920752 0.03177004538577921 0.04574114875772931
0 0.5036403177004539 0.04998686401527079 0.022692889561270833 0.048431804567007394
0 0.4885117246596067 0.16433973590959397 0.013615733736762456 0.04035983713917296
0 0.28957072617246593 0.2585126892343308 0.030257186081694497 0.0349785255206166
0 0.2585571104387292 0.109181291819391 0.0438729198184569 0.037669181329894864
0 0.24569780635400906 0.036533584968879804 0.024205748865355543 0.021525246474225424
0 0.14660552193645993 0.1549224405771202 0.0317700453857791 0.06457573942267665
0 0.21090204236006052 0.19797293352557144 0.018154311649016645 0.037669181329894684
0 0.22527420574886534 0.25178604971113516 0.01664145234493188 0.021525246474225424
0 0.1753498487140696 0.30963514961061644 0.022692889561270833 0.029597213902060056
0 0.17761913767019671 0.25716736132969154 0.018154311649016645 0.02690655809278197
0 0.09214258698940997 0.220843507904436 0.037821482602118 0.0941729533247369
0 0.06944969742813918 0.15895842429103751 0.01361573373676251 0.029597213902060056
0 0.11180975794251136 0.3526856425590675 0.0317700453857791 0.040359837139172766
