0 0.48548600605143716 1.1356664830590217 0.06807866868381239 0.05650377199484202
0 0.25780068078668683 0.7468667186183228 0.033282904689863786 0.04305049294845123
0 0.08684757942511345 0.48587310511833814 0.05748865355521934 0.06457573942267665
0 0.1375283661119516 0.5665927793966838 0.022692889561270833 0.04305049294845085
0 0.14357980332829046 0.7939531952806911 0.022692889561270777 0.024215902283503888
0 0.2676342662632375 0.92983131364924 0.04387291981845695 0.05381311618556375
0 0.4204330559757942 0.5517941724456538 0.03782148260211805 0.051122460376285477
0 0.45976739788199694 0.5221969585435937 0.05295007564296528 0.083410330087624
0 0.37353441754916794 0.44282261216988694 0.016641452344931935 0.03766918132989487
0 0.3258793494704993 0.05805883144310532 0.02420574886535549 0.07533836265978956
0 0.3954708774583964 0.3069444938013382 0.012102874432677692 0.0349785255206166
0 0.4824602874432678 0.21949817999979696 0.007564296520423611 0.021525246474225615
0 0.49305030257186083 0.2921458868503081 0.007564296520423611 0.01614393485566921
0 0.5475132375189107 0.36075760998690204 0.019667170953101408 0.024215902283503697
0 0.30394288956127086 0.7818452441389393 0.040847201210287475 0.07533836265978937
0 0.2555313918305598 0.861219590512646 0.028744326777609706 0.045741148757729506
0 0.057346822995461406 0.46031187493019515 0.02571860816944023 0.051122460376285477
0 0.4370745083207261 0.44282261216988694 0.007564296520423611 0.026906558092781925
0 0.4506902420574887 0.4441679400745261 0.007564296520423611 0.018834590664947342
0 0.41740733736762475 0.4925997446415335 0.010590015128593033 0.013453279046391176
0 0.5384360816944025 0.4683838423580298 0.010590015128593033 0.024215902283503888
0 0.5512953857791225 0.4266786773142178 0.003025718608169423 0.01614393485566926
0 0.5361667927382753 0.3526856425590675 0.003025718608169423 0.013453279046391176
0 0.5429746596066566 0.5033623678786464 0.007564296520423611 0.00807196742783463
0 0.5520518154311649 0.5289235980667892 0.010590015128593033 0.01614393485566926
