0 0.2767114220877458 0.7710826209018266 0.07715582450832074 0.0699570510412332
0 0.5036403177004539 0.6123339281544132 0.09228441754916789 0.08071967427834553
0 0.48019099848714064 0.6890176187188417 0.03630862329803329 0.04574114875772931
0 0.35462367624810887 0.6984349140513154 0.024205748865355543 0.02690655809278197
0 0.35613653555219366 0.7657013092832702 0.021180030257186015 0.03228786971133814
0 0.23737708018154313 1.0791627110641795 0.03479576399394858 0.06188508361339838
0 0.07398827534039334 1.0939613180152097 0.052950075642965166 0.04305049294845104
0 0.5202817700453858 1.1235585319172698 0.07715582450832066 0.13991410208246602
0 0.19426059001512863 0.972881806597691 0.033282904689863814 0.05381311618556375
0 0.5089353252647504 0.8074064743270821 0.021180030257186067 0.040359837139172766
0 0.4650624054462935 0.8921621323193452 0.021180030257186122 0.02690655809278197
0 0.4340487897125567 0.8961981160332625 0.013615733736762456 0.0349785255206166
0 0.43858736762481093 0.9809537740255255 0.016641452344931935 0.037669181329894684
0 0.5520518154311649 0.8114424580409996 0.01664145234493188 0.03228786971133814
0 0.12013048411497732 0.3930454796982404 0.033282904689863814 0.06188508361339838
0 0.45825453857791226 0.25447670552041335 0.040847201210287475 0.06995705104123301
