0 0.5066660363086233 0.8840901648915107 0.07110438729198182 0.07533836265978956
0 0.49229387291981846 0.1616490801003157 0.0877458396369138 0.08879164170618035
0 0.12769478063540093 0.43205998893277414 0.04841149773071103 0.04305049294845128
0 0.06264183055975797 0.3150164612291728 0.033282904689863835 0.05112246037628586
0 0.12996406959152798 0.7239961442394581 0.037821482602118 0.040359837139172766
0 0.17837556732223903 0.8370036882291423 0.04084720121028745 0.045741148757729125
0 0.08003971255673223 1.0051696763090294 0.040847201210287426 0.05381311618556375
0 0.1087840393343419 1.2244581247652022 0.040847201210287426 0.07264770685051128
0 0.2804935703479577 0.9809537740255256 0.030257186081694445 0.04843180456700759
0 0.04524394856278367 1.1262491877265481 0.022692889561270833 0.0591944278041203
0 0.17081127080181543 0.8719822137497588 0.016641452344931935 0.0349785255206166
0 0.2222484871406959 0.8181690975641949 0.016641452344931907 0.029597213902060243
0 0.20863275340393345 0.6500031094843078 0.022692889561270777 0.04305049294845075
0 0.26763426626323755 0.7912625394714131 0.019667170953101408 0.029597213902060056
0 0.43404878971255667 0.8047158185178038 0.02874432677760968 0.04574114875772931
