0 0.21695347957639938 1.3455376361827207 0.02723146747352494 0.0349785255206166
0 0.027846066565809402 0.07285743839413535 0.0211800302571861 0.024215902283503697
0 0.04524394856278367 0.14146916153072933 0.022692889561270833 0.032287869711338325
0 0.08306543116490167 0.09438268486836096 0.025718608169440254 0.029597213902060243
0 0.13525907715582453 0.10783596391475185 0.015128593040847222 0.029597213902060056
0 0.186696293494705 0.13474252200753384 0.015128593040847169 0.024215902283503888
0 0.24267208774583965 0.12936121038897738 0.02420574886535557 0.024215902283503697
0 0.25401853252647505 0.09169202905908277 0.019667170953101304 0.0349785255206166
0 0.3077250378214826 0.05805883144310532 0.021180030257186067 0.02690655809278178
0 0.3894194402420575 0.4132253982678268 0.021180030257186174 0.021525246474225424
0 0.39168872919818465 0.4925997446415336 0.016641452344931935 0.024215902283503697
0 0.41286875945537066 0.07285743839413535 0.016641452344931987 0.024215902283503697
0 0.4227023449319213 0.10110932439155645 0.018154311649016697 0.01614393485566926
0 0.08911686838124054 0.1549224405771203 0.01361573373676251 0.021525246474225615
0 0.11937405446293495 0.15357711267248117 0.010590015128593047 0.018834590664947342
0 0.13828479576399397 0.20200891723948877 0.015128593040847169 0.018834590664947342
0 0.5278460665658093 0.3499949867497893 0.022692889561270833 0.03497852552061641
0 0.48170385779122543 1.0724360715409842 0.06656580937972774 0.06995705104123301
