0 0.0845782904689864 0.8114424580409993 0.04992435703479575 0.09686360913401498
0 0.19879916792738275 0.5746647468245184 0.06656580937972768 0.0699570510412331
0 0.2456978063540091 0.5356502375899845 0.03025718608169436 0.04574114875772931
0 0.31680219364599094 0.37690154484257127 0.04236006051437213 0.03497852552061641
0 0.33344364599092285 0.5706287631106011 0.021180030257186067 0.024215902283503888
0 0.46052382753403936 0.47511048188122523 0.027231467473524913 0.037669181329894684
0 0.39622730711043874 0.08631071744052643 0.12254160363086238 0.12107951141751869
0 0.09062972768532526 0.35537629836834567 0.10136157337367623 0.05650377199484222
0 0.4673316944024206 0.2558220334250525 0.025718608169440254 0.05650377199484202
0 0.5240639183055976 0.3311603960848419 0.02420574886535549 0.04574114875772931
0 0.4453952344931921 0.28272859151783436 0.03630862329803329 0.04035983713917296
0 0.5346539334341905 0.52757827016215 0.021180030257186174 0.045741148757729125
0 0.4998581694402421 0.4710744981673081 0.018154311649016645 0.0349785255206166
0 0.4567416792738275 0.4401319563606087 0.02571860816944031 0.032287869711338325
0 0.4060608925869895 0.48990908883225537 0.02420574886535549 0.029597213902060243
0 0.3795858547655068 0.5087436794972026 0.019667170953101408 0.04574114875772931
0 0.17913199697428142 0.47645580978586444 0.015128593040847169 0.04574114875772931
0 0.29335287443267777 0.40649875874463137 0.022692889561270885 0.04574114875772917
0 0.16475983358547658 0.6150245839636915 0.03479576399394855 0.026906558092782067
0 0.05356467473524964 0.7401400790951272 0.027231467473524968 0.029597213902060056
0 0.43102307110438737 0.9405939368863528 0.0317700453857791 0.06457573942267665
0 0.3886630105900152 0.6123339281544132 0.025718608169440146 0.03228786971133862
0 0.4839731467473525 0.5585208119688492 0.016641452344931935 0.037669181329894684
0 0.49683245083207267 0.5423768771131801 0.015128593040847222 0.021525246474225615
0 0.5210381996974282 0.6917082745281198 0.018154311649016645 0.04035983713917315
0 0.554321104387292 0.6984349140513154 0.018154311649016645 0.02690655809278197
0 0.5164996217851741 0.6701830280538943 0.0121028744326778 0.018834590664947342
0 0.5043967473524962 0.6150245839636915 0.015128593040847222 0.026906558092782067
0 0.5195253403933435 0.5988806491080222 0.021180030257186067 0.04305049294845123
0 0.4824602874432678 0.6796003233863679 0.010590015128593087 0.037669181329894684
0 0.4960760211800303 0.7401400790951272 0.019667170953101408 0.04574114875772931
