0 0.5414618003025718 0.2450594101879397 0.03782148260211795 0.05112246037628567
0 0.505909606656581 0.20604490095340597 0.03328290468986387 0.04843180456700759
0 0.2646085476550681 0.2786926078039172 0.04084720121028737 0.06457573942267665
0 0.30318645990922843 0.14819580105392482 0.03025718608169439 0.07264770685051128
0 0.2532621028744326 0.14819580105392471 0.030257186081694417 0.05112246037628567
0 0.18820915279878975 0.1576130963863984 0.021180030257186042 0.032287869711338325
0 0.13450264750378216 0.15223178476784202 0.04084720121028744 0.04305049294845104
0 0.11559190620272317 0.06882145468021814 0.027231467473524913 0.048431804567007394
0 0.11937405446293495 0.3217431007523683 0.016641452344931935 0.03766918132989487
0 0.16551626323751892 0.38900949598432316 0.015128593040847222 0.02690655809278197
0 0.17837556732223903 0.4051534308399923 0.010590015128593007 0.021525246474225615
0 0.01044818456883511 0.45089457959772156 0.016641452344931907 0.037669181329894684
0 0.19501701966717094 0.5033623678786464 0.01664145234493188 0.029597213902060056
0 0.2699035552193646 0.5316142538760674 0.02420574886535549 0.02690655809278197
0 0.21392776096822996 0.2934912147549472 0.027231467473524968 0.029597213902060056
