0 0.022551059001512882 0.6405858141518341 0.03479576399394855 0.05112246037628586
0 0.08003971255673223 0.5773554026337967 0.040847201210287426 0.06457573942267655
0 0.3750472768532526 0.4118800703631878 0.04387291981845679 0.083410330087624
0 0.18140128593040847 0.4670385144533908 0.019667170953101328 0.02690655809278197
0 0.18593986384266262 0.4993263841647289 0.02571860816944023 0.02690655809278197
0 0.28125 0.5813913863477138 0.025718608169440254 0.05650377199484212
0 0.0 0.0 0.0 0.0
0 0.11937405446293496 0.4495492516930824 0.022692889561270833 0.03497852552061641
0 0.2320820726172466 0.09976399648691732 0.03025718608169439 0.05650377199484222
0 0.4090866111951589 0.13608784991217288 0.05143721633888046 0.06457573942267665
0 0.49002458396369136 0.21546219628587965 0.03782148260211795 0.045741148757729125
0 0.5490260968229955 0.22218883580907514 0.025718608169440254 0.05919442780412011
0 0.4612802571860817 0.31905244494309 0.019667170953101408 0.05381311618556375
0 0.5043967473524962 0.3890094959843231 0.02420574886535549 0.05919442780412011
0 0.3183150529500756 0.36613892160545847 0.015128593040847222 0.029597213902060056
0 0.33420007564296517 0.38900949598432316 0.01664145234493188 0.037669181329894684
0 0.25174924357034795 0.35403097046370663 0.018154311649016645 0.04305049294845104
0 0.25477496217851736 0.20200891723948866 0.02420574886535549 0.045741148757729125
0 0.33571293494704985 0.14819580105392471 0.007564296520423611 0.05112246037628567
0 0.12920763993948564 0.2141168683812405 0.015128593040847169 0.026906558092781994
0 0.14206694402420578 0.4778011376905035 0.022692889561270777 0.03228786971133814
0 0.32890506807866865 0.4495492516930824 0.021180030257186067 0.03497852552061641
0 0.2093891830559758 0.5477581887317364 0.021180030257186094 0.03228786971133852
0 0.1450926626323752 0.4199520377910224 0.025718608169440202 0.04574114875772931
0 0.1753498487140696 0.3782468727472104 0.025718608169440254 0.037669181329894684
0 0.04297465960665661 0.036533584968879707 0.033282904689863814 0.06995705104123301
