0 0.5195253403933434 0.5060530236879245 0.054462934947049936 0.07802901846906783
0 0.043731089258698966 0.44551326797916513 0.08320726172465961 0.14529541370102256
0 0.3780729954614221 0.8625649184172852 0.025718608169440254 0.04305049294845104
0 0.13450264750378216 0.8275863928966686 0.04387291981845685 0.05381311618556394
0 0.514230332829047 0.7266868000487364 0.016641452344931987 0.04574114875772931
0 0.19274773071104384 0.8006798348038867 0.01815431164901667 0.02690655809278197
0 0.057346822995461455 0.6661470443399772 0.03782148260211799 0.03766918132989459
0 0.02860249621785174 0.24371408228330055 0.02874432677760968 0.037669181329894684
0 0.0391925113464448 0.16030375219567666 0.016641452344931935 0.02690655809278178
0 0.10500189107413012 0.21277154047660138 0.01815431164901663 0.013453279046390985
0 0.11861762481089261 0.17375703124206757 0.012102874432677746 0.02690655809278197
0 0.29940431164901665 0.0742027662987744 0.03782148260211795 0.03228786971133834
0 0.14433623298033285 0.19797293352557133 0.018154311649016645 0.021525246474225615
0 0.1715677004538578 0.16837571962351128 0.018154311649016645 0.021525246474225615
0 0.07474470499243571 0.23026080323690967 0.015128593040847169 0.021525246474225615
