0 0.05356467473524964 0.1643397359095939 0.012102874432677746 0.018834590664947342
0 0.06566754916792739 0.06882145468021804 0.012102874432677746 0.021525246474225615
0 0.08079614220877462 0.07285743839413544 0.012102874432677758 0.018834590664947342
0 0.09289901664145236 0.029806945445684213 0.015128593040847169 0.018834590664947342
0 0.25401853252647505 0.03249760125496249 0.019667170953101304 0.024215902283503888
0 0.25099281391830564 0.10379998020083463 0.013615733736762456 0.01614393485566907
0 0.2751985627836611 0.1024546522961955 0.016641452344931987 0.024215902283503878
0 0.33117435703479575 0.06209481515702254 0.01664145234493188 0.024215902283503888
0 0.3326872163388805 0.1576130963863984 0.013615733736762456 0.032287869711338325
0 0.4189201966717095 0.06613079887093985 0.02874432677760968 0.037669181329894684
0 0.4590109682299547 0.1199439150565037 0.02420574886535549 0.032287869711338325
0 0.5127174735249621 0.1199439150565038 0.013615733736762456 0.021525246474225424
0 0.5346539334341907 0.14281448943536834 0.02420574886535549 0.024215902283503697
0 0.38488086232980334 0.17241170333742853 0.02420574886535549 0.018834590664947342
0 0.3765601361573373 0.1549224405771202 0.019667170953101356 0.010762623237112712
0 0.18972201210287443 0.29214588685030807 0.018154311649016618 0.021525246474225615
