0 0.2237613464447806 1.0670547599224278 0.019667170953101356 0.05919442780412011
0 0.0202817700453858 0.6822909791956462 0.03933434190620271 0.059194427804120486
0 0.021038199697428157 0.08362006163124816 0.016641452344931935 0.024215902283503888
0 0.04070537065052951 0.16030375219567666 0.016641452344931935 0.02690655809278178
0 0.052051815431164904 0.12936121038897738 0.021180030257186067 0.024215902283503697
0 0.14584909228441756 0.14012383362609018 0.018154311649016645 0.029597213902060056
0 0.0633982602118003 0.10110932439155645 0.01966717095310135 0.01614393485566926
0 0.011961043872919835 0.21815285209515783 0.022692889561270777 0.024215902283503888
0 0.09592473524962179 0.22487949161835333 0.02420574886535549 0.032287869711338325
0 0.10273260211800306 0.17779301495598498 0.019667170953101356 0.029597213902060243
0 0.12164334341906202 0.2733112961853607 0.01512859304084718 0.021525246474225615
0 0.13147692889561274 0.24236875437866162 0.019667170953101356 0.029597213902060243
0 0.19501701966717097 0.11321727553330821 0.013615733736762456 0.018834590664947342
0 0.16324697428139182 0.07151211048949621 0.016641452344931935 0.02690655809278197
0 0.2093891830559758 0.039224240778157886 0.015128593040847222 0.021525246474225424
0 0.21317133131618762 0.08362006163124815 0.007564296520423611 0.018834590664947342
0 0.22149205748865355 0.07151211048949621 0.009077155824508323 0.02690655809278197
0 0.2562878214826021 0.07554809420341353 0.018154311649016645 0.029597213902060066
0 0.2880578668683813 0.02711628963640613 0.015128593040847222 0.024215902283503506
0 0.21468419062027233 0.18451965447918034 0.016641452344931907 0.032287869711338305
0 0.2948657337367625 0.09169202905908279 0.01361573373676251 0.018834590664947342
0 0.3266357791225416 0.060749487252383404 0.01059001512859298 0.021525246474225615
0 0.33873865355521937 0.1132172755333083 0.013615733736762564 0.024215902283503697
0 0.40379160363086236 0.029806945445684213 0.013615733736762564 0.018834590664947342
0 0.4143816187594554 0.05267751982454887 0.013615733736762564 0.010762623237112712
0 0.44161308623298035 0.03249760125496249 0.013615733736762456 0.024215902283503888
0 0.45144667170953096 0.13070653829361661 0.021180030257186067 0.032287869711338325
0 0.45144667170953107 0.1643397359095939 0.012102874432677746 0.018834590664947342
0 0.4764088502269289 0.19124629400237594 0.01664145234493188 0.013453279046390985
0 0.49002458396369136 0.1899009660977368 0.01664145234493188 0.010762623237112712
0 0.514230332829047 0.19393694981165413 0.016641452344931987 0.029597213902060056
0 0.2910835854765507 0.14012383362609018 0.015128593040847222 0.0349785255206166
0 0.2018248865355522 0.2450594101879398 0.018154311649016645 0.024215902283503888
0 0.31907148260211804 0.2383327706647443 0.013615733736762456 0.021525246474225615
0 0.39320158850226933 0.32712441237092477 0.013615733736762564 0.02690655809278197
0 0.394714447806354 0.3890094959843231 0.01059001512859314 0.01614393485566926
0 0.4204330559757942 0.42398802150493964 0.01361573373676251 0.01614393485566907
0 0.15719553706505293 0.2840739194224736 0.016641452344931935 0.01614393485566907
