0 0.44161308623298035 0.9419392647909919 0.04084720121028737 0.07802901846906744
0 0.5134739031770045 0.876018197463676 0.05143721633888051 0.0591944278041203
0 0.48548600605143716 0.359412282082263 0.046898638426626324 0.11300754398968424
0 0.0 0.0 0.0 0.0
0 0.19199130105900153 0.41860670988638315 0.09228441754916791 0.07533836265978937
0 0.262339258698941 0.45896654702555606 0.045385779122541554 0.05381311618556375
0 0.08760400907715583 1.0455295134482023 0.05597579425113464 0.06995705104123301
0 0.17232413010590014 1.2580913223811794 0.040847201210287426 0.08071967427834592
0 0.12693835098335857 0.9136873787935706 0.025718608169440268 0.032287869711338325
0 0.14433623298033285 0.9836444298348038 0.045385779122541554 0.04305049294845123
0 0.167785552193646 0.9096513950796534 0.025718608169440254 0.040359837139172766
0 0.2116584720121029 0.8692915579404805 0.02874432677760968 0.04574114875772931
0 0.21392776096822996 0.958083199646661 0.030257186081694417 0.0726477068505111
0 0.3682394099848714 0.7858812278528566 0.03025718608169439 0.03497852552061641
0 0.3251229198184569 0.06344014306166168 0.06807866868381239 0.06995705104123301
0 0.15416981845688352 0.3338510518941202 0.03479576399394858 0.05112246037628586
0 0.13072049924357035 0.26658465666216524 0.03025718608169439 0.04574114875772931
0 0.1034890317700454 0.23967809856938332 0.021180030257186053 0.024215902283503697
0 0.06188540090771561 0.29887252637350364 0.025718608169440254 0.029597213902060243
0 0.042218229954614224 0.28945523104102994 0.019667170953101356 0.02690655809278178
0 0.39168872919818454 0.5612114677781275 0.022692889561270833 0.04305049294845123
0 0.3932015885022693 0.9419392647909918 0.025718608169440254 0.0349785255206166
0 0.25628782148260215 0.8988887718425408 0.02723146747352502 0.029597213902060056
0 0.3062121785173979 0.8208597533734732 0.02420574886535549 0.051122460376285477
0 0.44388237518910745 0.6244418792961652 0.027231467473524968 0.04574114875772941
0 0.2600699697428139 0.4172613819817441 0.013615733736762402 0.024215902283503746
