0 0.20636346444780634 0.11859858715186467 0.027231467473524968 0.0565037719948422
0 0.2608263993948563 0.18990096609773682 0.03328290468986387 0.05381311618556394
0 0.25553139183055973 0.26523932875752626 0.0317700453857791 0.06995705104123297
0 0.19652987897125568 0.3392323635126765 0.0317700453857791 0.029597213902060056
0 0.33722579425113464 0.45896654702555617 0.0438729198184569 0.059194427804120445
0 0.33117435703479575 0.25985801713896983 0.01664145234493188 0.03228786971133852
0 0.3833680030257186 0.2504407218064961 0.021180030257186067 0.05112246037628586
0 0.4748959909228441 0.13205186619825565 0.025718608169440254 0.03497852552061641
0 0.23208207261724662 0.43878662845596966 0.024205748865355543 0.029597213902060243
0 0.22376134644478063 0.4670385144533908 0.01361573373676243 0.02690655809278197
0 0.21997919818456885 0.5060530236879245 0.021180030257186042 0.04035983713917315
0 0.2820064296520424 0.5934993374894658 0.02420574886535549 0.04305049294845085
0 0.4764088502269289 0.8423849998476985 0.03782148260211795 0.04574114875772931
0 0.059616111951588516 0.4683838423580298 0.030257186081694445 0.061885083613398575
0 0.11937405446293495 0.6069526165358567 0.037821482602118 0.032287869711338235
0 0.08987329803328291 0.14281448943536845 0.11800302571860814 0.2717562367370974
