0 0.15038767019667174 0.8598742626080069 0.03933434190620271 0.05381311618556375
0 0.18442700453857794 1.0616734483038712 0.0317700453857791 0.032287869711338325
0 0.30016074130105896 0.9755724624069693 0.030257186081694445 0.032287869711338325
0 0.48170385779122543 0.902924755556458 0.027231467473524913 0.037669181329894684
0 0.1148354765506808 0.17375703124206765 0.022692889561270777 0.021525246474225615
0 0.010448184568835124 0.21546219628587965 0.019667170953101356 0.06188508361339838
0 0.20863275340393345 0.3486496588451502 0.01361573373676251 0.02690655809278197
0 0.148874810892587 0.4818371214044208 0.012102874432677746 0.013453279046391176
0 0.34857223903177004 0.1683757196235112 0.027231467473524968 0.05381311618556394
0 0.4295102118003026 0.2275701474276315 0.010590015128593033 0.03228786971133814
0 0.514230332829047 0.34057769141731564 0.016641452344931987 0.043050492948450994
0 0.5497825264750379 0.45627589121627793 0.02723146747352502 0.02690655809278178
0 0.5157431921331316 0.5410315492085409 0.025718608169440254 0.018834590664947342
