0 0.044487518910741305 0.916378034602849 0.05143721633888049 0.06457573942267647
0 0.5233074886535551 0.5975353212033832 0.040847201210287475 0.061885083613398666
0 0.4771652798789712 0.2786926078039172 0.030257186081694445 0.02690655809278197
0 0.5331410741301059 0.42129736569566145 0.03328290468986387 0.037669181329894684
0 0.5512953857791225 0.2504407218064962 0.018154311649016645 0.0349785255206166
0 0.4158944780635401 0.35537629836834567 0.016641452344931987 0.024215902283503697
0 0.40530446293494704 0.3755562169379321 0.022692889561270833 0.03228786971133814
0 0.3659701210287443 0.3957361355075185 0.0015128593040847115 0.018834590664947342
0 0.39168872919818454 0.4266786773142178 0.010590015128593033 0.01614393485566926
0 0.34403366111951583 0.27062064037608263 0.012102874432677692 0.02690655809278178
0 0.31907148260211804 0.5248876143528719 0.013615733736762456 0.029597213902060056
0 0.29562216338880487 0.5195063027343155 0.02420574886535549 0.029597213902060056
0 0.09289901664145238 0.456275891216278 0.018154311649016645 0.04305049294845113
0 0.08155257186081696 0.47241982607194705 0.013615733736762456 0.026906558092781686
0 0.06339826021180031 0.4939450725461727 0.013615733736762456 0.032287869711338235
0 0.04675680786686839 0.5168156469250375 0.013615733736762463 0.018834590664947342
0 0.04070537065052951 0.5504488445410147 0.016641452344931935 0.021525246474225615
0 0.09138615733736764 0.5343049096853456 0.012102874432677746 0.021525246474225615
