0 0.042218229954614224 0.3203977728477292 0.019667170953101356 0.024215902283503888
0 0.0709625567322239 0.25313137761577426 0.022692889561270777 0.018834590664947342
0 0.1450926626323752 0.13474252200753384 0.019667170953101356 0.024215902283503888
0 0.16097768532526474 0.07554809420341353 0.024205748865355543 0.029597213902060066
0 0.18972201210287445 0.03249760125496249 0.021180030257186067 0.024215902283503888
0 0.16551626323751892 0.1683757196235112 0.018154311649016645 0.02690655809278197
0 0.23283850226928895 0.23026080323690967 0.019667170953101328 0.032287869711338325
0 0.24191565809379728 0.23564211485546602 0.010590015128593033 0.021525246474225615
0 0.308481467473525 0.18721031028845853 0.019667170953101304 0.026906558092781946
0 0.34252080181543115 0.1724117033374285 0.021180030257186174 0.029597213902060056
0 0.30318645990922843 0.24640473809257885 0.018154311649016645 0.02690655809278197
0 0.15946482602118006 0.7710826209018264 0.018154311649016645 0.03228786971133852
0 0.3826115733736763 0.05536817563382705 0.019667170953101408 0.032287869711338325
0 0.40606089258698946 0.05671350353846609 0.0242057488653556 0.029597213902060243
0 0.4544723903177004 0.11590793134258648 0.021180030257186067 0.029597213902060056
0 0.4930503025718608 0.1199439150565038 0.01664145234493188 0.021525246474225424
0 0.5112046142208774 0.15223178476784202 0.01664145234493188 0.021525246474225615
0 0.48019099848714075 0.192591621907015 0.02420574886535549 0.032287869711338325
0 0.5361667927382754 0.2585126892343307 0.021180030257186067 0.024215902283503697
0 0.3742908472012103 0.22622481952299245 0.018154311649016697 0.029597213902060056
0 0.29486573373676245 0.2934912147549472 0.019667170953101464 0.029597213902060056
0 0.16929841149773073 0.5827367142523528 0.019667170953101356 0.02690655809278197
0 0.37958585476550677 0.3822828564611276 0.019667170953101304 0.0349785255206166
0 0.09516830559757941 1.181407631816751 0.046898638426626324 0.06726639523195493
