0 0.06642397881996977 0.8652555742265632 0.04084720121028745 0.05381311618556394
0 0.19879916792738275 0.9325219694585182 0.05143721633888051 0.10762623237112788
0 0.42572806354009074 0.4670385144533906 0.024205748865355543 0.037669181329894684
0 0.4544723903177005 0.6500031094843078 0.015128593040847115 0.03228786971133852
0 0.3735344175491679 0.6217512234868867 0.01361573373676251 0.024215902283503603
0 0.3954708774583963 0.6513484373889469 0.018154311649016645 0.029597213902060243
0 0.489268154311649 0.6500031094843078 0.027231467473524968 0.04305049294845075
0 0.26612140695915276 0.5571754840642101 0.01664145234493188 0.05112246037628586
0 0.3137764750378215 0.6540390931982251 0.01815431164901659 0.024215902283503888
0 0.23359493192133132 0.5988806491080222 0.01815431164901659 0.03228786971133814
0 0.17534984871406958 0.7307227837626535 0.016641452344931907 0.02690655809278197
0 0.16475983358547652 0.7455213907136836 0.019667170953101356 0.018834590664947342
0 0.12693835098335854 0.7670466371879094 0.019667170953101356 0.018834590664947342
0 0.15416981845688352 0.8141331138502778 0.025718608169440202 0.037669181329894684
