0 0.16022125567322237 0.8181690975641949 0.06505295007564296 0.05650377199484202
0 0.4068173222390318 0.709197537288428 0.06202723146747354 0.13453279046390987
0 0.3470593797276853 0.6473124536750298 0.05143721633888046 0.03766918132989459
0 0.28200642965204237 0.9419392647909919 0.030257186081694445 0.029597213902060056
0 0.3440336611195159 1.0213136111646985 0.05748865355521936 0.032287869711338325
0 0.09819402420574885 0.5639021235874058 0.03177004538577914 0.09148229751545853
0 0.2366206505295008 0.5383408933992628 0.03328290468986387 0.040359837139172766
0 0.10651475037821484 0.7105428651930671 0.03630862329803329 0.024215902283503888
0 0.12164334341906202 0.7657013092832701 0.012102874432677746 0.021525246474225806
0 0.18215771558245084 0.7509027023322401 0.03630862329803329 0.040359837139172766
0 0.3538672465960665 0.34461367513123287 0.0438729198184569 0.0349785255206166
0 0.4408566565809379 0.37690154484257127 0.027231467473524913 0.05112246037628567
0 0.14206694402420575 0.637895158342556 0.02874432677760968 0.029597213902060056
0 0.23208207261724662 0.6486577815796687 0.024205748865355543 0.024215902283503697
0 0.32436649016641456 0.9123420508889316 0.051437216338880404 0.05112246037628567
0 0.4000094553706505 0.6742190117678116 0.027231467473524968 0.03766918132989487
0 0.5308717851739788 0.7239961442394582 0.022692889561270833 0.024215902283503506
0 0.4544723903177004 0.6244418792961652 0.03328290468986387 0.04574114875772941
0 0.4552288199697428 0.5195063027343155 0.01966717095310125 0.024215902283503506
0 0.5482696671709532 0.21277154047660146 0.02420574886535549 0.0349785255206166
0 0.5051531770045385 0.3957361355075186 0.019667170953101408 0.04035983713917296
0 0.3871501512859304 0.29483654265958625 0.013615733736762456 0.02690655809278197
0 0.4348052193645991 0.5181609748296764 0.027231467473524913 0.037669181329894684
0 0.4302666414523449 0.5733194189198793 0.021180030257186067 0.029597213902060056
0 0.39017586989409986 0.5423768771131802 0.019667170953101408 0.03228786971133814
0 0.41286875945537066 0.5988806491080222 0.016641452344931987 0.03228786971133814
0 0.37807299546142203 0.5934993374894658 0.01664145234493188 0.03228786971133842
0 0.34100794251134636 0.5934993374894658 0.018154311649016645 0.021525246474225424
0 0.2910835854765507 0.5934993374894658 0.015128593040847222 0.03228786971133842
0 0.2154406202723147 0.5867726979662703 0.018154311649016645 0.018834590664947342
0 0.18518343419062028 0.6701830280538943 0.012102874432677718 0.029597213902060243
0 0.21392776096822996 0.8168237696595558 0.027231467473524968 0.03228786971133852
0 0.44463880484114976 0.7401400790951275 0.019667170953101304 0.018834590664947342
