0 0.11937405446293493 1.3953147686543674 0.04992435703479573 0.20448984150514268
0 0.4121123298033283 1.2809618967600442 0.11195158850226929 0.17489262760308263
0 0.24040279878971255 0.5827367142523531 0.04689863842662627 0.037669181329894684
0 0.23056921331316188 0.372865561128654 0.04236006051437213 0.04305049294845104
0 0.29259644478063546 0.37690154484257127 0.030257186081694337 0.03497852552061641
0 0.2865450075642965 0.42936933312349607 0.0242057488653556 0.02690655809278197
0 0.272929273827534 0.48990908883225537 0.02420574886535549 0.029597213902060243
0 0.29486573373676256 0.5356502375899848 0.03479576399394852 0.05650377199484202
0 0.12013048411497733 0.44282261216988694 0.03933434190620277 0.03766918132989487
0 0.15416981845688352 0.8356583603245032 0.03479576399394858 0.04305049294845104
0 0.224517776096823 0.2988725263735036 0.01815431164901659 0.0349785255206166
0 0.386393721633888 0.21949817999979698 0.04236006051437213 0.05381311618556375
0 0.3515979576399395 0.11859858715186467 0.030257186081694337 0.05112246037628567
0 0.5376796520423601 0.3782468727472104 0.02420574886535549 0.037669181329894684
0 0.31907148260211804 0.8154784417549168 0.04084720121028737 0.05112246037628586
0 0.5460003782148259 0.8423849998476987 0.025718608169440146 0.08341033008762419
0 0.3682394099848714 0.387664168079684 0.03025718608169439 0.024215902283503697
0 0.3697522692889561 0.42129736569566145 0.021180030257186067 0.02690655809278197
0 0.4930503025718608 0.31636178913381185 0.010590015128593033 0.01614393485566926
0 0.49153744326777604 0.35134031465442844 0.007564296520423611 0.021525246474225424
0 0.5089353252647503 0.3473043309405111 0.015128593040847222 0.029597213902060056
0 0.5248203479576399 0.3311603960848419 0.010590015128593033 0.029597213902060056
0 0.5263332072617246 0.2706206403760825 0.007564296520423504 0.021525246474225424
0 0.5361667927382753 0.28272859151783447 0.015128593040847222 0.024215902283503888
0 0.5323846444780636 0.3015631821827818 0.007564296520423611 0.018834590664947342
0 0.5429746596066566 0.30963514961061633 0.007564296520423611 0.024215902283503697
0 0.5429746596066566 0.5517941724456539 0.007564296520423611 0.013453279046390794
0 0.20863275340393345 0.38362818436576673 0.031770045385779155 0.04305049294845104
0 0.2925964447806354 0.3459590030358719 0.018154311649016645 0.037669181329894684
0 0.10197617246596068 0.5195063027343155 0.030257186081694375 0.024215902283503506
0 0.16475983358547652 0.5921540095848266 0.019667170953101356 0.04574114875772931
0 0.17837556732223903 0.6984349140513154 0.010590015128593007 0.010762623237112712
0 0.21619704992435704 0.4872184330229771 0.019667170953101356 0.04035983713917315
0 0.20863275340393342 0.43475064474205244 0.010590015128593033 0.037669181329894684
0 0.22300491679273826 0.40380810293535313 0.021180030257186067 0.018834590664947342
0 0.27444213313161875 0.9849897577394429 0.027231467473524968 0.04574114875772931
0 0.24267208774583965 1.0764720552549014 0.027231467473524968 0.04574114875772931
0 0.12239977307110442 0.7751186046157438 0.019667170953101356 0.024215902283503888
0 0.13072049924357035 0.5921540095848268 0.012102874432677746 0.018834590664947342
0 0.13450264750378216 0.625787207200804 0.01361573373676251 0.032287869711338235
0 0.14282337367624812 0.679600323386368 0.003025718608169396 0.02690655809278197
0 0.2237613464447806 0.5248876143528719 0.019667170953101356 0.013453279046390794
0 0.33041792738275344 0.5921540095848266 0.030257186081694445 0.04574114875772931
0 0.316802193645991 0.5733194189198795 0.015128593040847222 0.018834590664947342
0 0.3137764750378215 0.5544848282549322 0.009077155824508269 0.018834590664947342
0 0.2638521180030257 0.4576212191209169 0.0121028744326778 0.018834590664947342
0 0.2714164145234493 0.37555621693793206 0.006051437216338846 0.021525246474225615
0 0.40984304084720125 0.401117447126075 0.013615733736762456 0.03497852552061641
