0 0.28578857791225415 1.1639183690564427 0.11346444780635395 0.1183888556082406
0 0.11332261724659605 1.0724360715409842 0.06202723146747352 0.06457573942267665
0 0.37126512859304084 0.9796084461208865 0.030257186081694337 0.061885083613398575
0 0.48170385779122543 0.819514425468834 0.06959152798789704 0.1291514788453535
0 0.5414618003025718 0.9150327066982098 0.022692889561270833 0.04574114875772931
0 0.028602496217851752 1.7383733843373372 0.05900151285930409 0.07802901846906783
0 0.01801248108925871 1.500250345216217 0.0317700453857791 0.07533836265978956
0 0.15492624810892588 0.27062064037608263 0.027231467473524968 0.04305049294845104
0 0.2857885779122541 0.3109804775152555 0.022692889561270833 0.02690655809278197
0 0.32512291981845687 0.21815285209515783 0.013615733736762456 0.018834590664947342
0 0.346302950075643 0.29214588685030807 0.013615733736762564 0.021525246474225615
0 0.386393721633888 0.3984267913167968 0.021180030257186067 0.029597213902060056
0 0.4938067322239032 0.22487949161835322 0.02420574886535549 0.037669181329894684
