0 0.10954046898638428 0.2934912147549472 0.04236006051437219 0.029597213902060056
0 0.018768910741301076 0.5450675329224585 0.02723146747352494 0.07533836265978937
0 0.2282999243570348 0.24236875437866162 0.025718608169440202 0.029597213902060243
0 0.4907810136157337 0.3351963797987592 0.03025718608169439 0.037669181329894684
0 0.5028838880484116 0.23026080323690967 0.027231467473524913 0.04305049294845104
0 0.3780729954614221 0.3782468727472104 0.02874432677760968 0.037669181329894684
0 0.34932866868381235 0.9876804135487212 0.03479576399394858 0.06726639523195474
0 0.111053328290469 0.8867808207007888 0.021180030257186122 0.04305049294845123
0 0.12769478063540093 0.4872184330229771 0.027231467473524982 0.04035983713917315
0 0.5293589258698941 0.3392323635126765 0.025718608169440254 0.04574114875772931
0 0.41740733736762486 0.4334053168374133 0.03479576399394852 0.018834590664947533
0 0.424215204236006 0.5221969585435938 0.021180030257186122 0.029597213902060056
0 0.35462367624810887 0.4899090888322552 0.024205748865355543 0.04574114875772931
