0 0.4090866111951589 0.972881806597691 0.05143721633888046 0.09686360913401498
0 0.09743759455370651 0.6634563885306988 0.054462934947049936 0.04305049294845123
0 0.3879065809379728 0.5195063027343154 0.030257186081694445 0.040359837139172766
0 0.5384360816944025 0.5544848282549318 0.03782148260211805 0.04574114875772931
0 0.4665752647503782 0.6109886002497739 0.030257186081694445 0.04574114875772931
0 0.3894194402420575 0.3392323635126766 0.03328290468986387 0.04035983713917291
0 0.46506240544629346 0.05805883144310532 0.02723146747352502 0.06457573942267647
0 0.367482980332829 0.023080305922488817 0.04387291981845679 0.03228786971133814
0 0.27822428139183053 0.14954112895856386 0.019667170953101356 0.048431804567007394
0 0.07096255673222393 0.21277154047660138 0.02874432677760968 0.06188508361339838
0 0.07550113464447807 0.09169202905908269 0.046898638426626324 0.06726639523195493
0 0.03541036308623301 0.401117447126075 0.03933434190620274 0.06726639523195493
0 0.10727118003025718 0.4374413005513306 0.037821482602118 0.04843180456700759
0 0.14811838124054463 0.401117447126075 0.0317700453857791 0.06188508361339838
0 0.2040941754916793 0.32443375656164647 0.022692889561270833 0.05381311618556394
0 0.05507753403933435 0.6822909791956462 0.03025718608169439 0.06995705104123273
0 0.5074224659606656 0.8652555742265632 0.018154311649016645 0.05381311618556394
0 0.49229387291981846 0.8948527881286233 0.027231467473524913 0.0591944278041203
0 0.4264844931921331 0.7845358999482175 0.013615733736762456 0.04305049294845123
0 0.40152231467473526 0.7172695047162625 0.018154311649016645 0.037669181329894684
0 0.39622730711043874 0.6728736838631725 0.013615733736762564 0.024215902283503888
0 0.35764939485627834 0.6473124536750295 0.01815431164901659 0.02690655809278197
0 0.28125 0.5571754840642102 0.019667170953101408 0.024215902283503506
0 0.2169534795763994 0.5760100747291576 0.021180030257186067 0.024215902283503506
0 0.2661214069591528 0.8100971301363604 0.022692889561270833 0.04574114875772931
0 0.12769478063540093 0.7912625394714129 0.027231467473524982 0.018834590664947342
0 0.13223335854765508 0.7186148326209016 0.012102874432677746 0.04035983713917296
0 0.09895045385779123 0.693053602432759 0.024205748865355477 0.037669181329894684
0 0.0807961422087746 0.6015713049173004 0.027231467473524954 0.037669181329894684
0 0.39017586989409986 0.5558301561595711 0.019667170953101408 0.03228786971133852
