0 0.1935041603630862 0.8867808207007888 0.019667170953101384 0.04305049294845123
0 0.28125 0.33788703560803746 0.019667170953101408 0.02690655809278197
0 0.06491111951588503 0.12263457086578197 0.010590015128593033 0.021525246474225615
0 0.015743192133131655 0.04864153611063156 0.021180030257186094 0.018834590664947342
0 0.15492624810892588 0.03518825706424076 0.009077155824508323 0.018834590664947342
0 0.08306543116490167 0.15626776848175933 0.013615733736762456 0.024215902283503697
0 0.09970688350983362 0.17644768705134584 0.01361573373676247 0.021525246474225424
0 0.07777042360060517 0.24371408228330074 0.01815431164901666 0.02690655809278197
0 0.129964069591528 0.24505941018793978 0.022692889561270833 0.029597213902060056
0 0.1942605900151286 0.22353416371371418 0.027231467473524968 0.0349785255206166
0 0.19652987897125568 0.07016678258485717 0.013615733736762456 0.024215902283503888
0 0.22149205748865358 0.1024546522961955 0.012102874432677746 0.024215902283503878
0 0.2358642208774584 0.0782387500126917 0.010590015128593061 0.013453279046390985
0 0.41211232980332835 0.1899009660977367 0.02420574886535549 0.032287869711338325
