0 0.02708963691376704 1.0764720552549016 0.05597579425113467 0.08879164170618055
0 0.06642397881996974 1.3267030455177735 0.06505295007564296 0.07264770685051128
0 0.5142303328290468 0.9056154113657362 0.0317700453857791 0.08071967427834592
0 0.2131713313161876 1.1867889434353074 0.0317700453857791 0.04035983713917296
0 0.10802760968229955 0.8020251627085258 0.021180030257186067 0.051122460376285477
0 0.046000378214826027 0.539686221303902 0.027231467473524968 0.02690655809278178
0 0.10575832072617249 0.2410234264740224 0.040847201210287426 0.04305049294845104
0 0.4696009833585477 0.2840739194224735 0.02420574886535549 0.02690655809278197
0 0.5346539334341907 0.3984267913167968 0.009077155824508376 0.029597213902060056
0 0.4907810136157338 0.3567216262729848 0.02420574886535549 0.02690655809278197
