0 0.023307488653555246 1.5231209195950817 0.0453857791225416 0.11569819979896213
0 0.032384644478063544 1.0213136111646985 0.02420574886535549 0.032287869711338325
0 0.21770990922844172 0.999788364690473 0.02571860816944023 0.02690655809278178
0 0.28957072617246593 0.7858812278528566 0.030257186081694497 0.029597213902060056
0 0.4529595310136158 0.7213054884301799 0.015128593040847222 0.029597213902060056
0 0.4764088502269289 0.776463932520383 0.01664145234493188 0.037669181329894684
0 0.3765601361573373 0.27465662408999997 0.019667170953101356 0.03497852552061641
0 0.4544723903177004 0.24640473809257885 0.06051437216338878 0.04305049294845123
0 0.06264183055975797 0.0607494872523835 0.033282904689863835 0.04305049294845123
0 0.18064485627836613 0.17779301495598498 0.0121028744326778 0.029597213902060243
