0 0.26233925869894104 1.1343211551543828 0.07261724659606658 0.1076262323711277
0 0.22073562783661121 1.263472633999736 0.06807866868381239 0.06995705104123301
0 0.07398827534039337 0.9136873787935708 0.05597579425113465 0.06995705104123301
0 0.4234587745839637 0.8464209835616159 0.03479576399394852 0.037669181329894684
0 0.48246028744326774 0.8248957370873904 0.01361573373676251 0.03228786971133852
0 0.5180124810892587 0.931176641553879 0.05748865355521936 0.05112246037628567
0 0.4567416792738275 1.040148201829646 0.0438729198184569 0.048431804567007394
0 0.4340487897125568 0.709197537288428 0.046898638426626324 0.0591944278041203
0 0.4733831316187594 0.6056072886312176 0.022692889561270833 0.05650377199484202
0 0.5490260968229955 0.8531476230848114 0.025718608169440254 0.040359837139172766
0 0.4408566565809379 0.8006798348038866 0.0 0.0
0 0.4862424357034796 0.6796003233863679 0.02420574886535549 0.037669181329894684
0 0.19350416036308624 0.31232580541989463 0.05900151285930409 0.05650377199484222
