0 0.023307488653555246 0.7885718836621347 0.0453857791225416 0.09955426494329307
0 0.44993381240544633 0.8652555742265633 0.05748865355521936 0.06457573942267647
0 0.22149205748865355 0.24102342647402247 0.02420574886535549 0.03228786971133852
0 0.21014561270801815 0.1481958010539248 0.019667170953101356 0.029597213902060056
0 0.25099281391830564 0.1441598173400075 0.013615733736762456 0.03228786971133814
0 0.24645423600605143 0.09034670115444365 0.019667170953101356 0.02690655809278178
0 0.3115071860816944 0.0607494872523835 0.019667170953101356 0.02690655809278197
0 0.33873865355521937 0.06882145468021804 0.013615733736762564 0.021525246474225615
0 0.15416981845688352 0.0607494872523835 0.019667170953101384 0.02690655809278197
0 0.11332261724659609 0.13474252200753384 0.022692889561270777 0.024215902283503888
