0 0.06793683812405447 0.7441760628090448 0.043872919818456854 0.06457573942267665
0 0.14206694402420575 0.4791464655951426 0.02874432677760968 0.05112246037628567
0 0.15719553706505296 0.2975271984688646 0.0317700453857791 0.043050492948451084
0 0.1715677004538578 0.16030375219567675 0.018154311649016645 0.06457573942267665
0 0.08684757942511347 0.03384292915960153 0.027231467473524968 0.048431804567007394
0 0.2646085476550681 0.13205186619825565 0.04084720121028737 0.045741148757729125
0 0.43783093797276856 0.06074948725238341 0.0877458396369138 0.05919442780412031
0 0.45749810892586984 0.09303735696372192 0.03328290468986387 0.032287869711338325
0 0.4907810136157337 0.09976399648691732 0.03025718608169439 0.05650377199484222
0 0.5021274583963692 0.028461617541045175 0.025718608169440254 0.03228786971133852
0 0.4665752647503782 0.21277154047660146 0.030257186081694445 0.040359837139172766
0 0.5565903933434191 0.32039777284772925 0.013615733736762564 0.040359837139173
0 0.2857885779122542 0.6109886002497739 0.03782148260211811 0.04574114875772931
0 0.0 0.0 0.0 0.0
0 0.32587934947049924 0.3055991658966991 0.027231467473524913 0.0699570510412332
0 0.23813350983358547 0.28676457523175175 0.02420574886535549 0.04305049294845104
0 0.22603063540090773 0.3540309704637065 0.021180030257186067 0.05381311618556394
0 0.394714447806354 0.3849735122704058 0.037821482602118 0.061885083613398575
0 0.4310230711043873 0.3150164612291728 0.025718608169440146 0.05112246037628586
0 0.5391925113464449 0.38093752855648855 0.027231467473524913 0.03228786971133852
