0 0.028602496217851745 1.0603281203992323 0.04992435703479575 0.05650377199484222
0 0.047513237518910754 0.7737732767111047 0.057488653555219385 0.0591944278041203
0 0.07474470499243571 0.5988806491080221 0.07261724659606653 0.13453279046390987
0 0.2373770801815431 0.8639102463219243 0.046898638426626324 0.045741148757729125
0 0.36445726172465964 0.8531476230848115 0.037821482602118 0.024215902283503506
0 0.2048506051437216 0.9822991019301648 0.042360060514372216 0.04574114875772931
0 0.17308055975794248 1.0226589390693377 0.03630862329803326 0.03497852552061641
0 0.17383698940998488 0.998443036785834 0.031770045385779155 0.024215902283503697
0 0.5308717851739787 0.8356583603245032 0.055975794251134595 0.04305049294845104
0 0.5059096066565809 0.7199601605255409 0.021180030257186067 0.03228786971133814
0 0.4612802571860817 0.4778011376905035 0.06807866868381239 0.06995705104123282
0 0.2207356278366112 0.5840820421569921 0.05295007564296522 0.05112246037628577
0 0.29637859304084724 0.5221969585435937 0.0317700453857791 0.04574114875772931
0 0.32209720121028745 0.5827367142523528 0.02874432677760973 0.02690655809278197
0 0.055833963691376706 0.44551326797916513 0.049924357034795745 0.17220197179380417
0 0.16854198184568836 0.737449423285849 0.024205748865355543 0.03497852552061641
