0 0.3614315431164902 1.251364682857984 0.07110438729198182 0.12646082303607503
0 0.5278460665658095 1.373789522180142 0.03782148260211805 0.12377016722679676
0 0.46203668683812404 0.984989757739443 0.027231467473524968 0.06188508361339838
0 0.0709625567322239 0.5100890074018418 0.022692889561270777 0.03228786971133852
0 0.11559190620272315 0.46165720283483425 0.02420574886535549 0.02690655809278197
0 0.10273260211800303 0.29752719846886455 0.031770045385779086 0.037669181329894684
0 0.07625756429652045 0.19124629400237586 0.03328290468986387 0.07264770685051128
0 0.48548600605143716 0.2423687543786615 0.019667170953101356 0.0349785255206166
0 0.5142303328290468 0.2948365426595864 0.022692889561270833 0.037669181329894684
0 0.4839731467473525 0.37824687274721036 0.016641452344931935 0.032287869711338325
0 0.5180124810892587 0.43205998893277414 0.030257186081694445 0.04305049294845128
0 0.5323846444780636 0.32981506818020284 0.013615733736762456 0.02690655809278197
0 0.5074224659606656 0.3271244123709246 0.018154311649016645 0.037669181329894684
0 0.42421520423600606 0.43878662845596966 0.027231467473524913 0.029597213902060243
