0 0.167785552193646 0.5450675329224582 0.03177004538577907 0.048431804567007394
0 0.3720215582450832 0.9917163972626384 0.03782148260211795 0.0591944278041203
0 0.09895045385779123 0.07958407791733084 0.018154311649016645 0.037669181329894684
0 0.2222484871406959 0.0782387500126917 0.016641452344931907 0.04035983713917296
0 0.17837556732223903 0.17779301495598487 0.02571860816944023 0.0349785255206166
0 0.2184663388804841 0.24102342647402247 0.024205748865355464 0.03228786971133852
0 0.3062121785173979 0.17106637543278938 0.02420574886535549 0.032287869711338325
0 0.337982223903177 0.11590793134258649 0.02420574886535549 0.024215902283503888
0 0.25401853252647505 0.015008338494654189 0.019667170953101304 0.010762623237112712
0 0.4665752647503782 0.20066358933484962 0.009077155824508376 0.032287869711338325
0 0.4053044629349471 0.09438268486836096 0.010590015128593033 0.029597213902060243
0 0.4340487897125567 0.05671350353846609 0.013615733736762456 0.029597213902060243
0 0.5112046142208774 0.0782387500126917 0.01664145234493188 0.02421590228350371
0 0.49002458396369136 0.10783596391475185 0.01664145234493188 0.029597213902060056
0 0.497588880484115 0.04864153611063156 0.010590015128593033 0.018834590664947342
0 0.5006145990922845 0.02442563382712805 0.01664145234493188 0.018834590664947342
0 0.3750472768532526 0.14685047314928568 0.010590015128593033 0.02690655809278178
0 0.37126512859304084 0.21277154047660146 0.024205748865355543 0.0349785255206166
0 0.5263332072617247 0.23564211485546602 0.013615733736762564 0.021525246474225615
0 0.3296614977307111 0.2840739194224736 0.016641452344931935 0.01614393485566907
0 0.3697522692889561 0.2760019519946389 0.012102874432677692 0.02690655809278197
0 0.39168872919818465 0.2504407218064962 0.016641452344931935 0.029597213902060056
0 0.25401853252647505 0.17644768705134584 0.013615733736762456 0.021525246474225424
0 0.5187689107413012 0.2854192473271126 0.007564296520423611 0.029597213902060198
0 0.5263332072617247 0.3257790844662855 0.013615733736762564 0.018834590664947342
0 0.5217946293494705 0.15223178476784202 0.013615733736762456 0.021525246474225615
0 0.167785552193646 0.6015713049173002 0.019667170953101408 0.02690655809278197
