0 0.5407053706505296 0.7589746697600745 0.042360060514372244 0.04574114875772931
0 0.2003120272314675 0.20873555676268413 0.0877458396369138 0.04305049294845123
0 0.25704425113464446 0.6997802419559545 0.05295007564296525 0.051122460376285477
0 0.12920763993948564 0.6311685188193604 0.024205748865355543 0.043050492948450945
0 0.2978914523449319 0.3109804775152555 0.02874432677760968 0.03228786971133814
0 0.3326872163388805 0.25447670552041346 0.013615733736762456 0.02690655809278197
0 0.31680219364599094 0.37690154484257116 0.024205748865355436 0.04574114875772931
0 0.4121123298033283 0.4038081029353532 0.0121028744326778 0.024215902283503888
0 0.5331410741301059 0.2558220334250526 0.02723146747352502 0.04035983713917296
0 0.521038199697428 0.21815285209515783 0.018154311649016645 0.024215902283503888
0 0.48170385779122543 0.1818289986699023 0.015128593040847222 0.032287869711338325
0 0.5308717851739788 0.4589665470255561 0.01664145234493188 0.04305049294845123
0 0.5361667927382754 0.42802400521885686 0.021180030257186067 0.040359837139172766
0 0.07171898638426626 0.42936933312349584 0.018154311649016645 0.03766918132989473
0 0.02860249621785174 0.49798105626008987 0.02874432677760968 0.04574114875772931
0 0.036166792738275375 0.2854192473271126 0.01966717095310135 0.029597213902060198
0 0.08760400907715585 0.2867645752317517 0.025718608169440202 0.04843180456700759
0 0.0694496974281392 0.015008338494654189 -0.007564296520423557 -0.010762623237112712
