0 0.26006996974281393 0.6338591746286386 0.06202723146747354 0.07533836265978937
0 0.2797371406959153 0.4993263841647289 0.0499243570347958 0.06457573942267665
0 0.18972201210287443 0.25985801713896983 0.11497730711043871 0.05919442780412011
0 0.41438161875945534 0.1159079313425864 0.09531013615733736 0.05112246037628566
0 0.25931354009077157 0.04191489658743625 0.09682299546142206 0.06995705104123301
0 0.07398827534039337 0.6863269629095634 0.037821482602118 0.06188508361339838
0 0.15341338880484115 0.6029166328219394 0.04236006051437213 0.040359837139172766
0 0.15795196671709533 0.401117447126075 0.015128593040847169 0.03497852552061641
0 0.08230900151285932 0.29349121475494727 0.02420574886535553 0.03497852552061641
0 0.05507753403933435 0.37152023322401484 0.03025718608169439 0.05112246037628586
0 0.14055408472012104 0.11321727553330821 0.025718608169440254 0.05650377199484202
0 0.17534984871406958 0.30828982170597724 0.019667170953101356 0.037669181329894684
0 0.30696860816944027 0.32577908446628556 0.037821482602118 0.06726639523195493
0 0.3674829803328291 0.34999498674978935 0.0317700453857791 0.0726477068505111
0 0.4083301815431165 0.3674842495100975 0.0317700453857791 0.07533836265978937
0 0.46279311649016636 0.23160613114154882 0.0438729198184569 0.06726639523195474
0 0.4938067322239032 0.32981506818020284 0.02420574886535549 0.037669181329894684
0 0.5399489409984871 0.3365417077033983 0.03479576399394852 0.05112246037628567
0 0.4960760211800303 0.44954925169308246 0.013615733736762456 0.024215902283503888
0 0.5331410741301059 0.8006798348038865 0.02723146747352502 0.037669181329894684
0 0.41059947049924356 0.6217512234868868 0.03328290468986387 0.09955426494329288
0 0.3304179273827534 0.832967704515225 0.02420574886535549 0.04843180456700759
0 0.21922276853252645 0.7603199976647137 0.02874432677760968 0.04305049294845104
0 0.33949508320726174 0.5383408933992628 0.03328290468986387 0.040359837139172766
0 0.30016074130105896 0.5248876143528718 0.030257186081694445 0.024215902283503888
0 0.3667265506807867 0.4939450725461726 0.03328290468986392 0.037669181329894684
0 0.2714164145234493 0.46972917026266886 0.027231467473524913 0.03228786971133814
