0 0.40984304084720125 0.4616572028348344 0.07413010590015134 0.20448984150514268
0 0.13450264750378216 0.6325138467239997 0.04084720121028744 0.0834103300876241
0 0.20787632375189108 1.0657094320177887 0.03328290468986389 0.04574114875772931
0 0.24569780635400906 0.6728736838631725 0.024205748865355543 0.04035983713917315
0 0.32209720121028745 0.4912544167368945 0.03479576399394847 0.03228786971133852
0 0.24040279878971255 0.3849735122704058 0.019667170953101384 0.018834590664947342
0 0.2169534795763994 0.3123258054198945 0.033282904689863814 0.029597213902060056
0 0.22527420574886536 0.26389400085288706 0.03479576399394852 0.03497852552061641
0 0.40984304084720125 0.27734727989927804 0.019667170953101304 0.06188508361339838
0 0.3810987140695915 0.11590793134258648 0.010590015128593033 0.013453279046390794
0 0.3478158093797277 0.06882145468021804 0.022692889561270777 0.021525246474225615
0 0.44917738275340396 0.028461617541045175 0.022692889561270885 0.02690655809278159
0 0.23359493192133135 0.06344014306166168 0.021180030257186094 0.02690655809278216
0 0.20258131618759453 0.05805883144310532 0.01361573373676251 0.02690655809278178
0 0.19501701966717094 0.0782387500126917 0.007564296520423611 0.02421590228350371
0 0.05053895612708019 0.21680752419051869 0.09984871406959149 0.12377016722679696
0 0.21090204236006052 0.207390228858045 0.018154311649016645 0.024215902283503697
0 0.29486573373676245 0.3109804775152555 0.019667170953101464 0.03228786971133814
0 0.337982223903177 0.3499949867497894 0.02420574886535549 0.018834590664947342
0 0.3629444024205749 0.3055991658966991 0.013615733736762456 0.02690655809278202
0 0.38563729198184565 0.3015631821827818 0.01664145234493188 0.04035983713917296
0 0.49002458396369136 0.14550514524464656 0.01664145234493188 0.04574114875772931
0 0.4885117246596067 0.3943908076028795 0.013615733736762456 0.021525246474225424
0 0.308481467473525 0.19124629400237586 0.019667170953101304 0.029597213902060056
0 0.37429084720121025 0.2625486729482481 0.009077155824508269 0.02690655809278197
0 0.3977401664145234 0.16433973590959397 0.016641452344931987 0.04035983713917296
0 0.35840582450832076 0.22218883580907506 0.013615733736762402 0.032287869711338325
0 0.25553139183055973 0.5221969585435938 0.022692889561270725 0.029597213902060056
0 0.2699035552193646 0.372865561128654 0.009077155824508269 0.021525246474225615
0 0.3236100605143722 0.4253333494095787 0.022692889561270777 0.045741148757729125
0 0.27746785173978816 0.4051534308399922 0.0121028744326778 0.037669181329894684
0 0.15946482602118003 0.32981506818020284 0.021180030257186122 0.03228786971133814
0 0.15190052950075644 0.25447670552041346 0.021180030257186067 0.048431804567007394
0 0.2222484871406959 0.3567216262729847 0.016641452344931907 0.021525246474225615
0 0.024820347957639967 0.3392323635126766 0.027231467473524975 0.04035983713917291
0 0.07852685325264752 0.2975271984688645 0.010590015128593087 0.02690655809278197
0 0.09819402420574888 0.3069444938013382 0.025718608169440202 0.0349785255206166
0 0.14282337367624812 0.38766416807968396 0.012102874432677746 0.013453279046390985
0 0.11332261724659606 0.5006717120693681 0.010590015128593033 0.013453279046391176
0 0.11180975794251134 0.5302689259714283 0.004538577912254174 0.018834590664947342
0 0.08382186081694404 0.6284778630100821 0.021180030257186108 0.02690655809278197
0 0.17005484114977307 0.7145788489069844 0.024205748865355543 0.03228786971133852
0 0.09214258698941 0.734758767476571 0.013615733736762456 0.008071967427834439
0 0.0709625567322239 0.3526856425590675 0.022692889561270777 0.04574114875772931
0 0.0883604387291982 0.37421088903329297 0.01815431164901663 0.013453279046390985
0 0.0770139939485628 0.4845277772136989 0.01361573373676251 0.018834590664947342
0 0.24267208774583962 0.44147728426524785 0.009077155824508349 0.013453279046390794
0 0.2842757186081695 0.28676457523175175 0.013615733736762456 0.021525246474225424
0 0.4953195915279879 0.34057769141731564 0.021180030257186067 0.043050492948450994
0 0.28654500756429657 0.5706287631106011 0.018154311649016645 0.024215902283503888
0 0.26612140695915276 0.6082979444404958 0.010590015128593033 0.024215902283503888
0 0.22603063540090773 0.5544848282549322 0.006051437216338873 0.018834590664947342
