0 0.31226361573373673 0.30828982170597724 0.12102874432677761 0.11300754398968405
0 0.297891452344932 0.3849735122704058 0.04084720121028737 0.0349785255206166
0 0.42875378214826015 0.3836281843657668 0.03025718608169439 0.02690655809278197
0 0.5074224659606656 0.6217512234868867 0.02420574886535549 0.024215902283503603
0 0.34554652042360057 0.6728736838631725 0.02723146747352502 0.04035983713917315
0 0.25401853252647505 0.5894633537755485 0.022692889561270833 0.024215902283503888
0 0.17837556732223905 0.5773554026337967 0.037821482602118 0.06457573942267655
0 0.16173411497730714 0.4522399075023606 0.02874432677760968 0.06726639523195474
0 0.16249054462934948 0.4051534308399922 0.015128593040847195 0.037669181329894684
0 0.14433623298033285 0.3634482657961802 0.018154311649016645 0.0349785255206166
0 0.0770139939485628 0.4051534308399923 0.0317700453857791 0.05381311618556375
0 0.12845121028744327 0.4091894145539095 0.028744326777609693 0.05650377199484202
0 0.0959247352496218 0.5154703190203982 0.03933434190620271 0.059194427804120486
0 0.22603063540090776 0.12128924296114293 0.05143721633888049 0.08879164170618035
0 0.2343513615733737 0.039224240778157886 0.034795763993948604 0.037669181329894684
0 0.34857223903177004 0.1899009660977367 0.03328290468986376 0.032287869711338325
0 0.43934379727685324 0.2033542451441277 0.030257186081694337 0.032287869711338325
0 0.4060608925869894 0.28945523104102994 0.03630862329803329 0.02690655809278178
0 0.2169534795763994 0.32443375656164647 0.018154311649016645 0.01614393485566926
0 0.32739220877458397 0.5356502375899848 0.015128593040847222 0.018834590664947342
0 0.3402515128593041 0.5571754840642102 0.013615733736762456 0.024215902283503506
0 0.3168021936459909 0.5921540095848268 0.0121028744326778 0.018834590664947342
0 0.32814863842662634 0.6109886002497742 0.010590015128593033 0.018834590664947342
0 0.46279311649016636 0.485873105118338 0.010590015128593033 0.03766918132989487
0 0.5233074886535551 0.5195063027343154 0.013615733736762456 0.05112246037628586
0 0.42194591527987896 0.7186148326209018 0.010590015128593033 0.024215902283503888
0 0.42572806354009074 0.7522480302368791 0.015128593040847222 0.05919442780412011
0 0.4991017397881997 0.8867808207007888 0.019667170953101304 0.04305049294845123
0 0.41286875945537066 0.5450675329224581 0.025718608169440146 0.02690655809278197
