0 0.12845121028744327 0.8558382788940896 0.040847201210287426 0.045741148757729125
0 0.35386724659606655 1.0885800063966533 0.0317700453857791 0.05381311618556375
0 0.17610627836611195 1.1773716481028338 0.06656580937972768 0.0591944278041203
0 0.04448751891074132 0.21815285209515783 0.024205748865355543 0.024215902283503888
0 0.038436081694402414 0.10918129181939099 0.012102874432677746 0.02690655809278178
0 0.13828479576399397 0.0742027662987744 0.024205748865355543 0.03228786971133834
0 0.1836705748865356 0.16703039171887216 0.012102874432677746 0.024215902283503888
0 0.16551626323751892 0.11725325924722561 0.015128593040847222 0.032287869711338325
0 0.22527420574886534 0.0849653895358872 0.01664145234493188 0.037669181329894684
0 0.2646085476550681 0.15357711267248117 0.013615733736762456 0.024215902283503888
0 0.32739220877458397 0.09438268486836096 0.009077155824508269 0.029597213902060243
0 0.37958585476550677 0.07554809420341353 0.019667170953101304 0.029597213902060066
0 0.43631807866868383 0.019044322208571503 0.018154311649016697 0.018834590664947342
0 0.18367057488653554 0.21680752419051869 0.015128593040847169 0.021525246474225615
0 0.21619704992435707 0.20873555676268415 0.013615733736762484 0.016143934855669284
0 0.09516830559757945 0.30290851008742087 0.01664145234493192 0.02690655809278197
0 0.13450264750378216 0.27196596828072156 0.010590015128593087 0.018834590664947342
0 0.15341338880484115 0.331160396084842 0.01815431164901667 0.018834590664947533
0 0.18745272314674735 0.29080055894566903 0.013615733736762456 0.018834590664947484
0 0.1851834341906203 0.2665846566621654 0.015128593040847169 0.018834590664947342
0 0.23435136157337366 0.31367113332453367 0.013615733736762456 0.021525246474225615
0 0.2638521180030257 0.2665846566621654 0.0121028744326778 0.018834590664947342
0 0.29637859304084724 0.1966276056209322 0.010590015128593033 0.018834590664947342
0 0.3326872163388805 0.1683757196235112 0.013615733736762456 0.02690655809278197
0 0.33344364599092285 0.13877850572145115 0.009077155824508376 0.01614393485566926
0 0.4121123298033283 0.09976399648691732 0.0121028744326778 0.029597213902060243
0 0.4287537821482602 0.1414691615307293 0.009077155824508269 0.02690655809278178
0 0.5089353252647504 0.10783596391475185 0.0121028744326778 0.018834590664947342
0 0.49002458396369136 0.2531313776157743 0.01664145234493188 0.03497852552061641
0 0.432535930408472 0.415916054077105 0.010590015128593033 0.021525246474225615
0 0.4491773827534039 0.3890094959843231 0.016641452344931987 0.021525246474225424
0 0.42799735249621784 0.4576212191209169 0.007564296520423611 0.018834590664947342
0 0.44161308623298035 0.4872184330229772 0.013615733736762456 0.013453279046390794
0 0.3447900907715582 0.21815285209515783 0.010590015128593033 0.013453279046390794
0 0.35916225416036307 0.21277154047660138 0.012102874432677692 0.013453279046390985
