0 0.13374621785173976 0.7535933581415184 0.04841149773071103 0.04574114875772931
0 0.21317133131618762 0.6217512234868867 0.022692889561270833 0.024215902283503603
0 0.33873865355521937 0.24775006599721797 0.013615733736762564 0.018834590664947533
0 0.16097768532526474 0.6056072886312176 0.0060514372163389 0.018834590664947342
0 0.28125 0.5289235980667892 0.019667170953101408 0.021525246474225424
0 0.0467568078668684 0.40380810293535313 0.012102874432677758 0.013453279046390747
0 0.06491111951588505 0.4482039237884434 0.00907715582450833 0.010762623237112712
0 0.1413105143721634 0.28676457523175175 0.010590015128593033 0.021525246474225424
0 0.19728630862329805 0.35806695417762385 0.013615733736762456 0.013453279046390794
0 0.36294440242057485 0.1899009660977367 0.018154311649016645 0.032287869711338325
0 0.024063918305597606 0.2531313776157743 0.018154311649016645 0.03497852552061641
0 0.17686270801815432 0.49932638416472913 0.006051437216338846 0.037669181329894684
0 0.22376134644478066 0.3849735122704058 0.0060514372163389 0.018834590664947342
0 0.18972201210287445 0.442822612169887 0.007564296520423611 0.021525246474225615
0 0.2025813161875946 0.4603118749301952 0.009077155824508323 0.013453279046390794
0 0.20409417549167932 0.17913834286062402 0.012102874432677746 0.032287869711338325
0 0.411355900151286 1.2083141899095329 0.0695915279878971 0.0726477068505111
0 0.012717473524962204 0.8491116393708941 0.02874432677760968 0.0591944278041203
