0 0.1526569591527988 1.3011418153296306 0.07110438729198186 0.15605803693813508
0 0.254018532526475 0.9405939368863527 0.040847201210287426 0.0591944278041203
0 0.31302004538577916 0.8437303277523378 0.04387291981845685 0.08071967427834592
0 0.41589447806354013 0.7562840139507965 0.0317700453857791 0.051122460376285477
0 0.41740733736762486 0.9338672973631572 0.03479576399394852 0.07264770685051128
0 0.4204330559757943 1.1370118109636607 0.04084720121028737 0.07533836265978937
0 0.4544723903177004 1.0737813994456231 0.02723146747352502 0.06188508361339838
0 0.46279311649016636 0.9675004949791347 0.022692889561270833 0.02690655809278178
0 0.5505389561270801 0.8894714765100671 0.022692889561270833 0.037669181329894684
0 0.497588880484115 0.9486659043141873 0.01664145234493188 0.05381311618556375
0 0.5043967473524962 0.7186148326209016 0.030257186081694337 0.04035983713917296
0 0.167785552193646 0.8275863928966685 0.03177004538577907 0.037669181329894684
0 0.49229387291981846 0.036533584968879707 0.04841149773071098 0.04843180456700759
