0 0.4529595310136157 0.9540472159327438 0.07866868381240548 0.06457573942267665
0 0.5089353252647504 0.7024708977652325 0.04841149773071109 0.083410330087624
0 0.23435136157337366 0.34999498674978924 0.0650529500756429 0.083410330087624
0 0.1624905446293495 0.8262410649920295 0.03328290468986387 0.05112246037628586
0 0.11786119515885025 1.0199682832600594 0.02874432677760968 0.05112246037628567
0 0.1640034039334342 1.2231127968605628 0.10590015128593044 0.1183888556082404
0 0.22754349470499244 1.2271487805744803 0.05143721633888051 0.09955426494329307
0 0.05734682299546141 1.0993426296337663 0.049924357034795745 0.05919442780412011
0 0.01725605143721635 0.3769015448425712 0.03025718608169439 0.09417295332473671
0 0.4756524205748865 0.6634563885306989 0.02723146747352502 0.03228786971133804
