0 0.09365544629349475 0.8504569672755333 0.13161875945537066 0.0726477068505111
0 0.15492624810892588 0.9136873787935708 0.10892586989409987 0.06995705104123301
0 0.4000094553706505 1.1719903364842774 0.11497730711043883 0.10224492075257134
0 0.3795858547655068 0.7495573744276011 0.040847201210287475 0.05381311618556394
0 0.43102307110438726 0.5073983515925637 0.03479576399394858 0.037669181329894684
0 0.09819402420574888 0.12801588248433843 0.016641452344931945 0.037669181329894684
0 0.22905635400907715 0.12263457086578197 0.009077155824508269 0.021525246474225615
0 0.29637859304084724 0.08362006163124815 0.016641452344931987 0.018834590664947342
0 0.3054557488653556 0.10514530810547376 0.013615733736762456 0.018834590664947342
0 0.2736857034795764 0.01769899430393246 0.01664145234493188 0.01614393485566926
0 0.3205843419062027 0.15895842429103751 0.01664145234493188 0.0349785255206166
0 0.4544723903177005 0.08362006163124816 0.012102874432677853 0.013453279046390806
0 0.48321671709531017 0.11052661972403004 0.009077155824508269 0.024215902283503697
0 0.27973714069591527 0.17644768705134584 0.016641452344931935 0.021525246474225424
0 0.3054557488653556 0.19797293352557133 0.013615733736762456 0.021525246474225615
0 0.4007658850226929 0.010972354780737065 0.013615733736762456 0.00807196742783463
0 0.45069024205748864 0.029806945445684213 0.019667170953101464 0.018834590664947342
0 0.4310230711043873 0.13205186619825565 0.019667170953101304 0.029597213902060243
0 0.5104481845688351 0.20469957304876685 0.0242057488653556 0.040359837139172766
