0 0.14584909228441756 1.1195225482033526 0.14826021180030258 0.11569819979896233
0 0.4196766263237519 0.9325219694585182 0.0242057488653556 0.05381311618556394
0 0.5240639183055975 0.7401400790951275 0.05143721633888051 0.07264770685051128
0 0.16854198184568836 0.11725325924722552 0.04538577912254158 0.048431804567007394
0 0.2169534795763994 0.14012383362609018 0.021180030257186067 0.0349785255206166
0 0.2782242813918306 0.23833277066474431 0.040847201210287475 0.0591944278041203
0 0.3576493948562784 0.1132172755333083 0.02420574886535549 0.029597213902060243
0 0.4000094553706505 0.19124629400237586 0.021180030257186174 0.04574114875772931
0 0.17837556732223903 0.18182899866990218 0.0317700453857791 0.05381311618556394
0 0.012717473524962192 0.2692753124714435 0.02420574886535549 0.040359837139172766
0 0.07777042360060515 0.16433973590959397 0.015128593040847222 0.03497852552061641
0 0.06491111951588503 0.048641536110631656 0.022692889561270826 0.05650377199484222
0 0.02482034795763995 0.03787891287351884 0.015128593040847195 0.024215902283503506
