0 0.029837570621468943 0.8656071076479731 0.032485875706214716 0.04521669889659897
0 0.010769774011299459 1.0188414761308913 0.02824858757062148 0.05024077655177631
0 0.03266242937853108 0.6646440014408672 0.018361581920903966 0.035168543586243516
0 0.4782838983050849 0.27653400257839417 0.025423728813559258 0.032656504758654746
0 0.5460805084745763 0.462424875819967 0.016949152542372947 0.05275281537936527
0 0.5439618644067798 0.38580769157850797 0.018361581920903883 0.060288931862131766
0 0.5298375706214691 0.37575953626815267 0.021186440677966184 0.04521669889659878
0 0.16048728813559326 0.17102837181966363 0.01129943502824856 0.032656504758654746
0 0.21204096045197746 0.1220436146816817 0.012711864406779657 0.035168543586243516
0 0.28972457627118653 0.08185099344026045 0.01271186440677971 0.01507223296553299
0 0.3412782485875707 0.34310303150949806 0.011299435028248667 0.020096310620710527
0 0.3532838983050848 0.29411827437151605 0.015536723163841797 0.022608349448299484
0 0.41048728813559326 0.29914235202669354 0.02259887005649717 0.02763242710347697
0 0.450741525423729 0.22001312895764577 0.009887005649717517 0.01507223296553299
0 0.44791666666666674 0.2011728377507295 0.00988700564971757 0.012560194137944031
0 0.44297316384180796 0.26648584726803887 0.011299435028248614 0.012560194137944222
0 0.4634533898305086 0.24513351723353402 0.015536723163841797 0.020096310620710527
0 0.49170197740113 0.34435905092329244 0.015536723163841797 0.022608349448299293
0 0.4578036723163843 0.30919050733704895 0.009887005649717463 0.0075361164827662565
0 0.5157132768361582 0.40590400219921857 0.007062146892655323 0.01507223296553299
0 0.5164194915254238 0.42348827399234035 0.00564971751412428 0.005024077655177536
0 0.3984816384180791 0.49131332233723857 0.012711864406779657 0.025120388275888063
0 0.35893361581920913 0.462424875819967 0.015536723163841797 0.017584271793121758
0 0.37588276836158196 0.4209762351647516 0.018361581920903883 0.01507223296553299
0 0.37941384180790966 0.3920877886474801 0.01129943502824856 0.012560194137944031
0 0.35399011299435035 0.3782715750957415 0.00564971751412428 0.010048155310355264
0 0.3603460451977402 0.3631993421302087 0.01271186440677971 0.010048155310355264
0 0.34622175141242945 0.3531511868198533 0.004237288135593237 0.005024077655177536
0 0.31514830508474584 0.23508536192317864 0.01271186440677971 0.025120388275888254
0 0.25582627118644075 0.3531511868198533 0.01271186440677971 0.01507223296553299
0 0.2981991525423729 0.37450351685435834 0.015536723163841797 0.022608349448299484
0 0.3264477401129945 0.3192386626474042 0.009887005649717517 0.01758427179312171
0 0.31585451977401136 0.2928622549577215 0.00564971751412428 0.01507223296553299
0 0.24170197740113 0.3041664296818712 0.00988700564971757 0.01758427179312171
0 0.20921610169491528 0.2803020608197775 0.018361581920903935 0.01507223296553299
0 0.24735169491525427 0.3832956527509192 0.02118644067796613 0.025120388275888254
0 0.2395833333333334 0.36194332271641416 0.005649717514124334 0.012560194137944222
0 0.2699505649717514 0.505129535888977 0.021186440677966076 0.037680582413832285
0 0.3433968926553673 0.48880128350964974 0.015536723163841904 0.025120388275888254
0 0.38365112994350287 0.5252258465096875 0.022598870056497064 0.032656504758654746
0 0.37305790960451984 0.5591383706821367 0.01836158192090399 0.03014446593106598
0 0.23463983050847462 0.5365300212338373 0.00423728813559321 0.025120388275888444
0 0.24170197740113 0.48628924468206086 0.015536723163841769 0.010048155310355073
0 0.2522951977401131 0.46996099230273364 0.01129943502824856 0.012560194137944031
0 0.27277542372881364 0.45363273992340625 0.009887005649717517 0.010048155310355264
0 0.2868997175141244 0.5591383706821368 0.01836158192090399 0.025120388275888254
0 0.26853813559322043 0.6068671084063244 0.012711864406779603 0.020096310620710718
0 0.25865112994350287 0.5830027395442305 0.0070621468926554305 0.012560194137944222
0 0.24170197740113 0.5729545842338752 0.00988700564971757 0.002512038827588768
