0 0.3236100605143722 1.0509108250667587 0.05900151285930412 0.1076262323711277
0 0.007422465960665675 0.500671712069368 0.016641452344931935 0.06188508361339838
0 0.13677193645990923 0.30156318218278183 0.018154311649016645 0.024215902283503888
0 0.14811838124054463 0.37286556112865393 0.013615733736762456 0.02690655809278178
0 0.24569780635400906 0.2006635893348495 0.024205748865355543 0.02690655809278197
0 0.25099281391830564 0.165685063814233 0.013615733736762456 0.021525246474225615
0 0.2018248865355522 0.03249760125496249 0.02420574886535549 0.051122460376285477
0 0.3644572617246596 0.28810990313639084 0.010590015128593033 0.018834590664947342
0 0.3765601361573373 0.3795922006518494 0.019667170953101356 0.06726639523195493
0 0.5225510590015129 0.32712441237092466 0.03328290468986387 0.032287869711338325
0 0.5399489409984871 0.43744130055133057 0.019667170953101408 0.037669181329894684
0 0.5323846444780636 0.2100808846673232 0.019667170953101304 0.04574114875772931
0 0.48699886535552195 0.1966276056209322 0.0317700453857791 0.04574114875772931
