0 0.04146180030257188 0.1858649823838195 0.04841149773071106 0.08879164170618055
0 0.1148354765506808 0.11321727553330821 0.022692889561270777 0.083410330087624
0 0.20031202723146746 0.04595088030135347 0.027231467473524913 0.07802901846906744
0 0.272929273827534 0.1831743265745413 0.02420574886535549 0.029597213902060243
0 0.3115071860816944 0.1441598173400075 0.013615733736762402 0.037669181329894684
0 0.29184001512859303 0.29080055894566903 0.040847201210287475 0.04035983713917296
0 0.21241490166414523 0.6567297490075034 0.021180030257186094 0.09417295332473681
0 0.33495650529500753 0.6930536024327589 0.04841149773071109 0.06457573942267665
0 0.3894194402420575 0.7764639325203829 0.02723146747352502 0.06457573942267665
0 0.04751323751891075 0.9553925438373828 0.024205748865355543 0.04574114875772931
0 0.19501701966717094 0.4925997446415336 0.01664145234493188 0.024215902283503697
0 0.2282999243570348 0.4764558097858642 0.010590015128593007 0.018834590664947342
0 0.14055408472012104 0.46972917026266886 0.02874432677760968 0.03228786971133814
0 0.00590960665658095 0.7172695047162625 0.013615733736762484 0.037669181329894684
