0 0.3742908472012103 0.8558382788940896 0.05748865355521936 0.07264770685051128
0 0.05432110438729197 0.31232580541989463 0.037821482602118 0.03497852552061641
0 0.15719553706505296 0.18721031028845853 0.02571860816944028 0.037669181329894684
0 0.35159795763993945 0.2800379357085563 0.027231467473524913 0.06188508361339838
0 0.443125945537065 0.2585126892343308 0.03782148260211795 0.0349785255206166
0 0.5180124810892587 0.07554809420341352 0.05748865355521936 0.05112246037628586
0 0.40379160363086236 0.22891547533227052 0.013615733736762564 0.029597213902060056
0 0.5376796520423601 0.3553762983683457 0.02420574886535549 0.04035983713917296
0 0.554321104387292 0.4011174471260749 0.015128593040847222 0.018834590664947293
0 0.4680881240544629 0.42129736569566134 0.0121028744326778 0.05381311618556375
0 0.45069024205748864 0.41591605407710514 0.019667170953101464 0.037669181329894684
0 0.3848808623298033 0.344613675131233 0.018154311649016645 0.008071967427834439
0 0.3795858547655068 0.4051534308399922 0.013615733736762456 0.02690655809278197
0 0.39017586989409986 0.4778011376905035 0.019667170953101408 0.03228786971133814
0 0.11256618759455371 0.3755562169379321 0.03025718608169439 0.04305049294845123
0 0.13298978819969745 0.30963514961061633 0.016641452344931935 0.024215902283503697
0 0.148874810892587 0.5073983515925635 0.01815431164901659 0.02690655809278197
0 0.21165847201210286 0.43609597264669153 0.016641452344931935 0.0349785255206166
0 0.2411592284417549 0.6042619607265785 0.021180030257186094 0.03228786971133852
0 0.35008509833585477 0.570628763110601 0.02420574886535549 0.03497852552061641
0 0.3742908472012103 0.5894633537755485 0.018154311649016697 0.024215902283503888
0 0.40303517397881994 0.5948446653941049 0.03328290468986387 0.05112246037628586
0 0.45674167927382747 0.2948365426595864 0.01664145234493188 0.037669181329894684
0 0.5028838880484116 0.3594122820822631 0.027231467473524913 0.037669181329894684
0 0.5225510590015129 0.4078440866492704 0.0121028744326778 0.032287869711338325
0 0.48397314674735253 0.43609597264669137 0.010590015128593033 0.024215902283503697
0 0.5021274583963691 0.4778011376905035 0.019667170953101304 0.03228786971133814
0 0.45674167927382747 0.5195063027343155 0.010590015128593033 0.024215902283503506
0 0.4113559001512859 0.5060530236879245 0.010590015128593033 0.013453279046390794
0 0.42118948562783665 0.5302689259714283 0.006051437216338846 0.018834590664947342
0 0.39320158850226933 0.639240486247195 0.013615733736762564 0.032287869711338325
0 0.41892019667170954 0.8208597533734732 0.01664145234493188 0.04035983713917315
0 0.38866301059001507 0.6796003233863679 0.03782148260211795 0.037669181329894684
