0 0.4726267019667171 0.9944070530719165 0.13313161875945537 0.20448984150514268
0 0.0 0.0 0.0 0.0
0 0.3440336611195159 0.5262329422575108 0.03933434190620271 0.06457573942267665
0 0.36823940998487137 0.7401400790951271 0.05143721633888051 0.083410330087624
0 0.4938067322239031 0.6567297490075035 0.036308623298033235 0.07264770685051128
0 0.09668116490166417 0.11321727553330821 0.11649016641452342 0.18565525084019532
0 0.5074224659606656 0.17241170333742858 0.07261724659606658 0.07802901846906764
0 0.11634833585476552 0.2760019519946389 0.031770045385779155 0.06457573942267665
0 0.26233925869894104 0.2383327706647442 0.030257186081694445 0.048431804567007394
0 0.30167360060514375 0.30156318218278183 0.027231467473524968 0.04574114875772931
0 0.3621879727685326 0.24371408228330055 0.021180030257186015 0.037669181329894684
0 0.3682394099848714 0.20469957304876685 0.02420574886535549 0.04574114875772931
0 0.43631807866868383 0.11859858715186467 0.030257186081694337 0.0565037719948422
0 0.4665752647503782 0.0432602244920753 0.03630862329803329 0.056503771994841835
0 0.4991017397881997 0.03115227335032335 0.03479576399394852 0.0591944278041203
0 0.32663577912254155 0.036533584968879707 0.0317700453857791 0.04843180456700759
0 0.24040279878971257 0.3540309704637065 0.022692889561270777 0.05381311618556394
0 0.11256618759455374 0.43878662845596966 0.021180030257186067 0.029597213902060243
0 0.19804273827534039 0.5921540095848268 0.025718608169440254 0.05650377199484202
0 0.28730143721633894 0.40246277503071404 0.019667170953101304 0.04305049294845104
0 0.34252080181543115 0.28272859151783447 0.021180030257186174 0.051122460376285477
0 0.3629444024205749 0.2961818705642254 0.013615733736762456 0.029597213902060243
0 0.3205843419062027 0.2652393287575262 0.01664145234493188 0.037669181329894684
0 0.5036403177004539 0.3203977728477292 0.06505295007564296 0.061885083613398575
0 0.5361667927382754 0.2921458868503081 0.021180030257186067 0.03228786971133814
0 0.5497825264750378 0.3917001517936012 0.015128593040847222 0.037669181329894635
0 0.48321671709531017 0.23429678695082698 0.030257186081694337 0.05112246037628567
0 0.41059947049924356 0.4374413005513306 0.03328290468986387 0.04843180456700759
