0 0.29335287443267777 0.9002340997471798 0.09228441754916789 0.10762623237112788
0 0.424215204236006 0.916378034602849 0.06051437216338878 0.09148229751545843
0 0.5293589258698941 0.7132335210023453 0.06202723146747354 0.083410330087624
0 0.5172560514372163 0.8275863928966687 0.03782148260211805 0.06457573942267647
0 0.33949508320726174 1.1087599249662399 0.075642965204236 0.10493557656184942
0 0.43631807866868383 0.3082898217059774 0.06354009077155831 0.10224492075257134
0 0.32739220877458397 0.21546219628587956 0.02420574886535549 0.018834590664947342
0 0.3667265506807867 0.1966276056209323 0.021180030257186067 0.029597213902060243
0 0.3009171709531014 0.6136792560590523 0.019667170953101304 0.018834590664947342
0 0.34479009077155826 0.4872184330229772 0.01361573373676251 0.024215902283503888
0 0.3727779878971255 0.4118800703631878 0.027231467473524913 0.029597213902060056
