0 0.45295953101361575 0.7078522093837891 0.03630862329803329 0.04574114875772931
0 0.43631807866868383 0.6284778630100823 0.02420574886535549 0.03766918132989487
0 0.5384360816944025 0.8222050812781122 0.016641452344931987 0.03766918132989487
0 0.007422465960665675 0.14146916153072933 0.016641452344931935 0.04843180456700759
0 0.05356467473524964 0.21949817999979687 0.027231467473524968 0.048431804567007394
0 0.1352590771558245 0.09707334067763915 0.018154311649016618 0.024215902283503888
0 0.16324697428139184 0.09707334067763906 0.01361573373676251 0.013453279046390973
0 0.2282999243570348 0.11456260343794744 0.016641452344931935 0.02690655809278197
0 0.054321104387292 0.05536817563382705 0.013615733736762456 0.032287869711338325
0 0.12013048411497732 0.13474252200753384 0.012102874432677758 0.024215902283503888
0 0.23359493192133132 0.059404159347744366 0.027231467473524968 0.04035983713917296
