0 0.25099281391830564 1.4975596894069387 0.10741301059001515 0.10224492075257134
0 0.11180975794251136 0.7562840139507965 0.06202723146747354 0.07802901846906783
0 0.32814863842662634 0.6580750769121424 0.019667170953101408 0.03228786971133852
0 0.33873865355521937 0.554484828254932 0.019667170953101408 0.029597213902060056
0 0.29486573373676245 0.5369955654946237 0.019667170953101464 0.032287869711338325
0 0.25023638426626327 0.5168156469250375 0.012102874432677746 0.018834590664947342
0 0.23208207261724662 0.2531313776157743 0.024205748865355543 0.09417295332473685
0 0.2608263993948563 0.42667867731421777 0.018154311649016697 0.03228786971133857
0 0.3440336611195159 0.31905244494309004 0.018154311649016697 0.021525246474225615
0 0.42875378214826015 0.20873555676268413 0.018154311649016645 0.04305049294845123
0 0.4839731467473525 0.2342967869508269 0.016641452344931935 0.018834590664947342
0 0.4665752647503782 0.2100808846673232 0.009077155824508376 0.029597213902060056
0 0.46581883509833594 0.17644768705134584 0.01059001512859298 0.021525246474225424
0 0.4491773827534039 0.2665846566621654 0.010590015128593033 0.018834590664947342
0 0.4764088502269289 0.2585126892343307 0.004538577912254188 0.013453279046390985
0 0.48019099848714064 0.3002178542781427 0.009077155824508323 0.021525246474225615
0 0.4885117246596066 0.2840739194224736 0.007564296520423611 0.01614393485566907
0 0.4968324508320726 0.32981506818020295 0.009077155824508269 0.021525246474225566
0 0.518768910741301 0.3351963797987592 0.013615733736762564 0.02690655809278197
0 0.4612802571860817 0.3634482657961803 0.007564296520423504 0.008071967427834439
0 0.47338313161875945 0.32981506818020284 0.016641452344931987 0.010762623237112712
0 0.4348052193645991 0.3123258054198945 0.006051437216338846 0.018834590664947342
0 0.5429746596066566 0.4576212191209169 0.007564296520423611 0.018834590664947342
0 0.25780068078668683 0.35403097046370663 0.015128593040847222 0.02690655809278178
0 0.3644572617246596 0.3499949867497893 0.01664145234493188 0.03497852552061641
0 0.3515979576399395 0.39708146341215766 0.00302571860816953 0.010762623237112903
0 0.3667265506807867 0.4011174471260749 0.006051437216338846 0.018834590664947293
0 0.3954708774583963 0.3917001517936013 0.018154311649016645 0.010762623237112903
0 0.3841244326777609 0.42398802150493964 0.010590015128593033 0.01614393485566907
0 0.3939580181543116 0.4374413005513305 0.006051437216338846 0.021525246474225424
0 0.4204330559757942 0.47511048188122523 0.001512859304084765 0.0
0 0.39320158850226933 0.5356502375899848 0.013615733736762564 0.018834590664947342
0 0.42118948562783665 0.5356502375899848 0.006051437216338846 0.018834590664947342
0 0.394714447806354 0.46972917026266886 0.0438729198184569 0.03228786971133814
0 0.26536497730711045 0.46300253073947334 0.009077155824508376 0.013453279046390985
0 0.2933528744326778 0.5894633537755485 0.0317700453857791 0.04035983713917305
0 0.29184001512859303 0.5639021235874055 0.019667170953101408 0.02690655809278197
0 0.25855711043872914 0.5410315492085409 0.01664145234493188 0.018834590664947342
0 0.24721066565809383 0.5571754840642102 0.0121028744326778 0.013453279046391176
0 0.2676342662632375 0.6540390931982251 0.013615733736762456 0.024215902283503888
0 0.297891452344932 0.42129736569566145 0.01361573373676251 0.04305049294845123
0 0.28654500756429646 0.3849735122704058 0.0030257186081694763 0.018834590664947342
0 0.3750472768532526 0.4710744981673079 0.010590015128593033 0.029597213902060056
0 0.30243003025718607 0.4522399075023607 0.010590015128593033 0.018834590664947342
0 0.3175586232980333 0.44013195636060876 0.010590015128593033 0.01614393485566907
0 0.3493286686838124 0.2625486729482481 0.007564296520423611 0.02690655809278197
