0 0.11105332829046899 0.6621110606260598 0.05446293494704988 0.083410330087624
0 0.18215771558245084 0.8692915579404806 0.03630862329803329 0.056503771994841835
0 0.4007658850226929 0.9621191833605782 0.019667170953101408 0.037669181329894684
0 0.26763426626323755 0.484527777213699 0.019667170953101408 0.029597213902060243
0 0.3099943267776097 0.43340531683741335 0.01664145234493188 0.04035983713917296
0 0.14131051437216338 0.39304547969824044 0.027231467473524968 0.04574114875772931
0 0.22527420574886534 0.36882957741473665 0.02571860816944023 0.029597213902060243
0 0.26990355521936465 0.17779301495598498 0.027231467473524968 0.029597213902060243
0 0.33873865355521937 0.20604490095340586 0.02874432677760968 0.037669181329894684
0 0.3319307866868381 0.08631071744052633 0.021180030257186015 0.029597213902060243
0 0.3099943267776097 0.13877850572145106 0.01664145234493188 0.032287869711338325
0 0.3750472768532526 0.12801588248433834 0.010590015128593033 0.032287869711338325
0 0.3886630105900151 0.0742027662987744 0.0317700453857791 0.03228786971133834
0 0.43934379727685324 0.11859858715186467 0.012102874432677853 0.045741148757729125
0 0.5210381996974282 0.03922424077815798 0.045385779122541665 0.06457573942267647
0 0.46430597579425115 0.24640473809257885 0.019667170953101408 0.02690655809278197
0 0.4627931164901664 0.2141168683812405 0.016641452344931987 0.026906558092781994
0 0.5331410741301059 0.3069444938013383 0.021180030257186067 0.024215902283503746
0 0.5225510590015129 0.33250572398948103 0.015128593040847115 0.021525246474225615
0 0.5308717851739788 0.3688295774147367 0.01664145234493188 0.018834590664947342
0 0.5338975037821483 0.39708146341215766 0.010590015128593033 0.010762623237112903
0 0.5096917549167926 0.41322539826782684 0.013615733736762456 0.02690655809278197
0 0.5225510590015128 0.44282261216988694 0.021180030257186174 0.03766918132989487
0 0.394714447806354 0.4199520377910223 0.01059001512859314 0.013453279046390985
0 0.42194591527987896 0.3849735122704058 0.022692889561270725 0.029597213902060056
0 0.4068173222390317 0.45493056331163884 0.0015128593040846577 0.013453279046391176
0 0.4310230711043873 0.4670385144533908 0.013615733736762456 0.02690655809278197
0 0.2910835854765507 0.2316061311415487 0.015128593040847222 0.024215902283503697
0 0.2699035552193646 0.2760019519946389 0.009077155824508269 0.02690655809278197
0 0.26006996974281393 0.3338510518941201 0.010590015128593033 0.013453279046391176
0 0.2562878214826021 0.359412282082263 0.009077155824508323 0.01614393485566907
0 0.2918400151285931 0.37152023322401484 0.007564296520423664 0.018834590664947342
0 0.29335287443267777 0.40380810293535313 0.010590015128593087 0.013453279046390747
0 0.2850321482602118 0.42264269360030043 0.0060514372163389 0.024215902283503937
0 0.27898071104387295 0.5544848282549318 0.01815431164901659 0.04574114875772931
0 0.32512291981845687 0.5517941724456538 0.013615733736762456 0.024215902283503888
0 0.33873865355521937 0.5208516306389546 0.02571860816944031 0.032287869711338325
0 0.2948657337367625 0.6056072886312176 0.007564296520423611 0.018834590664947342
0 0.13677193645990923 0.6029166328219394 0.018154311649016645 0.024215902283503603
0 0.13828479576399397 0.5894633537755485 0.0060514372163389 0.024215902283503888
0 0.15114409984871408 0.5571754840642102 0.013615733736762484 0.024215902283503506
0 0.17913199697428142 0.5383408933992628 0.021180030257186067 0.05112246037628586
0 0.18820915279878972 0.5100890074018418 0.015128593040847169 0.03228786971133852
0 0.19047844175491677 0.43340531683741323 0.010590015128593033 0.029597213902060056
0 0.17913199697428142 0.3755562169379321 0.015128593040847222 0.03228786971133814
0 0.3062121785173979 0.6607657327214208 0.009077155824508269 0.026906558092781876
