0 0.327392208774584 1.3024871432342697 0.09984871406959149 0.11569819979896233
0 0.07777042360060514 0.6917082745281198 0.11800302571860816 0.12646082303607475
0 0.30848146747352495 0.4455132679791652 0.17095310136157332 0.2636842693092628
0 0.16475983358547658 0.28676457523175175 0.046898638426626324 0.04305049294845104
0 0.36067511346444786 0.26792998456680445 0.01815431164901659 0.021525246474225424
0 0.4953195915279879 0.7818452441389394 0.012102874432677692 0.02690655809278197
0 0.29940431164901665 0.5894633537755485 0.010590015128593087 0.013453279046390794
0 0.4037916036308623 0.38228285646112753 0.007564296520423504 0.018834590664947342
0 0.432535930408472 0.3526856425590675 0.0045385779122541344 0.013453279046391176
0 0.5361667927382754 0.3957361355075186 0.006051437216338846 0.0026906558092782734
0 0.5581032526475037 0.37017490531937575 0.01664145234493177 0.021525246474225424
0 0.5248203479576399 0.3338510518941202 0.010590015128593033 0.029597213902060007
0 0.440856656580938 0.40246277503071404 0.0121028744326778 0.021525246474225615
0 0.43934379727685324 0.45493056331163884 0.009077155824508269 0.0026906558092780826
0 0.4499338124054463 0.4778011376905034 0.009077155824508215 0.01614393485566907
0 0.39622730711043874 0.17913834286062402 0.022692889561270833 0.032287869711338325
0 0.5013710287443267 0.07285743839413535 0.021180030257186174 0.024215902283503697
0 0.5286024962178517 0.1374331778168121 0.012102874432677692 0.018834590664947342
0 0.5233074886535551 0.1616490801003157 0.010590015128593033 0.013453279046390985
0 0.5429746596066566 0.19259162190701498 0.016641452344931987 0.016143934855669045
0 0.4189201966717095 0.41457072617246593 0.010590015128593087 0.024215902283503697
0 0.4060608925869894 0.4401319563606088 0.009077155824508376 0.02690655809278197
0 0.3198279122541604 0.5262329422575108 0.015128593040847222 0.02690655809278197
0 0.5361667927382753 0.43340531683741323 0.015128593040847222 0.029597213902060056
0 0.5217946293494705 0.8921621323193452 0.013615733736762456 0.02690655809278197
