0 0.08836043872919819 1.0912706622059316 0.06051437216338878 0.13453279046390967
0 0.42648449319213316 0.9392486089817136 0.03782148260211811 0.04035983713917296
0 0.49229387291981846 0.9056154113657362 0.027231467473524913 0.04305049294845104
0 0.05734682299546145 0.6150245839636912 0.09228441754916794 0.09148229751545862
0 0.13450264750378216 0.7213054884301798 0.06807866868381245 0.04574114875772931
0 0.09970688350983357 0.7589746697600745 0.03479576399394858 0.04574114875772931
0 0.28200642965204237 0.72130548843018 0.060514372163388834 0.05650377199484202
0 0.21241490166414523 0.5356502375899845 0.03025718608169439 0.04574114875772931
0 0.26309568835098335 0.3957361355075186 0.03782148260211795 0.03497852552061641
0 0.38790658093797276 0.6473124536750298 0.03630862329803329 0.03766918132989459
0 0.012717473524962192 0.6311685188193605 0.02420574886535549 0.05919442780412011
0 0.4650624054462935 0.21546219628587954 0.021180030257186122 0.05650377199484202
0 0.30696860816944027 0.2961818705642254 0.037821482602118 0.06188508361339838
0 0.44842095310136154 0.5639021235874058 0.027231467473524913 0.037669181329894684
0 0.47792170953101365 0.5854273700616311 0.019667170953101304 0.03228786971133852
0 0.3152893343419062 0.484527777213699 0.03328290468986376 0.029597213902060243
0 0.25931354009077157 0.46434785864411254 0.02420574886535549 0.03228786971133852
0 0.15492624810892586 0.3621029378915413 0.05143721633888051 0.04305049294845104
0 0.09743759455370651 0.3849735122704058 0.030257186081694445 0.0349785255206166
0 0.09365544629349475 0.4670385144533906 0.016641452344931935 0.037669181329894684
0 0.09895045385779126 0.5665927793966838 0.027231467473524968 0.03228786971133852
0 0.2714164145234493 0.5221969585435938 0.027231467473524913 0.029597213902060056
0 0.30394288956127086 0.5706287631106012 0.010590015128593033 0.013453279046390794
0 0.3115071860816944 0.5948446653941049 0.013615733736762402 0.013453279046391176
0 0.49380673222390314 0.49394507254617254 0.018154311649016645 0.05381311618556394
0 0.01498676248108927 0.1751023591467067 0.03479576399394855 0.06188508361339838
