0 0.00590960665658095 0.0607494872523835 0.013615733736762484 0.02690655809278197
0 0.1034890317700454 0.013663010590015146 0.01815431164901666 0.024215902283503888
0 0.129964069591528 0.013663010590015146 0.022692889561270833 0.024215902283503888
0 0.11786119515885023 0.1024546522961955 0.01361573373676251 0.024215902283503878
0 0.16097768532526474 0.07285743839413544 0.012102874432677746 0.018834590664947342
0 0.21997919818456885 0.8491116393708942 0.03933434190620271 0.08071967427834592
0 0.36823940998487137 0.7912625394714129 0.03630862329803329 0.05650377199484202
0 0.5225510590015129 0.8343130324198641 0.02723146747352502 0.040359837139172766
0 0.367482980332829 0.7441760628090447 0.01664145234493188 0.02690655809278197
0 0.5066660363086233 0.874672869559037 0.016641452344931987 0.018834590664947533
0 0.29864788199697423 0.776463932520383 0.02723146747352502 0.07533836265978956
