0 0.05053895612708019 1.0885800063966533 0.045385779122541554 0.08610098589690227
0 0.02860249621785177 0.6338591746286386 0.0317700453857791 0.07533836265978937
0 0.07625756429652045 0.6500031094843078 0.03328290468986382 0.04305049294845075
0 0.05507753403933437 0.49125441673689446 0.03630862329803326 0.0699570510412332
0 0.15341338880484115 0.1899009660977367 0.024205748865355543 0.032287869711338325
0 0.4348052193645991 0.1899009660977367 0.030257186081694445 0.06995705104123301
0 0.49078101361573373 0.06747612677557899 0.03933434190620271 0.05650377199484222
0 0.38866301059001523 0.23026080323690967 0.025718608169440254 0.04305049294845104
0 0.5157431921331317 0.30290851008742087 0.049924357034795745 0.048431804567007394
0 0.3932015885022694 0.26389400085288717 0.03479576399394852 0.029597213902060056
0 0.1458490922844176 0.8114424580409996 0.03630862329803329 0.03228786971133814
0 0.2472106656580938 0.6661470443399772 0.033282904689863786 0.03766918132989459
0 0.26006996974281393 0.6284778630100822 0.0317700453857791 0.048431804567007394
0 0.28654500756429657 0.612333928154413 0.02723146747352502 0.04843180456700759
0 0.2827628593040847 0.41322539826782684 0.03782148260211805 0.08071967427834592
0 0.31680219364599094 0.3890094959843231 0.036308623298033235 0.05919442780412011
0 0.32361006051437224 0.3473043309405111 0.025718608169440254 0.029597213902060056
0 0.289570726172466 0.5168156469250372 0.03328290468986387 0.04574114875772931
0 0.3387386535552194 0.8652555742265633 0.019667170953101304 0.03766918132989487
