0 0.06491111951588503 1.5675167404481718 0.13161875945537066 0.17220197179380434
0 0.22754349470499244 0.5329595817807065 0.12102874432677761 0.2017991856958644
0 0.11029689863842664 0.49529040045081174 0.1074130105900151 0.12646082303607503
0 0.541461800302572 0.7778092604250219 0.0317700453857791 0.04574114875772931
0 0.033141074130105905 0.29483654265958636 0.04084720121028743 0.25830295769070644
0 0.015743192133131627 0.3338510518941202 0.03328290468986384 0.040359837139172766
0 0.4748959909228442 0.32712441237092466 0.019667170953101408 0.032287869711338325
0 0.5187689107413012 0.3540309704637065 0.007564296520423611 0.021525246474225424
0 0.5210381996974282 0.4038081029353532 0.009077155824508376 0.024215902283503888
0 0.4930503025718608 0.41053474245854865 0.01664145234493188 0.01614393485566907
0 0.5195253403933434 0.4401319563606088 0.02723146747352502 0.04305049294845123
0 0.5323846444780636 0.5356502375899845 0.013615733736762456 0.04574114875772931
0 0.5127174735249621 0.7818452441389392 0.013615733736762456 0.037669181329894684
0 0.4158944780635401 0.45223990750236065 0.016641452344931987 0.03497852552061641
0 0.39168872919818454 0.4199520377910223 0.004538577912254188 0.024215902283503697
0 0.4272409228441755 0.5450675329224581 0.015128593040847222 0.02690655809278197
0 0.42572806354009074 0.5773554026337965 0.018154311649016645 0.037669181329894684
0 0.27292927382753396 1.057637464589954 0.018154311649016645 0.029597213902060056
