0 0.18064485627836613 0.8719822137497588 0.04236006051437213 0.09955426494329325
0 0.07398827534039336 0.1899009660977367 0.025718608169440268 0.032287869711338325
0 0.1223997730711044 0.1899009660977367 0.016641452344931945 0.032287869711338325
0 0.1821577155824508 0.22622481952299234 0.018154311649016618 0.024215902283503697
0 0.09668116490166416 0.09976399648691733 0.01361573373676251 0.01883459066494752
0 0.129964069591528 0.0257709617317669 0.022692889561270833 0.02690655809278197
0 0.27217284417549165 0.1481958010539248 0.022692889561270833 0.0349785255206166
0 0.30243003025718607 0.06344014306166168 0.01664145234493188 0.02690655809278216
0 0.3629444024205749 0.062094815157022636 0.013615733736762456 0.029597213902060243
0 0.3871501512859304 0.05133219191990983 0.013615733736762456 0.024215902283503888
0 0.4068173222390318 0.07151211048949631 0.013615733736762402 0.01614393485566907
0 0.45598524962178516 0.04191489658743616 0.018154311649016538 0.016143934855668878
0 0.4552288199697428 0.06747612677557899 0.013615733736762456 0.013453279046390985
0 0.48699886535552195 0.031152273350323258 0.010590015128593033 0.021525246474225424
0 0.346302950075643 0.17644768705134584 0.013615733736762564 0.01614393485566926
0 0.4007658850226929 0.16972104752815034 0.013615733736762456 0.018834590664947533
0 0.46279311649016647 0.10379998020083463 0.010590015128593033 0.01614393485566907
0 0.5127174735249621 0.09034670115444365 0.013615733736762456 0.021525246474225615
0 0.4764088502269289 0.20873555676268415 0.01664145234493188 0.021525246474225424
0 0.45220310136157343 0.1414691615307293 0.01664145234493204 0.01614393485566907
0 0.5059096066565809 0.2840739194224736 0.006051437216338846 0.01614393485566907
0 0.5066660363086233 0.25447670552041346 0.016641452344931987 0.02690655809278197
0 0.5361667927382754 0.20066358933484962 0.021180030257186067 0.01614393485566907
0 0.5036403177004538 0.1616490801003157 0.01664145234493188 0.024215902283503697
0 0.5157431921331316 0.1333971941028947 0.007564296520423611 0.01614393485566907
0 0.25401853252647505 0.27196596828072156 0.019667170953101304 0.018834590664947342
0 0.2449413767019667 0.21546219628587956 0.013615733736762484 0.018834590664947342
