0 0.057346822995461434 1.6455457589172393 0.11649016641452345 0.18296459503091705
0 0.03541036308623299 0.6352045025332779 0.0695915279878971 0.061885083613398575
0 0.03314107413010592 0.37017490531937575 0.07110438729198185 0.07533836265978937
0 0.02179462934947052 0.32039777284772913 0.04841149773071105 0.05650377199484202
0 0.24569780635400906 0.6473124536750298 0.030257186081694417 0.03766918132989459
0 0.24115922844175494 0.5087436794972028 0.033282904689863814 0.05650377199484202
0 0.35008509833585477 0.5706287631106012 0.054462934947049936 0.051122460376285477
0 0.31528933434190626 0.6190605676776088 0.021180030257186015 0.05650377199484222
0 0.3720215582450832 0.7468667186183228 0.03782148260211795 0.04305049294845123
0 0.26687783661119524 0.47376515397658614 0.021180030257186122 0.024215902283503506
0 0.29940431164901665 0.6822909791956462 0.022692889561270777 0.03228786971133814
0 0.22981278366111954 0.5908086816801875 0.02874432677760968 0.02690655809278197
0 0.046000378214826027 0.7091975372884282 0.027231467473524968 0.04305049294845123
0 0.21544062027231467 0.344613675131233 0.021180030257186122 0.029597213902060243
0 0.011961043872919835 0.4925997446415336 0.010590015128593033 0.024215902283503697
0 0.06037254160363087 0.5221969585435936 0.0045385779122541344 0.018834590664947342
0 0.06642397881996974 0.5517941724456539 0.013615733736762456 0.013453279046390794
0 0.029358925869894095 0.5679381073013229 0.009077155824508323 0.018834590664947342
0 0.08760400907715585 0.6284778630100823 0.025718608169440202 0.05381311618556375
0 0.03389750378214826 0.7683919650925484 0.021180030257186067 0.037669181329894684
0 0.046000378214826027 0.6701830280538942 0.012102874432677746 0.0349785255206166
0 0.21241490166414523 0.6849816350049244 0.021180030257186094 0.037669181329894684
0 0.21317133131618762 0.5100890074018418 0.007564296520423611 0.005381311618556165
0 0.21544062027231467 0.5477581887317364 0.009077155824508323 0.03228786971133852
0 0.3099943267776097 0.5760100747291576 0.01664145234493188 0.013453279046391176
0 0.30999432677760974 0.596189993298744 0.01059001512859298 0.010762623237112807
0 0.2888142965204236 0.6244418792961649 0.013615733736762564 0.018834590664947342
0 0.27822428139183053 0.5948446653941049 0.013615733736762456 0.013453279046391176
0 0.4279973524962179 0.6594204048167815 0.013615733736762456 0.024215902283503413
0 0.47792170953101365 0.6311685188193605 0.019667170953101304 0.021525246474225424
0 0.41589447806354013 0.8020251627085258 0.010590015128593033 0.024215902283503888
0 0.48170385779122543 0.34461367513123287 0.015128593040847222 0.018834590664947342
0 0.5134739031770045 0.4038081029353532 0.0242057488653556 0.040359837139172766
0 0.3697522692889561 0.3890094959843231 0.021180030257186067 0.021525246474225424
0 0.4000094553706505 0.386318840175045 0.0121028744326778 0.01614393485566907
0 0.4007658850226929 0.4132253982678268 0.013615733736762456 0.021525246474225424
0 0.3954708774583963 0.43878662845596966 0.018154311649016645 0.029597213902060243
0 0.42194591527987896 0.42264269360030043 0.016641452344931987 0.024215902283503937
0 0.39849659606656584 0.4603118749301952 0.009077155824508376 0.013453279046390794
0 0.4121123298033283 0.4845277772136989 0.009077155824508376 0.018834590664947342
0 0.44161308623298035 0.48049179349978155 0.013615733736762456 0.02690655809278197
0 0.45674167927382747 0.5800460584430748 0.010590015128593033 0.021525246474225712
0 0.47338313161875945 0.5383408933992628 0.016641452344931987 0.024215902283503506
0 0.541461800302572 0.4226426936003006 0.010590015128593033 0.04035983713917296
0 0.38336800302571855 0.5840820421569921 0.006051437216338846 0.01345327904639108
0 0.413625189107413 0.5383408933992628 0.027231467473524913 0.040359837139172766
0 0.44842095310136154 0.5329595817807063 0.027231467473524913 0.04035983713917296
0 0.3697522692889561 0.625787207200804 0.0060514372163389 0.021525246474225615
0 0.43556164901664146 0.5988806491080222 0.022692889561270833 0.03228786971133814
0 0.5414618003025718 0.4589665470255561 0.01664145234493188 0.03228786971133814
