0 0.17761913767019671 0.2800379357085562 0.09379727685325265 0.11031688818040597
0 0.40379160363086236 0.7724279488064656 0.040847201210287426 0.05650377199484202
0 0.4045480332829047 0.8854354927961497 0.05748865355521936 0.05650377199484202
0 0.4257280635400908 0.9338672973631573 0.030257186081694337 0.06188508361339838
0 0.52482034795764 0.7791545883296611 0.06505295007564296 0.14529541370102256
0 0.5096917549167927 1.0105509879275856 0.04084720121028737 0.06995705104123301
0 0.5142303328290468 0.9271406578399617 0.022692889561270833 0.032287869711338325
0 0.46808812405446293 0.9486659043141873 0.02723146747352502 0.04305049294845104
0 0.3251229198184569 0.7791545883296611 0.046898638426626324 0.05919442780412011
0 0.21392776096822996 0.7562840139507965 0.027231467473524968 0.04035983713917315
0 0.13072049924357035 0.5127796632111201 0.036308623298033235 0.06457573942267665
0 0.2562878214826021 1.0818533668734578 0.018154311649016645 0.04574114875772931
