0 0.14963124054462934 0.03384292915960153 0.01664145234493188 0.02690655809278197
0 0.16475983358547658 0.1643397359095939 0.010590015128593033 0.018834590664947342
0 0.21014561270801815 0.1024546522961955 0.01361573373676251 0.024215902283503878
0 0.26233925869894104 0.059404159347744456 0.012102874432677746 0.013453279046390794
0 0.29335287443267777 0.049986864015270596 0.010590015128593087 0.01614393485566926
0 0.34025151285930405 0.058058831443105224 0.010590015128593087 0.01614393485566926
0 0.39320158850226933 0.05671350353846609 0.013615733736762564 0.029597213902060243
0 0.4673316944024206 0.05805883144310532 0.013615733736762402 0.02690655809278178
0 0.3145329046898639 0.16972104752815032 0.019667170953101356 0.024215902283503697
0 0.3319307866868381 0.12936121038897738 0.0121028744326778 0.013453279046390985
0 0.3470593797276853 0.10783596391475185 0.00907715582450843 0.029597213902060056
0 0.5006145990922843 0.05805883144310542 0.010590015128593033 0.010762623237112712
0 0.5066660363086233 0.09707334067763906 0.010590015128593033 0.013453279046390973
0 0.5089353252647503 0.13474252200753384 0.015128593040847222 0.024215902283503888
0 0.16551626323751892 0.23295145904618786 0.015128593040847222 0.01614393485566926
0 0.07171898638426626 0.27196596828072167 0.018154311649016645 0.013453279046390985
0 0.510448184568835 0.1831743265745413 0.018154311649016645 0.018834590664947533
0 0.5006145990922845 0.22353416371371418 0.01664145234493188 0.018834590664947342
0 0.2593135400907715 0.220843507904436 0.018154311649016645 0.024215902283503697
0 0.3667265506807867 0.24371408228330074 0.021180030257186067 0.02690655809278197
0 0.5429746596066566 0.30963514961061644 0.013615733736762456 0.029597213902060056
0 0.48548600605143716 0.09438268486836096 0.019667170953101356 0.029597213902060243
0 0.5528082450832073 0.04998686401527079 0.018154311649016645 0.03228786971133814
0 0.5142303328290468 0.009627026876097832 0.004538577912254188 0.005381311618556165
