0 0.3863937216338881 0.8894714765100672 0.04841149773071109 0.07533836265978937
0 0.37126512859304084 1.2607819781904577 0.05748865355521946 0.09148229751545862
0 0.46279311649016636 0.4522399075023606 0.022692889561270833 0.045741148757729264
0 0.2615828290468986 0.5504488445410145 0.019667170953101356 0.037669181329894684
0 0.2827628593040847 0.5531395003502929 0.022692889561270833 0.03228786971133814
0 0.359162254160363 0.345959003035872 0.03328290468986387 0.053813116185563704
0 0.43404878971255667 0.3163617891338119 0.040847201210287426 0.04843180456700759
0 0.4748959909228441 0.2679299845668044 0.025718608169440254 0.032287869711338325
0 0.4295102118003026 0.1159079313425864 0.03782148260211795 0.05112246037628566
0 0.5195253403933434 0.039224240778157886 0.03328290468986387 0.037669181329894684
0 0.45976739788199694 0.1899009660977367 0.022692889561270833 0.032287869711338325
0 0.5316282148260212 0.2800379357085563 0.0242057488653556 0.024215902283503697
0 0.5346539334341907 0.386318840175045 0.018154311649016645 0.021525246474225615
0 0.5308717851739788 0.4226426936003005 0.01664145234493188 0.029597213902060056
0 0.5202817700453858 0.4549305633116388 0.016641452344931987 0.024215902283503506
0 0.34781580937972767 0.11187194762866917 0.0438729198184569 0.043050492948451216
0 0.41892019667170954 0.23833277066474431 0.022692889561270885 0.04305049294845104
0 0.4529595310136157 0.26389400085288717 0.018154311649016645 0.024215902283503888
0 0.12164334341906206 0.054022847729188105 0.03933434190620271 0.040359837139172766
0 0.04600037821482603 0.16299440800495493 0.021180030257186122 0.032287869711338325
0 0.019525340393343447 0.2894552310410299 0.01361573373676251 0.01614393485566926
0 0.13147692889561274 0.2558220334250525 0.016641452344931935 0.018834590664947342
0 0.4105994704992436 0.5100890074018418 0.021180030257186067 0.021525246474225424
0 0.4491773827534039 0.5100890074018418 0.016641452344931987 0.03228786971133852
0 0.40530446293494704 0.4508945795977215 0.016641452344931935 0.03228786971133814
0 0.44388237518910734 0.5894633537755485 0.021180030257186067 0.04035983713917305
0 0.4953195915279879 0.39708146341215766 0.021180030257186067 0.032287869711338325
0 0.5157431921331317 0.3769015448425712 0.013615733736762564 0.029597213902060056
0 0.4968324508320726 0.3661389216054585 0.009077155824508269 0.0349785255206166
0 0.3591622541603631 0.5262329422575108 0.015128593040847115 0.02690655809278197
0 0.41059947049924356 0.5383408933992628 0.0121028744326778 0.024215902283503506
0 0.30469931921331317 0.4589665470255561 0.015128593040847222 0.03228786971133814
0 0.21392776096823 0.5248876143528718 0.012102874432677746 0.024215902283503888
0 0.19879916792738278 0.5692834352059619 0.021180030257186067 0.037669181329894684
0 0.06264183055975797 0.5517941724456539 0.015128593040847169 0.013453279046390794
0 0.1957734493192133 0.4387866284559696 0.021180030257186122 0.018834590664947293
