0 0.15190052950075644 0.3526856425590675 0.015128593040847248 0.024215902283503506
0 0.2827628593040848 0.2383327706647443 0.01059001512859298 0.01614393485566907
0 0.29637859304084724 0.3809375285564885 0.016641452344931987 0.021525246474225424
0 0.16929841149773073 0.539686221303902 0.007564296520423611 0.02690655809278178
0 0.1738369894099849 0.6244418792961649 0.007564296520423611 0.018834590664947342
0 0.17383698940998488 0.5867726979662703 0.004538577912254161 0.008071967427834534
0 0.16097768532526477 0.5706287631106012 0.021180030257186067 0.013453279046390794
0 0.14736195158850227 0.5423768771131802 0.009077155824508323 0.03228786971133814
0 0.15341338880484115 0.5168156469250375 0.003025718608169423 0.018834590664947342
0 0.38185514372163387 0.6190605676776088 0.009077155824508269 0.018834590664947533
