0 0.04524394856278369 0.9836444298348038 0.05900151285930409 0.1183888556082406
0 0.148874810892587 1.0616734483038714 0.04236006051437219 0.06995705104123301
0 0.16324697428139184 0.7939531952806911 0.08320726172465956 0.07802901846906783
0 0.13525907715582453 0.46165720283483425 0.09077155824508322 0.06457573942267661
0 0.4037916036308623 0.6365498304379169 0.028744326777609786 0.06995705104123282
0 0.5006145990922845 0.8800541811775934 0.06505295007564296 0.04574114875772931
0 0.2343513615733737 1.0213136111646985 0.046898638426626324 0.032287869711338325
0 0.2888142965204236 0.916378034602849 0.046898638426626324 0.06457573942267647
0 0.19652987897125568 0.9513565601234655 0.0317700453857791 0.048431804567007394
0 0.5157431921331316 0.8154784417549167 0.025718608169440254 0.024215902283503697
0 0.5225510590015129 0.8558382788940898 0.02723146747352502 0.029597213902060056
0 0.43707450832072614 0.8908168044147061 0.013615733736762402 0.024215902283503888
0 0.478678139183056 0.9069607392703752 0.021180030257186067 0.029597213902060243
0 0.45825453857791226 0.9473205764095483 0.025718608169440202 0.029597213902060056
0 0.3561365355521936 1.0643641041131495 0.02723146747352502 0.05381311618556375
0 0.2835192889561271 1.1773716481028336 0.03630862329803329 0.032287869711338325
