0 0.375803706505295 0.9944070530719166 0.0 0.0
0 0.03314107413010592 0.048641536110631656 0.028744326777609706 0.045741148757729125
0 0.050538956127080197 0.26389400085288706 0.024205748865355484 0.03497852552061641
0 0.08382186081694404 0.2975271984688645 0.021180030257186108 0.02690655809278197
0 0.1980427382753404 0.19393694981165402 0.022692889561270777 0.024215902283503697
0 0.2131713313161876 0.25044072180649607 0.019667170953101384 0.024215902283503697
0 0.1715677004538578 0.7657013092832701 0.030257186081694445 0.021525246474225806
0 0.22300491679273826 0.8208597533734732 0.021180030257186067 0.051122460376285477
0 0.26233925869894104 0.8733275416543979 0.030257186081694445 0.032287869711338325
0 0.16324697428139184 0.971536478693052 0.02874432677760973 0.06726639523195493
