0 0.48548600605143716 0.8719822137497588 0.019667170953101356 0.024215902283503888
0 0.5021274583963691 0.8289317208013076 0.019667170953101304 0.018834590664947342
0 0.18972201210287443 0.9405939368863528 0.04841149773071103 0.06457573942267665
0 0.09516830559757944 1.0522561529713976 0.037821482602117984 0.029597213902060056
0 0.043731089258698966 1.348228291991999 0.08623298033282904 0.07802901846906764
0 0.024063918305597582 1.2459833712394275 0.040847201210287426 0.0726477068505111
0 0.013473903177004561 1.1006879575384052 0.028744326777609706 0.04574114875772931
0 0.14963124054462937 0.36882957741473676 0.037821482602118 0.05650377199484202
0 0.10878403933434191 0.12263457086578197 0.016641452344931935 0.021525246474225615
0 0.3168021936459909 0.13608784991217296 0.018154311649016645 0.021525246474225615
0 0.3621879727685326 0.11859858715186467 0.021180030257186015 0.013453279046390985
0 0.10575832072617246 0.1724117033374285 0.010590015128593033 0.029597213902060056
