0 0.27822428139183053 0.7239961442394581 0.07413010590015129 0.061885083613398194
0 0.38488086232980334 0.4778011376905035 0.04236006051437213 0.04305049294845123
0 0.21544062027231467 0.29887252637350376 0.0695915279878971 0.083410330087624
0 0.042974659606656584 0.26120334504360887 0.03630862329803329 0.1210795114175187
0 0.167785552193646 0.5221969585435938 0.02874432677760968 0.029597213902060056
0 0.10424546142208775 0.5047076957832854 0.02874432677760968 0.03228786971133814
0 0.12239977307110438 0.5248876143528719 0.025718608169440254 0.04035983713917296
0 0.13298978819969745 0.49663572835545083 0.022692889561270753 0.04305049294845123
0 0.12391263237518914 0.45762121912091697 0.03479576399394856 0.05650377199484198
0 0.28200642965204237 0.428024005218857 0.030257186081694445 0.029597213902060243
0 0.2797371406959152 0.4603118749301952 0.010590015128593033 0.013453279046390794
0 0.3810987140695915 0.6056072886312178 0.0317700453857791 0.04574114875772941
0 0.43631807866868383 0.31367113332453367 0.02420574886535549 0.026906558092781828
0 0.4756524205748865 0.29887252637350364 0.02723146747352502 0.029597213902060243
0 0.4953195915279879 0.38362818436576673 0.03328290468986376 0.06995705104123301
0 0.5021274583963691 0.344613675131233 0.013615733736762456 0.029597213902060243
0 0.5225510590015129 0.3674842495100975 0.015128593040847115 0.02690655809278197
0 0.514230332829047 0.3903548238889622 0.016641452344931987 0.029597213902060056
0 0.12239977307110438 0.12128924296114285 0.043872919818456875 0.12107951141751869
0 0.16097768532526477 0.11321727553330822 0.03328290468986389 0.0457411487577293
0 0.15265695915279878 0.1791383428606241 0.02874432677760968 0.02690655809278197
0 0.1692984114977307 0.206044900953406 0.010590015128593033 0.02690655809278178
0 0.19955559757942512 0.21949817999979687 0.01664145234493196 0.02690655809278197
0 0.2502363842662632 0.062094815157022636 0.015128593040847222 0.03497852552061641
0 0.26914712556732223 0.0742027662987745 0.016641452344931987 0.021525246474225424
0 0.4453952344931922 0.18721031028845864 0.030257186081694445 0.04843180456700759
0 0.3765601361573373 0.08362006163124815 0.019667170953101356 0.018834590664947342
0 0.4022787443267776 0.045950880301353476 0.016641452344931987 0.024215902283503506
0 0.42194591527987896 0.031152273350323258 0.016641452344931987 0.021525246474225424
0 0.4000094553706505 0.10783596391475185 0.0121028744326778 0.018834590664947342
0 0.386393721633888 0.16030375219567666 0.015128593040847222 0.02690655809278178
0 0.3546236762481089 0.05671350353846619 0.018154311649016645 0.0349785255206166
0 0.2282999243570348 0.16030375219567666 0.022692889561270777 0.03766918132989487
0 0.24494137670196672 0.2490953939018571 0.022692889561270833 0.037669181329894684
0 0.30167360060514375 0.2692753124714435 0.021180030257186067 0.018834590664947342
0 0.28125 0.3069444938013382 0.019667170953101408 0.0349785255206166
0 0.33722579425113464 0.3203977728477292 0.022692889561270833 0.024215902283503888
0 0.23359493192133135 0.3836281843657667 0.021180030257186094 0.032287869711338325
0 0.24115922844175494 0.3473043309405111 0.024205748865355543 0.029597213902060056
0 0.17837556732223905 0.2733112961853608 0.022692889561270833 0.03228786971133814
0 0.1640034039334342 0.3002178542781427 0.009077155824508323 0.01614393485566907
0 0.18367057488653554 0.35672162627298476 0.018154311649016645 0.01614393485566907
0 0.1814012859304085 0.3849735122704058 0.007564296520423557 0.018834590664947342
0 0.24267208774583962 0.4253333494095788 0.009077155824508349 0.0349785255206166
0 0.32209720121028745 0.39977211922143585 0.03479576399394847 0.048431804567007394
0 0.22224848714069592 0.49394507254617276 0.010590015128593033 0.02690655809278197
0 0.2933528744326778 0.5060530236879245 0.004538577912254188 0.013453279046390794
0 0.3205843419062027 0.5316142538760674 0.022692889561270725 0.02690655809278197
0 0.367482980332829 0.43609597264669137 0.01664145234493188 0.024215902283503697
0 0.40379160363086236 0.4455132679791651 0.013615733736762564 0.04305049294845104
0 0.3546236762481089 0.4643478586441125 0.018154311649016645 0.021525246474225424
0 0.35084152798789714 0.4804917934997816 0.010590015128593033 0.010762623237112712
0 0.38336800302571855 0.5006717120693681 0.006051437216338846 0.024215902283503506
0 0.2525056732223903 0.5195063027343155 0.010590015128593033 0.013453279046391176
0 0.2797371406959152 0.49932638416472896 0.010590015128593033 0.010762623237112903
0 0.2676342662632375 0.5760100747291576 0.013615733736762456 0.024215902283503506
0 0.26158282904689867 0.6217512234868867 0.016641452344931935 0.024215902283503603
0 0.24040279878971255 0.5733194189198793 0.01361573373676251 0.029597213902060056
0 0.039192511346444796 0.6015713049173004 0.013615733736762503 0.037669181329894684
0 0.021794629349470525 0.6742190117678115 0.012102874432677772 0.02690655809278197
0 0.111053328290469 0.7118881930977063 0.021180030257186122 0.037669181329894684
0 0.1617341149773071 0.654039093198225 0.01361573373676251 0.03497852552061641
0 0.15114409984871408 0.5544848282549318 0.013615733736762484 0.04574114875772931
0 0.09289901664145236 0.5773554026337965 0.012102874432677732 0.037669181329894684
0 0.16475983358547658 0.7145788489069844 0.02874432677760968 0.03228786971133852
