0 0.26687783661119513 1.365717554752307 0.06051437216338878 0.1291514788453531
0 0.13072049924357038 0.5988806491080222 0.018154311649016645 0.04305049294845123
0 0.07777042360060517 0.26658465666216524 0.01815431164901666 0.029597213902060056
0 0.09441187594553706 0.27734727989927804 0.012102874432677746 0.024215902283503697
0 0.09365544629349472 0.19393694981165402 0.013615733736762442 0.024215902283503697
0 0.16627269288956126 0.1576130963863984 0.016641452344931935 0.032287869711338325
0 0.1413105143721634 0.09707334067763915 0.018154311649016645 0.0349785255206166
0 0.16702912254160365 0.06882145468021804 0.021180030257186122 0.021525246474225615
0 0.29410930408472014 0.09976399648691732 0.021180030257186122 0.029597213902060243
0 0.35764939485627834 0.12936121038897738 0.015128593040847222 0.024215902283503697
0 0.3644572617246596 0.044605552396714244 0.01664145234493188 0.02690655809278197
0 0.40530446293494704 0.2800379357085563 0.016641452344931935 0.024215902283503697
0 0.3115071860816944 0.262548672948248 0.019667170953101356 0.032287869711338325
0 0.14357980332829048 0.4764558097858642 0.022692889561270777 0.018834590664947342
0 0.18064485627836613 0.3917001517936013 0.018154311649016645 0.02690655809278178
0 0.32739220877458397 0.5033623678786462 0.02420574886535549 0.0349785255206166
0 0.24947995461422087 0.3244337565616465 0.016641452344931935 0.03228786971133852
0 0.21392776096822996 0.21949817999979687 0.024205748865355543 0.02690655809278197
0 0.18064485627836613 0.262548672948248 0.02420574886535549 0.032287869711338325
0 0.42421520423600606 0.12128924296114293 0.015128593040847222 0.024215902283503697
0 0.5059096066565809 0.13608784991217288 0.021180030257186067 0.037669181329894684
