0 0.1700548411497731 0.9405939368863527 0.03933434190620271 0.0591944278041203
0 0.07247541603630864 1.0522561529713979 0.046898638426626324 0.04035983713917296
0 0.12088691376701968 1.0912706622059316 0.06807866868381238 0.048431804567007394
0 0.5021274583963691 0.7509027023322401 0.02874432677760968 0.040359837139172766
0 0.1072711800302572 0.7589746697600748 0.013615733736762496 0.018834590664947342
0 0.03541036308623299 0.4899090888322554 0.015128593040847169 0.018834590664947342
0 0.06944969742813918 0.4872184330229772 0.01361573373676251 0.024215902283503888
0 0.09214258698941001 0.4441679400745261 0.010590015128593021 0.018834590664947342
0 0.1072711800302572 0.42533334940957873 0.013615733736762496 0.018834590664947342
0 0.09970688350983362 0.3284697402755638 0.01361573373676247 0.024215902283503888
0 0.11634833585476552 0.3002178542781427 0.016641452344931935 0.021525246474225615
0 0.14055408472012104 0.14281448943536834 0.019667170953101356 0.024215902283503697
0 0.1791319969742814 0.04864153611063156 0.012102874432677746 0.018834590664947342
0 0.17232413010590014 0.019044322208571503 0.016641452344931935 0.018834590664947342
0 0.24796709531013614 0.029806945445684213 0.019667170953101384 0.018834590664947342
0 0.22376134644478063 0.16703039171887207 0.01361573373676243 0.013453279046390985
0 0.23359493192133132 0.19797293352557133 0.01815431164901659 0.005381311618556333
0 0.30318645990922843 0.12263457086578189 0.018154311649016645 0.037669181329894684
0 0.3720215582450832 0.14685047314928568 0.01664145234493188 0.032287869711338325
0 0.45447239031770037 0.2558220334250526 0.04236006051437219 0.04035983713917296
0 0.27898071104387295 0.15626776848175944 0.01815431164901659 0.018834590664947342
0 0.2842757186081695 0.2114262125719623 0.013615733736762456 0.02690655809278178
0 0.30243003025718607 0.21546219628587965 0.010590015128593033 0.029597213902060267
0 0.28124999999999994 0.2531313776157743 0.01361573373676251 0.024215902283503697
0 0.27292927382753407 0.29887252637350353 0.015128593040847222 0.018834590664947342
