0 0.10273260211800303 0.7818452441389393 0.052950075642965166 0.07533836265978937
0 0.03692322239031773 0.12801588248433832 0.01815431164901664 0.02690655809278178
0 0.08230900151285932 0.09976399648691733 0.021180030257186122 0.03497852552061641
0 0.07928328290468988 0.2908005589456691 0.018154311649016645 0.04574114875772931
0 0.167785552193646 0.2100808846673232 0.010590015128593033 0.018834590664947366
0 0.20485060514372164 0.11859858715186467 0.015128593040847169 0.029597213902060243
0 0.22376134644478063 0.20066358933484962 0.01361573373676243 0.01614393485566907
0 0.2358642208774584 0.15223178476784202 0.013615733736762456 0.021525246474225615
0 0.27822428139183053 0.165685063814233 0.013615733736762456 0.01614393485566907
0 0.28125 0.13877850572145115 0.007564296520423504 0.01614393485566926
0 0.308481467473525 0.13205186619825557 0.013615733736762456 0.018834590664947342
0 0.3750472768532526 0.04998686401527069 0.016641452344931987 0.021525246474225615
0 0.34479009077155826 0.20335424514412778 0.01361573373676251 0.010762623237112712
0 0.3463029500756429 0.1333971941028947 0.007564296520423611 0.021525246474225615
0 0.41740733736762486 0.10379998020083456 0.013615733736762456 0.02690655809278196
0 0.39925302571860816 0.0782387500126917 0.010590015128593033 0.02421590228350371
0 0.43858736762481093 0.16972104752815032 0.016641452344931935 0.029597213902060243
0 0.45976739788199694 0.19528227771629317 0.022692889561270833 0.02690655809278197
0 0.41513804841149776 0.029806945445684213 0.009077155824508269 0.018834590664947342
0 0.443125945537065 0.054022847729188105 0.010590015128593033 0.018834590664947342
