0 0.06188540090771561 0.10783596391475185 0.025718608169440254 0.07264770685051128
0 0.12088691376701967 0.11456260343794734 0.022692889561270833 0.04305049294845104
0 0.1239126323751891 0.2114262125719623 0.010590015128593033 0.02690655809278178
0 0.12920763993948564 0.2450594101879398 0.0060514372163389 0.024215902283503888
0 0.0770139939485628 0.25716736132969165 0.01361573373676251 0.021525246474225615
0 0.09743759455370654 0.34595900303587207 0.009077155824508323 0.02690655809278197
0 0.13298978819969745 0.3284697402755638 0.016641452344931935 0.024215902283503888
0 0.15341338880484115 0.3082898217059773 0.021180030257186067 0.02690655809278178
0 0.21619704992435704 0.17241170333742853 0.022692889561270833 0.04574114875772931
0 0.1942605900151286 0.11590793134258648 0.015128593040847169 0.029597213902060056
0 0.2842757186081695 0.22487949161835322 0.013615733736762456 0.037669181329894684
0 0.2789807110438729 0.17241170333742853 0.009077155824508376 0.024215902283503888
0 0.2509928139183056 0.15357711267248117 0.019667170953101356 0.024215902283503888
0 0.22678706505295007 0.23698744276010517 0.013615733736762456 0.024215902283503888
0 0.26763426626323755 0.3836281843657667 0.019667170953101408 0.03766918132989487
0 0.4007658850226929 0.39439080760287953 0.019667170953101408 0.037669181329894684
0 0.4854860060514372 0.1710663754327895 0.007564296520423611 0.01614393485566926
0 0.5316282148260212 0.2598580171389697 0.0242057488653556 0.04305049294845104
0 0.5528082450832073 0.3526856425590675 0.018154311649016645 0.05112246037628586
0 0.5225510590015129 0.6728736838631725 0.02723146747352502 0.04035983713917315
0 0.3440336611195159 0.5248876143528718 0.018154311649016697 0.024215902283503888
0 0.15946482602118003 0.46165720283483425 0.021180030257186122 0.02690655809278197
0 0.0959247352496218 0.4145707261724659 0.0121028744326778 0.018834590664947342
0 0.11332261724659606 0.386318840175045 0.010590015128593033 0.021525246474225615
0 0.13223335854765508 0.37286556112865393 0.012102874432677746 0.02690655809278178
0 0.15870839636913767 0.3890094959843231 0.019667170953101408 0.021525246474225424
