0 0.08003971255673226 0.45493056331163884 0.0438729198184569 0.05112246037628581
0 0.049782526475037836 0.4939450725461726 0.04689863842662627 0.037669181329894684
0 0.06944969742813918 0.5665927793966838 0.01361573373676251 0.03228786971133852
0 0.30621217851739785 0.07285743839413535 0.018154311649016645 0.013453279046390985
0 0.5172560514372164 0.14281448943536834 0.016641452344931987 0.024215902283503697
0 0.5520518154311649 0.04191489658743616 0.019667170953101408 0.03228786971133814
0 0.25099281391830564 0.0257709617317669 0.013615733736762456 0.03228786971133814
0 0.18820915279878975 0.261203345043609 0.018154311649016645 0.029597213902060243
0 0.24191565809379725 0.2988725263735036 0.016641452344931935 0.0349785255206166
0 0.0792832829046899 0.5948446653941049 0.009077155824508323 0.013453279046391176
0 0.09365544629349472 0.6096432723451349 0.007564296520423611 0.010762623237112712
