0 0.2343513615733737 0.8894714765100671 0.052950075642965166 0.09686360913401479
0 0.3780729954614221 0.6984349140513152 0.025718608169440254 0.037669181329894684
0 0.5361667927382754 0.3647935937008194 0.021180030257186067 0.04305049294845104
0 0.5195253403933434 0.29618187056422535 0.02723146747352502 0.024215902283503697
0 0.28730143721633894 0.37152023322401484 0.03479576399394858 0.04574114875772931
0 0.386393721633888 0.4401319563606088 0.03328290468986387 0.02690655809278197
0 0.40530446293494704 0.4872184330229771 0.022692889561270833 0.04035983713917315
0 0.31831505295007567 0.5517941724456538 0.03933434190620271 0.051122460376285477
0 0.058859682299546155 0.5612114677781275 0.031770045385779155 0.04305049294845123
0 0.09138615733736763 0.654039093198225 0.03630862329803329 0.03497852552061641
0 0.08230900151285932 0.6822909791956462 0.02420574886535553 0.04305049294845123
0 0.05885968229954616 0.6082979444404959 0.019667170953101356 0.040359837139173245
0 0.4060608925869894 0.16703039171887216 0.030257186081694445 0.024215902283503888
0 0.46279311649016647 0.09707334067763915 0.0317700453857791 0.0349785255206166
0 0.52482034795764 0.08765604534516537 0.016641452344931987 0.032287869711338325
0 0.14357980332829048 0.07689342210805267 0.04387291981845685 0.026906558092781793
0 0.17081127080181546 0.2800379357085563 0.022692889561270777 0.04035983713917291
0 0.0089353252647504 0.3769015448425712 0.022692889561270805 0.05650377199484202
0 0.3614315431164901 0.7253414721440974 0.022692889561270833 0.02690655809278178
0 0.33873865355521937 0.7710826209018264 0.02571860816944031 0.03228786971133852
0 0.37429084720121025 0.8383490161337813 0.030257186081694337 0.03766918132989487
0 0.29184001512859303 0.6984349140513152 0.013615733736762564 0.037669181329894684
0 0.3984965960665658 0.943284592695631 0.03630862329803329 0.06995705104123301
