0 0.3795858547655068 0.9796084461208866 0.046898638426626324 0.029597213902060056
0 0.4105994704992436 1.0092056600229466 0.021180030257186067 0.029597213902060243
0 0.17459341906202724 0.028461617541045175 0.015128593040847222 0.03228786971133852
0 0.20031202723146743 0.06747612677557899 0.009077155824508323 0.013453279046390985
0 0.45144667170953096 0.04191489658743616 0.021180030257186067 0.03228786971133814
0 0.4930503025718608 0.03518825706424076 0.01664145234493188 0.018834590664947342
0 0.5172560514372164 0.044605552396714244 0.016641452344931987 0.02690655809278197
0 0.32814863842662634 0.06478547096630072 0.019667170953101408 0.013453279046390985
0 0.21468419062027233 0.09976399648691733 0.010590015128593033 0.01883459066494752
0 0.1995555975794251 0.12532522667506016 0.010590015128593033 0.01614393485566926
0 0.34100794251134636 0.15223178476784202 0.018154311649016645 0.021525246474225615
0 0.3175586232980333 0.3459590030358721 0.013615733736762564 0.010762623237112712
0 0.3326872163388805 0.38362818436576673 0.013615733736762456 0.01614393485566907
0 0.37050869894099847 0.20469957304876685 0.01664145234493188 0.018834590664947342
