0 0.07550113464447808 0.876018197463676 0.06505295007564296 0.07533836265978956
0 0.08382186081694405 0.6029166328219395 0.06354009077155823 0.07802901846906744
0 0.0959247352496218 0.5127796632111199 0.06959152798789713 0.07533836265978937
0 0.3795858547655068 0.97422713450233 0.03479576399394858 0.05112246037628567
0 0.5414618003025717 0.7401400790951275 0.03479576399394852 0.05650377199484202
0 0.5202817700453857 0.09707334067763905 0.03479576399394852 0.05112246037628567
0 0.26612140695915276 0.5544848282549318 0.0317700453857791 0.04574114875772931
0 0.359162254160363 0.6513484373889471 0.02723146747352502 0.045741148757729215
0 0.07928328290468986 0.5437222050178192 0.04841149773071103 0.051122460376285477
0 0.05356467473524963 0.29080055894566903 0.057488653555219385 0.056503771994842265
0 0.07171898638426626 0.38093752855648855 0.018154311649016645 0.03228786971133852
0 0.10500189107413013 0.37017490531937575 0.027231467473524968 0.04305049294845104
0 0.24494137670196672 0.38228285646112764 0.034795763993948604 0.045741148757729125
0 0.16097768532526474 0.430714661028135 0.018154311649016618 0.013453279046390985
0 0.09819402420574888 0.43609597264669137 0.019667170953101384 0.024215902283503697
0 0.5187689107413009 0.4468585958838042 0.010590015128593033 0.040359837139172766
0 0.11105332829046899 0.6943989303373982 0.015128593040847222 0.018834590664947342
0 0.07474470499243571 1.083198694778097 0.03933434190620271 0.08071967427834573
0 0.378072995461422 0.5921540095848266 0.022692889561270833 0.04574114875772931
