0 0.14433623298033282 1.1760263201981946 0.04236006051437219 0.06188508361339838
0 0.08003971255673223 1.1706450085796383 0.031770045385779086 0.08879164170618035
0 0.23737708018154313 1.0926159901105705 0.06505295007564299 0.06188508361339838
0 0.2933528744326777 1.0751267273502623 0.049924357034795745 0.0591944278041203
0 0.432535930408472 0.916378034602849 0.0317700453857791 0.09148229751545843
0 0.4975888804841149 0.8813995090822326 0.08018154311649019 0.08071967427834573
0 0.5293589258698941 0.36075760998690204 0.052950075642965166 0.08879164170618035
0 0.30318645990922843 0.7993345068992476 0.06354009077155826 0.045741148757729125
0 0.18064485627836607 0.6648017164353379 0.075642965204236 0.05650377199484222
0 0.25401853252647505 0.37286556112865393 0.022692889561270833 0.02690655809278178
0 0.22678706505295007 0.16703039171887216 0.01361573373676251 0.024215902283503888
0 0.2668778366111952 0.18048367076526314 0.015128593040847115 0.024215902283503888
0 0.19426059001512858 0.24102342647402247 0.03025718608169439 0.021525246474225424
0 0.1587083963691377 0.32712441237092477 0.022692889561270777 0.02690655809278197
0 0.13374621785173976 0.23295145904618797 0.018154311649016645 0.032287869711338325
0 0.073231845688351 0.20873555676268415 0.027231467473524982 0.03228786971133814
0 0.06869326777609681 0.23564211485546602 0.015128593040847195 0.021525246474225615
0 0.07323184568835098 0.2692753124714435 0.015128593040847195 0.024215902283503506
0 0.07550113464447807 0.30425383799205996 0.019667170953101356 0.024215902283503697
0 0.19955559757942512 0.2961818705642254 0.022692889561270777 0.029597213902060243
0 0.2078763237518911 0.32981506818020295 0.027231467473524992 0.021525246474225566
0 0.20182488653555222 0.3594122820822629 0.02420574886535557 0.02690655809278197
0 0.08911686838124055 0.4051534308399922 0.019667170953101342 0.02690655809278197
0 0.09668116490166415 0.44147728426524785 0.019667170953101314 0.02421590228350384
0 0.0596161119515885 0.40515343083999233 0.015128593040847195 0.01614393485566907
0 0.06037254160363086 0.46972917026266886 0.02571860816944026 0.03228786971133814
0 0.05280824508320728 0.5060530236879245 0.007564296520423584 0.013453279046390794
0 0.08836043872919819 0.5221969585435936 0.021180030257186067 0.018834590664947342
0 0.1087840393343419 0.5612114677781275 0.013615733736762442 0.021525246474225806
0 0.009691754916792743 0.3432683472265938 0.009077155824508324 0.021525246474225424
0 0.012717473524962178 0.23698744276010517 0.015128593040847195 0.024215902283503888
