0 0.3833680030257186 1.1719903364842774 0.021180030257186067 0.04305049294845104
0 0.021038199697428157 0.2585126892343308 0.022692889561270777 0.0349785255206166
0 0.019525340393343447 0.20200891723948877 0.016641452344931935 0.018834590664947342
0 0.007422465960665675 0.16030375219567666 0.013615733736762458 0.02690655809278178
0 0.02633320726172466 0.09169202905908279 0.018154311649016618 0.018834590664947342
0 0.05734682299546144 0.05805883144310532 0.022692889561270784 0.02690655809278178
0 0.054321104387292 0.14550514524464656 0.013615733736762456 0.018834590664947342
0 0.052051815431164924 0.16972104752815034 0.012102874432677753 0.018834590664947533
0 0.12088691376701967 0.19797293352557144 0.01361573373676247 0.02690655809278197
0 0.13223335854765508 0.10783596391475185 0.018154311649016645 0.029597213902060056
0 0.1466055219364599 0.05133219191990983 0.016641452344931935 0.024215902283503888
0 0.08609114977307113 0.23564211485546602 0.019667170953101356 0.021525246474225615
0 0.09214258698941 0.2625486729482481 0.013615733736762456 0.02690655809278197
0 0.24645423600605143 0.09572801277300011 0.01664145234493196 0.02690655809278197
0 0.25553139183055973 0.04864153611063156 0.01664145234493188 0.018834590664947342
0 0.3107507564296521 0.1333971941028947 0.02420574886535549 0.021525246474225615
0 0.2933528744326777 0.18048367076526314 0.016641452344931987 0.024215902283503888
0 0.3591622541603631 0.03787891287351885 0.015128593040847115 0.018834590664947342
0 0.375803706505295 0.020389650113210735 0.027231467473524913 0.02690655809278197
0 0.46279311649016636 0.05940415934774436 0.022692889561270833 0.024215902283503697
0 0.4257280635400908 0.0782387500126917 0.015128593040847115 0.02421590228350371
0 0.2903271558245083 0.10245465229619549 0.01059001512859314 0.018834590664947342
0 0.08155257186081695 0.028461617541045175 0.016641452344931935 0.02690655809278159
0 0.05432110438729199 0.2840739194224736 0.016641452344931886 0.01614393485566907
0 0.025576777609682303 0.3123258054198945 0.013615733736762484 0.018834590664947342
0 0.2146841906202723 0.27196596828072167 0.019667170953101408 0.024215902283503697
0 0.411355900151286 0.36613892160545847 0.013615733736762564 0.029597213902060056
0 0.41286875945537066 0.40784408664927047 0.013615733736762456 0.021525246474225424
0 0.4174073373676248 0.44147728426524785 0.019667170953101408 0.02421590228350384
0 0.48699886535552195 0.11052661972403004 0.010590015128593033 0.024215902283503697
0 0.5006145990922843 0.13474252200753384 0.010590015128593033 0.024215902283503888
0 0.5157431921331317 0.1549224405771202 0.013615733736762564 0.02690655809278197
