0 0.5006145990922845 1.2957605037110742 0.12556732223903186 0.19372721826802977
0 0.15416981845688352 1.5419555102600289 0.0499243570347958 0.0941729533247369
0 0.5331410741301059 0.4038081029353532 0.02723146747352502 0.061885083613398575
0 0.4817038577912253 0.34864965884515015 0.03933434190620271 0.04305049294845123
0 0.5293589258698941 0.07554809420341352 0.040847201210287475 0.05112246037628586
0 0.5543211043872919 0.12128924296114293 0.009077155824508269 0.024215902283503697
0 0.1390412254160363 0.19662760562093232 0.0317700453857791 0.06188508361339838
0 0.06415468986384268 0.5423768771131801 0.12708018154311645 0.13453279046390976
0 0.07398827534039334 0.6917082745281198 0.052950075642965166 0.051122460376285477
0 0.25174924357034795 0.5706287631106012 0.03630862329803334 0.051122460376285477
0 0.23662065052950074 0.7804999162343003 0.04841149773071103 0.045741148757729125
0 0.15795196671709533 0.6082979444404959 0.024205748865355543 0.040359837139173245
0 0.21090204236006052 0.5114343353064809 0.027231467473524968 0.05112246037628586
0 0.2978914523449319 0.45493056331163884 0.05295007564296528 0.040359837139172766
0 0.2933528744326777 0.3701749053193757 0.0438729198184569 0.08610098589690227
0 0.4363180786686839 0.150886456863203 0.10590015128593039 0.17489262760308244
0 0.40303517397881994 0.2867645752317518 0.04841149773071109 0.09148229751545862
0 0.5354103630862329 0.5221969585435935 0.046898638426626324 0.05650377199484202
0 0.5308717851739788 0.7495573744276011 0.0438729198184569 0.037669181329894684
0 0.129964069591528 0.38228285646112764 0.07413010590015123 0.0834103300876238
0 0.35764939485627834 0.5477581887317365 0.05143721633888056 0.0699570510412332
0 0.37656013615733736 0.49394507254617265 0.03479576399394852 0.04843180456700759
0 0.40152231467473526 0.45223990750236065 0.036308623298033235 0.05650377199484222
0 0.0 0.0 0.0 0.0
0 0.39320158850226933 0.8464209835616159 0.019667170953101356 0.037669181329894684
0 0.4718702723146747 0.8491116393708942 0.019667170953101408 0.03228786971133814
0 0.4461516641452345 0.5127796632111199 0.022692889561270833 0.037669181329894684
0 0.5369232223903178 0.2840739194224735 0.013615733736762564 0.048431804567007394
0 0.4907810136157338 0.4105347424585486 0.02420574886535549 0.03766918132989473
0 0.432535930408472 0.40784408664927047 0.010590015128593033 0.021525246474225424
