0 0.10424546142208774 1.2258034526698414 0.08925869894099846 0.16143934855669165
0 0.3773165658093798 1.1988968945770593 0.05143721633888046 0.05381311618556375
0 0.2282999243570348 0.5988806491080222 0.031770045385779155 0.04305049294845123
0 0.021794629349470514 0.8558382788940896 0.03630862329803329 0.045741148757729125
0 0.09214258698941 0.709197537288428 0.013615733736762456 0.021525246474225615
0 0.15038767019667174 0.5639021235874055 0.03630862329803329 0.02690655809278197
0 0.09592473524962179 0.48318244930905996 0.015128593040847222 0.04305049294845104
0 0.12466906202723149 0.345959003035872 0.03630862329803328 0.04305049294845104
0 0.02935892586989411 0.3284697402755638 0.021180030257186094 0.024215902283503888
0 0.06188540090771558 0.30425383799205996 0.019667170953101356 0.024215902283503697
0 0.07171898638426628 0.3688295774147367 0.024205748865355543 0.018834590664947342
0 0.15114409984871408 0.220843507904436 0.016641452344931935 0.024215902283503697
0 0.1034890317700454 0.1576130963863985 0.01815431164901666 0.01614393485566926
0 0.09668116490166417 0.09034670115444365 0.019667170953101356 0.02690655809278178
0 0.059616111951588516 0.09438268486836086 0.015128593040847222 0.018834590664947342
0 0.03541036308623299 0.06344014306166168 0.021180030257186115 0.02690655809278216
0 0.16551626323751892 0.05267751982454887 0.018154311649016645 0.02690655809278197
0 0.30545574886535554 0.05267751982454887 0.019667170953101304 0.021525246474225806
0 0.07171898638426626 0.15223178476784202 0.018154311649016645 0.021525246474225615
0 0.2525056732223903 0.13474252200753384 0.022692889561270777 0.024215902283503888
0 0.3826115733736763 0.1616490801003157 0.019667170953101408 0.024215902283503697
0 0.30469931921331317 0.09034670115444365 0.021180030257186067 0.021525246474225615
0 0.365213691376702 0.05536817563382714 0.02420574886535549 0.021525246474225424
0 0.13979765506807867 0.11456260343794736 0.021180030257186122 0.021525246474225615
0 0.1730805597579425 0.1683757196235112 0.0 0.0
0 0.1579519667170953 0.2786926078039172 0.0 0.0
0 0.2827628593040847 0.18855563819309776 -0.004538577912254081 0.00807196742783463
0 0.3183150529500756 0.18451965447918045 0.0 0.0
0 0.1072711800302572 0.21411686838124053 -0.001512859304084698 -0.010762623237112712
0 0.09516830559757945 0.20066358933484962 0.01664145234493192 0.01614393485566907
0 0.10878403933434193 0.22084350790443602 0.010590015128593021 0.008071967427834439
