0 0.2146841906202723 0.5450675329224584 0.019667170953101408 0.037669181329894684
0 0.01120461422087748 0.029806945445684213 0.018154311649016645 0.0349785255206166
0 0.06339826021180031 0.019044322208571503 -0.01664145234493188 -0.018834590664947342
0 0.08911686838124054 0.03787891287351885 0.01361573373676251 0.018834590664947342
0 0.17383698940998488 0.10245465229619549 0.01361573373676251 0.018834590664947342
0 0.17761913767019671 0.04460555239671443 0.0 0.0
0 0.19955559757942512 0.14954112895856386 0.025718608169440202 0.01614393485566926
0 0.24191565809379725 0.13608784991217288 0.016641452344931935 0.02690655809278197
0 0.21090204236006052 0.19797293352557144 0.018154311649016645 0.02690655809278197
0 0.12239977307110438 0.12263457086578197 0.013615733736762456 0.02690655809278178
0 0.06944969742813918 0.21277154047660138 0.01361573373676251 0.02421590228350372
0 0.04751323751891077 0.2692753124714435 0.015128593040847222 0.018834590664947342
0 0.21695347957639943 0.35806695417762385 0.015128593040847222 0.029597213902060056
0 0.21241490166414523 0.3082898217059773 0.015128593040847222 0.016143934855669118
0 0.24191565809379728 0.2854192473271127 0.02269288956127086 0.018834590664947342
0 0.24569780635400906 0.23295145904618783 0.009077155824508323 0.010762623237112712
0 0.29637859304084724 0.179138342860624 0.010590015128593033 0.010762623237112903
0 0.4083301815431165 0.1199439150565038 0.01664145234493188 0.021525246474225424
0 0.4476645234493192 0.08092940582196989 0.013615733736762456 0.018834590664947352
0 0.443125945537065 0.1643397359095939 0.01664145234493188 0.018834590664947342
0 0.3765601361573373 0.1616490801003157 0.019667170953101356 0.024215902283503697
0 0.1375283661119516 0.19124629400237586 0.01361573373676243 0.029597213902060056
