0 0.26006996974281393 1.1908249271492248 0.07110438729198186 0.10224492075257134
0 0.5452439485627837 0.8235504091827515 0.03328290468986387 0.05650377199484202
0 0.489268154311649 0.7535933581415184 0.027231467473524968 0.04574114875772931
0 0.31075075642965205 0.6002259770126614 0.02723146747352502 0.05650377199484212
0 0.3130200453857791 0.8921621323193452 0.0317700453857791 0.05381311618556394
0 0.02179462934947051 0.14281448943536837 0.021180030257186067 0.04035983713917296
0 0.039948940998487156 0.1724117033374285 0.015128593040847222 0.029597213902060056
0 0.07701399394856281 0.07958407791733084 0.016641452344931935 0.02690655809278197
0 0.07625756429652045 0.14685047314928568 0.02118003025718608 0.04305049294845104
0 0.08382186081694404 0.10918129181939099 0.009077155824508309 0.02690655809278178
0 0.11256618759455374 0.10379998020083456 0.018154311649016645 0.02690655809278196
0 0.11559190620272317 0.0782387500126917 0.01815431164901663 0.02421590228350371
0 0.20636346444780634 0.12128924296114293 0.015128593040847195 0.024215902283503697
0 0.23813350983358544 0.09572801277300011 0.009077155824508323 0.02690655809278197
0 0.26763426626323755 0.09572801277300011 0.019667170953101408 0.02690655809278197
0 0.31302004538577916 0.04191489658743616 0.022692889561270833 0.03228786971133814
0 0.27065998487140697 0.16030375219567666 0.013615733736762564 0.03766918132989487
0 0.30469931921331317 0.14954112895856386 0.015128593040847222 0.02690655809278197
0 0.32739220877458397 0.21815285209515783 0.018154311649016697 0.03497852552061662
0 0.4968324508320726 0.0607494872523835 0.02420574886535549 0.04305049294845123
0 0.49002458396369136 0.1831743265745413 0.010590015128593033 0.018834590664947533
0 0.5316282148260212 0.11590793134258648 0.030257186081694445 0.040359837139172766
0 0.4068173222390318 0.1024546522961955 0.03479576399394863 0.040359837139172766
0 0.53767965204236 0.3230884286570074 0.030257186081694337 0.04035983713917296
0 0.49229387291981846 0.2733112961853608 0.021180030257186067 0.03228786971133814
0 0.1776191376701967 0.2114262125719623 0.024205748865355543 0.02690655809278178
0 0.15341338880484115 0.24775006599721788 0.02420574886535549 0.04574114875772931
0 0.13601550680786686 0.34595900303587207 0.025718608169440202 0.02690655809278197
0 0.17005484114977307 0.4172613819817442 0.024205748865355543 0.05112246037628586
0 0.19501701966717094 0.3338510518941202 0.02269288956127086 0.029597213902060007
