0 0.3115071860816944 0.8639102463219243 0.03479576399394852 0.045741148757729125
0 0.3198279122541604 0.8195144254688339 0.030257186081694337 0.037669181329894684
0 0.49380673222390314 0.8840901648915107 0.018154311649016645 0.02690655809278178
0 0.15719553706505296 1.0280402506878938 0.03479576399394852 0.06188508361339838
0 0.15265695915279878 0.8773635253683151 0.02874432677760968 0.040359837139172766
0 0.024820347957639967 0.8114424580409996 0.027231467473524975 0.03228786971133814
0 0.3561365355521936 0.47645580978586444 0.02723146747352502 0.04574114875772931
0 0.32814863842662634 0.5477581887317364 0.019667170953101408 0.03228786971133852
0 0.05280824508320726 0.16299440800495485 0.037821482602118 0.02690655809278197
0 0.09138615733736762 0.08765604534516547 0.03933434190620271 0.06995705104123282
0 0.2003120272314675 0.11456260343794744 0.015128593040847222 0.02690655809278197
0 0.2880578668683812 0.2383327706647442 0.02723146747352502 0.06457573942267665
0 0.32890506807866865 0.1858649823838195 0.021180030257186067 0.07802901846906744
0 0.3682394099848714 0.13743317781681202 0.02420574886535549 0.04035983713917296
0 0.41892019667170954 0.062094815157022545 0.01664145234493188 0.04574114875772931
0 0.4453952344931921 0.05536817563382705 0.0242057488653556 0.04843180456700759
0 0.21468419062027233 0.28407391942247356 0.052950075642965166 0.037669181329894684
0 0.1337462178517398 0.3755562169379321 0.021180030257186042 0.03228786971133814
0 0.08760400907715585 0.35403097046370663 0.01664145234493192 0.02690655809278178
0 0.09289901664145236 0.3957361355075185 0.015128593040847169 0.018834590664947342
0 0.08684757942511347 0.23833277066474431 0.027231467473524968 0.04305049294845104
0 0.05053895612708019 0.3284697402755638 0.018154311649016645 0.024215902283503888
0 0.04448751891074132 0.29483654265958636 0.024205748865355543 0.032287869711338325
0 0.03465393343419064 0.33788703560803746 0.02874432677760968 0.04305049294845123
0 0.011961043872919836 0.24775006599721788 0.016641452344931935 0.029597213902060056
0 0.5104481845688351 0.31770711703845106 0.045385779122541665 0.04574114875772931
0 0.4930503025718608 0.2342967869508269 0.01664145234493188 0.018834590664947342
0 0.5089353252647504 0.220843507904436 0.021180030257186067 0.024215902283503697
0 0.42648449319213316 0.16164908010031578 0.01664145234493188 0.029597213902060056
0 0.47943456883509833 0.3392323635126765 0.01664145234493188 0.029597213902060056
0 0.4143816187594554 0.5612114677781276 0.013615733736762564 0.03228786971133814
0 0.07625756429652045 0.49663572835545083 0.018154311649016645 0.03228786971133814
0 0.19123487140695913 0.5961899932987439 0.0 0.0
0 0.2547749621785174 0.5639021235874058 0.0 0.0
0 0.2744421331316187 0.5450675329224585 0.0 0.0
0 0.2744421331316187 0.526232942257511 0.0 0.0
0 0.2774678517397883 0.49394507254617254 0.0 0.0
0 0.40152231467473526 0.5248876143528719 0.009077155824508376 0.013453279046390794
0 0.4915374432677761 0.5289235980667891 0.019667170953101304 0.03228786971133852
0 0.5006145990922843 0.5006717120693681 0.010590015128593033 0.013453279046391176
0 0.541461800302572 0.32443375656164647 0.010590015128593033 0.021525246474225424
0 0.3795858547655068 0.30290851008742087 0.013615733736762456 0.02690655809278197
0 0.346302950075643 0.5988806491080221 0.013615733736762564 0.021525246474225712
0 0.0391925113464448 0.5437222050178192 0.031770045385779155 0.051122460376285477
0 0.03843608169440245 0.41053474245854865 0.018154311649016645 0.05381311618556375
0 0.08079614220877462 0.5639021235874055 0.012102874432677758 0.02690655809278197
