0 0.07171898638426628 0.8760181974636762 0.045385779122541596 0.05381311618556394
0 0.034653933434190626 0.8867808207007888 0.03479576399394855 0.02690655809278197
0 0.2018248865355522 0.6755643396724507 0.04236006051437216 0.029597213902060243
0 0.4204330559757942 0.7603199976647138 0.06202723146747354 0.05381311618556394
0 0.224517776096823 0.9970977088811948 0.036308623298033235 0.048431804567007394
0 0.3349565052950076 0.8571836067987286 0.027231467473524968 0.03766918132989487
0 0.4423695158850227 1.014586971641503 0.03630862329803334 0.04035983713917296
0 0.2933528744326777 0.6796003233863679 0.016641452344931987 0.05381311618556394
0 0.2835192889561271 0.5275782701621501 0.14523449319213316 0.16951131598452607
0 0.024063918305597592 0.6648017164353379 0.03479576399394855 0.061885083613398575
0 0.36445726172465953 0.29887252637350364 0.02874432677760968 0.05112246037628567
0 0.4037916036308623 0.2733112961853608 0.019667170953101356 0.03228786971133814
0 0.45749810892586995 0.16972104752815032 0.021180030257186067 0.05650377199484222
0 0.38185514372163387 0.15357711267248117 0.018154311649016645 0.024215902283503888
0 0.5043967473524962 0.34999498674978924 0.02420574886535549 0.029597213902060056
0 0.49002458396369136 0.30963514961061633 0.022692889561270725 0.03497852552061641
0 0.45674167927382747 0.5598661398734883 0.01664145234493188 0.018834590664947342
0 0.4310230711043873 0.5181609748296765 0.013615733736762456 0.021525246474225424
0 0.43783093797276856 0.48587310511833803 0.015128593040847222 0.021525246474225615
0 0.4915374432677761 0.5733194189198794 0.013615733736762456 0.034978525520616505
