0 0.12239977307110439 1.669761661200743 0.09833585476550684 0.10224492075257095
0 0.289570726172466 0.9271406578399617 0.045385779122541665 0.0591944278041203
0 0.2774678517397883 0.7334134395719318 0.04236006051437219 0.05919442780412011
0 0.3493286686838124 0.6634563885306989 0.06202723146747354 0.059194427804120486
0 0.48019099848714075 0.8410396719430595 0.045385779122541554 0.06457573942267665
0 0.17761913767019666 0.6728736838631726 0.04236006051437216 0.051122460376285386
0 0.11786119515885024 0.6244418792961652 0.022692889561270767 0.04574114875772941
0 0.05583396369137673 0.6957442582420371 0.11346444780635404 0.10762623237112788
0 0.05280824508320726 0.7831905720435784 0.037821482602118 0.07802901846906764
0 0.03692322239031772 0.7683919650925484 0.03630862329803332 0.037669181329894684
0 0.29789145234493186 0.4751104818812254 0.04689863842662638 0.06457573942267665
0 0.4408566565809379 0.5988806491080222 0.027231467473524913 0.03228786971133814
0 0.440856656580938 0.5450675329224584 0.03328290468986387 0.037669181329894684
0 0.2343513615733737 0.045950880301353386 0.06807866868381239 0.08879164170618037
0 0.31075075642965205 0.0742027662987745 0.10892586989409982 0.13453279046390948
0 0.1814012859304085 0.05133219191990983 -0.05900151285930407 -0.083410330087624
0 0.08306543116490167 0.07285743839413535 0.14674735249621781 0.12646082303607503
0 0.33041792738275344 0.2410234264740224 0.12102874432677756 0.08071967427834574
0 0.3152893343419062 0.3499949867497893 0.06959152798789704 0.10493557656184961
0 0.4393437972768533 0.16972104752815032 0.03630862329803329 0.029597213902060243
0 0.20863275340393345 0.1481958010539248 0.022692889561270777 0.029597213902060056
0 0.2396463691376702 0.11456260343794734 0.03328290468986384 0.04305049294845104
0 0.2222484871406959 0.2383327706647442 0.016641452344931907 0.02690655809278197
0 0.4355616490166414 0.36613892160545836 0.0317700453857791 0.04035983713917296
0 0.47943456883509833 0.4710744981673081 0.01664145234493188 0.0349785255206166
0 0.384124432677761 0.8235504091827512 0.016641452344931987 0.029597213902060056
0 0.47792170953101365 0.70650688147915 0.019667170953101304 0.02690655809278178
0 0.5263332072617247 0.7334134395719318 0.013615733736762564 0.03228786971133852
0 0.47792170953101365 0.7939531952806911 0.013615733736762456 0.024215902283503888
0 0.4915374432677761 0.7939531952806912 0.013615733736762456 0.013453279046390794
0 0.5338975037821483 0.8047158185178039 0.01664145234493188 0.029597213902060056
0 0.518768910741301 0.8437303277523378 0.013615733736762564 0.021525246474225424
