0 0.23359493192133132 0.8383490161337814 0.06959152798789713 0.06457573942267665
0 0.32134077155824514 0.6540390931982252 0.033282904689863814 0.06726639523195474
0 0.3440336611195159 0.3567216262729848 0.0242057488653556 0.02690655809278197
0 0.38563729198184565 0.4253333494095788 0.01664145234493188 0.0349785255206166
0 0.394714447806354 0.4495492516930824 0.016641452344931987 0.03497852552061641
0 0.4090866111951589 0.5195063027343154 0.0242057488653556 0.040359837139172766
0 0.3697522692889561 0.5248876143528718 0.021180030257186067 0.024215902283503888
0 0.39168872919818454 0.6082979444404959 0.025718608169440254 0.040359837139173245
0 0.3304179273827534 0.485873105118338 0.02420574886535549 0.03766918132989487
0 0.34781580937972767 0.43878662845596966 0.016641452344931987 0.029597213902060243
0 0.22224848714069592 0.43609597264669153 0.022692889561270777 0.0349785255206166
0 0.2547749621785174 0.43878662845596966 0.021180030257186067 0.029597213902060243
0 0.17761913767019666 0.2652393287575262 0.012102874432677718 0.03228786971133814
0 0.06793683812405447 0.4172613819817441 0.01361573373676251 0.024215902283503746
0 0.08987329803328291 0.45762121912091713 0.018154311649016645 0.00807196742783463
0 0.1034890317700454 0.5746647468245183 0.015128593040847169 0.04305049294845104
0 0.10878403933434193 0.6082979444404958 0.010590015128593021 0.024215902283503888
0 0.1337462178517398 0.596189993298744 0.018154311649016645 0.026906558092781876
0 0.21014561270801815 0.4993263841647289 0.019667170953101356 0.02690655809278197
0 0.28730143721633894 0.5477581887317364 0.013615733736762456 0.03228786971133852
0 0.05053895612708021 0.6486577815796687 0.00907715582450833 0.024215902283503697
0 0.05885968229954616 0.5612114677781275 0.01361573373676251 0.021525246474225806
0 0.06415468986384268 0.5477581887317364 0.015128593040847169 0.03228786971133852
0 0.06793683812405449 0.4374413005513305 0.02269288956127079 0.021525246474225424
