0 0.1163483358547655 0.6553844211028642 0.2284417549167927 0.5112246037628567
0 0.08306543116490167 1.2163861573373673 0.10438729198184568 0.12107951141751869
0 0.527089636913767 0.8706368858451197 0.06656580937972752 0.09686360913401498
0 0.22527420574886536 0.8222050812781122 0.052950075642965194 0.06457573942267665
0 0.22678706505295007 0.8854354927961497 0.06807866868381239 0.07802901846906764
0 0.025576777609682303 0.8921621323193454 0.04387291981845687 0.08071967427834573
0 0.021794629349470514 0.8100971301363604 0.03630862329803329 0.083410330087624
0 0.34630295007564293 0.6769096675770897 0.0317700453857791 0.04305049294845104
0 0.0 0.0 0.0 0.0
0 0.12845121028744327 0.14685047314928568 0.046898638426626324 0.17220197179380434
0 0.04902609682299547 0.12263457086578189 0.030257186081694417 0.037669181329894684
0 0.06112897125567324 0.0742027662987744 0.015128593040847195 0.03228786971133834
0 0.24796709531013617 0.6204058955822477 0.01361573373676251 0.032287869711338325
0 0.27217284417549165 0.6244418792961649 0.022692889561270833 0.018834590664947342
0 0.33798222390317695 0.7078522093837889 0.027231467473524913 0.018834590664947342
0 0.35916225416036307 0.7468667186183229 0.012102874432677905 0.03228786971133814
0 0.4295102118003026 0.6432764699611124 0.022692889561270833 0.04574114875772931
0 0.40530446293494704 0.5181609748296764 0.01664145234493188 0.037669181329894684
0 0.41438161875945534 0.5033623678786462 0.02874432677760973 0.0349785255206166
0 0.440856656580938 0.4710744981673081 0.02420574886535549 0.0349785255206166
0 0.5512953857791225 0.3715202332240149 0.018154311649016538 0.024215902283503697
0 0.5528082450832071 0.5154703190203982 0.015128593040847007 0.04305049294845123
0 0.47413956127080176 0.220843507904436 0.021180030257186174 0.045741148757729125
0 0.5308717851739787 0.26389400085288717 0.01664145234493188 0.024215902283503888
0 0.5338975037821483 0.34057769141731564 0.01664145234493188 0.01614393485566907
0 0.3954708774583963 0.36344826579618017 0.015128593040847222 0.018834590664947342
0 0.42194591527987896 0.37959220065184934 0.004538577912254081 0.013453279046390985
0 0.41362518910741297 0.42667867731421777 0.015128593040847222 0.021525246474225424
0 0.3848808623298033 0.4051534308399922 0.012102874432677692 0.02690655809278197
0 0.28125000000000006 0.31367113332453367 0.016641452344931935 0.032287869711338325
0 0.30621217851739785 0.29483654265958625 0.021180030257186067 0.02690655809278197
0 0.3652136913767019 0.331160396084842 0.024205748865355543 0.05650377199484222
0 0.327392208774584 0.3338510518941202 0.01815431164901659 0.0349785255206166
0 0.22376134644478063 0.32981506818020284 0.01361573373676243 0.04305049294845123
0 0.24796709531013617 0.2948365426595863 0.01361573373676251 0.010762623237112856
0 0.26309568835098335 0.27331129618536076 0.022692889561270833 0.01614393485566907
0 0.20863275340393345 0.3378870356080374 0.013615733736762484 0.032287869711338325
0 0.30469931921331317 0.584082042156992 0.02420574886535549 0.06188508361339838
0 0.31075075642965205 0.4925997446415335 0.015128593040847274 0.013453279046391176
0 0.30318645990922843 0.4549305633116388 0.015128593040847222 0.024215902283503506
0 0.28049357034795763 0.42129736569566145 0.018154311649016697 0.04305049294845123
0 0.300160741301059 0.428024005218857 0.0060514372163389 0.029597213902060243
0 0.24721066565809383 0.5383408933992628 0.015128593040847222 0.024215902283503506
0 0.26082639939485625 0.5679381073013229 0.018154311649016645 0.018834590664947342
0 0.24342851739788202 0.5867726979662705 0.022692889561270833 0.029597213902060056
0 0.27746785173978816 0.6042619607265785 0.018154311649016645 0.03228786971133852
0 0.3576493948562784 0.6473124536750295 0.030257186081694445 0.02690655809278197
0 0.46733169440242056 0.6984349140513154 0.01664145234493188 0.02690655809278197
0 0.2033377458396369 0.47107449816730806 0.018154311649016645 0.018834590664947342
0 0.20863275340393345 0.4993263841647289 0.016641452344931935 0.02690655809278197
0 0.21392776096823 0.44013195636060876 0.012102874432677746 0.01614393485566907
0 0.2925964447806354 0.484527777213699 0.018154311649016645 0.029597213902060243
0 0.28578857791225415 0.4441679400745261 0.01361573373676251 0.018834590664947342
0 0.3039428895612708 0.3594122820822629 0.010590015128593033 0.02690655809278197
0 0.30091717095310133 0.32981506818020284 0.022692889561270725 0.02690655809278197
0 0.48548600605143716 0.13608784991217288 0.013615733736762456 0.037669181329894684
0 0.2676342662632375 1.2432927154301494 0.05900151285930409 0.06726639523195474
