0 0.37429084720121025 0.40515343083999233 0.009077155824508269 0.01614393485566907
0 0.3750472768532527 0.38766416807968396 0.004538577912254188 0.013453279046390985
0 0.3901758698940998 0.4132253982678268 0.007564296520423611 0.021525246474225424
0 0.40152231467473526 0.42936933312349596 0.009077155824508376 0.010762623237112903
0 0.2827628593040847 0.4778011376905035 0.016641452344931987 0.021525246474225806
0 0.38185514372163387 0.44685859588380417 0.009077155824508269 0.018834590664947342
0 0.3969837367624811 0.46300253073947334 0.006051437216338953 0.013453279046390985
0 0.2593135400907715 0.5087436794972028 0.015128593040847169 0.018834590664947342
0 0.2494799546142209 0.5329595817807065 0.010590015128593033 0.013453279046390794
0 0.0293589258698941 0.1576130963863984 0.012102874432677746 0.032287869711338325
0 0.06718040847201212 0.031152273350323258 0.015128593040847222 0.021525246474225424
0 0.06264183055975797 0.09169202905908279 0.015128593040847169 0.018834590664947342
0 0.0981940242057489 0.1616490801003157 0.010590015128593033 0.013453279046390985
0 0.07171898638426626 0.18721031028845853 0.018154311649016645 0.026906558092781946
0 0.07171898638426626 0.21949817999979696 0.021180030257186067 0.021525246474225615
0 0.07020612708018155 0.2625486729482481 0.01815431164901666 0.02690655809278197
0 0.17459341906202724 0.1307065382936165 0.015128593040847222 0.02690655809278197
0 0.16249054462934948 0.09707334067763915 0.015128593040847222 0.029597213902060056
0 0.1352590771558245 0.06613079887093995 0.018154311649016618 0.02690655809278178
0 0.16551626323751895 0.019044322208571503 0.012102874432677746 0.024215902283503506
0 0.19652987897125568 0.04595088030135338 0.01664145234493188 0.029597213902060243
0 0.22603063540090773 0.00693637106681975 0.0 0.0
0 0.26082639939485625 0.03518825706424076 0.012102874432677692 0.018834590664947342
0 0.28124999999999994 0.05267751982454887 0.01361573373676251 0.02690655809278197
0 0.2978914523449319 0.09303735696372192 0.019667170953101356 0.032287869711338325
0 0.2282999243570348 0.13474252200753384 0.010590015128593007 0.018834590664947342
0 0.1700548411497731 0.1858649823838195 0.015128593040847222 0.024215902283503888
0 0.432535930408472 0.13205186619825565 0.01664145234493188 0.045741148757729125
0 0.44766452344931923 0.17510235914670677 0.019667170953101408 0.0349785255206166
0 0.4771652798789713 0.1132172755333083 0.0242057488653556 0.024215902283503697
0 0.4915374432677761 0.2006635893348495 0.013615733736762456 0.02690655809278197
0 0.12920763993948564 0.24236875437866154 0.015128593040847169 0.018834590664947342
0 0.13374621785173982 0.27196596828072167 0.015128593040847222 0.024215902283503697
0 0.025576777609682307 0.40918941455390956 0.016641452344931907 0.0349785255206166
0 0.5036403177004538 0.25447670552041335 0.01664145234493188 0.032287869711338325
0 0.19879916792738275 0.08765604534516547 0.015128593040847248 0.01614393485566926
