0 0.15946482602118003 1.6711069891053822 0.10287443267776097 0.2125618089329775
0 0.3515979576399395 1.0576374645899542 0.05748865355521936 0.10493557656184942
0 0.4711138426626323 1.1047239412523224 0.075642965204236 0.08610098589690209
0 0.5444875189107414 0.8571836067987287 0.03782148260211805 0.0591944278041203
0 0.5036403177004538 0.8329677045152251 0.0317700453857791 0.037669181329894684
0 0.49002458396369136 0.8840901648915106 0.01664145234493188 0.03766918132989487
0 0.33117435703479575 0.3917001517936013 0.01664145234493188 0.06457573942267647
0 0.40530446293494704 0.3957361355075186 0.016641452344931935 0.03497852552061641
0 0.42421520423600606 0.317707117038451 0.027231467473524913 0.029597213902060243
0 0.5036403177004539 0.08227473372660903 0.022692889561270833 0.04305049294845104
