0 0.06718040847201212 1.2554006665719013 0.06959152798789715 0.09148229751545843
0 0.028602496217851766 0.3338510518941201 0.05597579425113464 0.5731096873762552
0 0.34479009077155826 0.9970977088811948 0.04387291981845685 0.048431804567007394
0 0.025576777609682303 0.9056154113657362 0.052950075642965194 0.06457573942267665
0 0.09138615733736764 0.47107449816730795 0.06656580937972768 0.0941729533247369
0 0.06793683812405447 0.05671350353846609 0.01361573373676251 0.029597213902060243
0 0.10878403933434191 0.06478547096630091 0.016641452344931935 0.024215902283503697
0 0.1564391074130106 0.021734978017849776 0.015128593040847222 0.024215902283503888
0 0.14055408472012104 0.19931826143021047 0.022692889561270833 0.024215902283503888
0 0.2116584720121029 0.10379998020083464 0.022692889561270805 0.021525246474225615
0 0.3750472768532526 0.4656931865487517 0.022692889561270725 0.04574114875772931
0 0.22376134644478063 0.023080305922488817 0.01361573373676243 0.03228786971133814
0 0.2767114220877458 0.04729620820599252 0.01664145234493188 0.037669181329894684
0 0.3183150529500756 0.07151211048949621 0.015128593040847222 0.02690655809278197
0 0.497588880484115 0.2006635893348495 0.010590015128593033 0.02690655809278197
0 0.297891452344932 0.32039777284772913 0.01361573373676251 0.018834590664947342
0 0.4083301815431165 0.32577908446628556 0.01664145234493188 0.0349785255206166
0 0.40530446293494704 0.2706206403760826 0.016641452344931935 0.037669181329894684
0 0.4272409228441755 0.3459590030358719 0.0 0.0
0 0.41589447806354013 0.4199520377910222 0.010590015128593033 0.018834590664947436
0 0.4544723903177004 0.4535852354069998 0.0 0.0
0 0.4544723903177004 0.47511048188122523 0.0 0.0
0 0.4756524205748865 0.5961899932987439 0.0 0.0
0 0.29864788199697434 0.5181609748296765 0.0 0.0
0 0.28957072617246593 0.4683838423580298 0.015128593040847222 0.024215902283503888
0 0.3092378971255674 0.32981506818020284 0.0 0.0
0 0.3152893343419062 0.3486496588451502 0.0 0.0
0 0.29864788199697434 0.35134031465442844 0.0 0.0
0 0.15492624810892588 0.23698744276010528 0.018154311649016645 0.04035983713917296
0 0.4552288199697428 0.02442563382712786 0.013615733736762456 0.029597213902060056
0 0.47187027231467477 0.036533584968879804 0.013615733736762564 0.021525246474225424
0 0.5225510590015129 0.0257709617317669 0.0121028744326778 0.02690655809278197
0 0.3296614977307111 0.11725325924722561 0.01059001512859298 0.01614393485566907
0 0.3342000756429652 0.16972104752815032 0.022692889561270833 0.024215902283503697
