0 0.4771652798789712 0.30156318218278183 0.05143721633888051 0.18027393922163878
0 0.443125945537065 0.14819580105392471 0.03782148260211795 0.05112246037628567
0 0.04448751891074132 0.2450594101879397 0.060514372163388834 0.0726477068505111
0 0.29335287443267777 0.428024005218857 0.010590015128593087 0.029597213902060243
0 0.37126512859304084 0.4656931865487515 0.0121028744326778 0.018834590664947342
0 0.38563729198184565 0.4334053168374133 0.01664145234493188 0.018834590664947533
0 0.4174073373676248 0.4522399075023607 0.019667170953101408 0.018834590664947342
0 0.41362518910741297 0.4778011376905035 0.0121028744326778 0.021525246474225806
0 0.42572806354009074 0.5195063027343154 0.024205748865355543 0.05112246037628586
0 0.5127174735249621 0.387664168079684 0.013615733736762456 0.05112246037628567
0 0.5429746596066566 0.3822828564611276 0.025718608169440254 0.0349785255206166
0 0.5528082450832073 0.5100890074018418 0.018154311649016645 0.04305049294845085
0 0.24418494704992436 0.44685859588380433 0.027231467473524992 0.029597213902060243
0 0.1806448562783661 0.6029166328219395 0.03025718608169439 0.051122460376285955
0 0.14357980332829048 0.5060530236879245 0.022692889561270777 0.024215902283503888
0 0.13979765506807867 0.5316142538760672 0.024205748865355543 0.037669181329894684
