0 0.129964069591528 0.5733194189198794 0.2556732223903177 0.27713754835565396
0 0.33571293494704996 0.5316142538760672 0.09531013615733741 0.07533836265978937
0 0.33722579425113464 0.34461367513123287 0.07110438729198182 0.11031688818040597
0 0.2850321482602118 0.6836363071002852 0.03328290468986387 0.04574114875772931
0 0.40379160363086236 0.764355981378631 0.03479576399394863 0.05112246037628567
0 0.4839731467473525 0.7038162256698716 0.03782148260211805 0.06457573942267665
0 0.5240639183055976 0.7266868000487364 0.030257186081694445 0.04574114875772931
0 0.384124432677761 0.8948527881286235 0.0438729198184569 0.07533836265978937
0 0.3780729954614221 0.8235504091827514 0.02874432677760968 0.0349785255206166
0 0.21544062027231467 0.7266868000487364 0.036308623298033235 0.04574114875772931
0 0.26612140695915276 0.7186148326209016 0.03782148260211795 0.04035983713917296
0 0.029358925869894126 0.8168237696595558 0.054462934947049936 0.0699570510412332
0 0.1904784417549168 0.8733275416543979 0.037821482602118 0.09148229751545862
0 0.03616679273827537 1.2083141899095329 0.06202723146747352 0.06726639523195493
0 0.28427571860816947 1.0213136111646985 0.02874432677760968 0.06457573942267665
0 0.22678706505295007 0.9096513950796534 0.0317700453857791 0.04574114875772931
0 0.019525340393343395 0.9392486089817136 0.018154311649016645 0.03497852552061641
0 0.08684757942511342 0.38228285646112764 0.05597579425113465 0.15874869274741354
0 0.3629444024205748 0.25447670552041346 0.03328290468986387 0.048431804567007394
0 0.07171898638426626 0.2531313776157744 0.022692889561270777 0.04574114875772931
0 0.03692322239031767 0.4522399075023606 0.013615733736762503 0.00807196742783463
0 0.010448184568835084 0.3809375285564886 0.018154311649016618 0.04305049294845104
