0 0.04826966717095312 1.1908249271492248 0.07110438729198186 0.09686360913401498
0 0.3342000756429652 1.3320843571363299 0.0650529500756429 0.11031688818040597
0 0.05810325264750381 0.036533584968879804 0.018154311649016645 0.04305049294845085
0 0.30167360060514375 0.0674761267755789 0.027231467473524968 0.05112246037628586
0 0.44917738275340396 0.08362006163124816 0.022692889561270885 0.024215902283503888
0 0.12088691376701967 0.37959220065184934 0.01361573373676247 0.024215902283503697
0 0.1700548411497731 0.40380810293535313 0.015128593040847222 0.018834590664947342
0 0.30696860816944027 0.4186067098863832 0.01664145234493188 0.02690655809278197
0 0.47338313161875945 0.6365498304379169 0.016641452344931987 0.03228786971133814
0 0.3296614977307111 0.3392323635126765 0.016641452344931935 0.029597213902060056
0 0.3319307866868381 0.5073983515925635 0.015128593040847115 0.02690655809278197
0 0.14433623298033285 0.5329595817807065 0.0121028744326778 0.013453279046390794
0 0.1450926626323752 0.5921540095848268 0.007564296520423557 0.018834590664947342
0 0.13450264750378216 0.6486577815796687 0.0045385779122541344 0.024215902283503697
