0 0.46506240544629346 0.7468667186183229 0.10287443267776097 0.06995705104123282
0 0.2880578668683812 0.9432845926956309 0.06051437216338878 0.0591944278041203
0 0.4174073373676248 0.7845358999482176 0.02874432677760968 0.03228786971133814
0 0.4680881240544629 0.6204058955822477 0.03328290468986387 0.032287869711338325
0 0.4620366868381241 0.7952985231853302 0.033282904689863814 0.048431804567007394
0 0.5089353252647504 0.8020251627085256 0.02723146747352502 0.04035983713917296
0 0.12013048411497732 0.6150245839636912 0.036308623298033235 0.037669181329894684
0 0.09138615733736762 0.17913834286062402 0.018154311649016645 0.032287869711338325
0 0.08457829046898642 0.10379998020083464 0.016641452344931935 0.04305049294845104
0 0.13525907715582453 0.06613079887093977 0.015128593040847222 0.048431804567007596
0 0.2358642208774584 0.13205186619825565 0.0317700453857791 0.12107951141751887
0 0.3115071860816944 0.07554809420341352 0.019667170953101356 0.05112246037628586
0 0.3304179273827534 0.036533584968879804 0.009077155824508323 0.01614393485566926
0 0.3750472768532526 0.08227473372660912 0.010590015128593033 0.037669181329894684
0 0.5444875189107412 0.249095393901857 0.04387291981845669 0.06995705104123301
0 0.3523543872919819 0.29483654265958636 0.013615733736762456 0.032287869711338325
0 0.3886630105900152 0.2625486729482481 0.01059001512859298 0.02690655809278197
0 0.3705086989409985 0.3365417077033983 0.013615733736762456 0.024215902283503697
0 0.24872352496217853 0.3647935937008193 0.009077155824508323 0.021525246474225615
0 0.24796709531013617 0.2786926078039172 0.016641452344931935 0.02690655809278197
0 0.16249054462934948 0.29752719846886455 0.042360060514372105 0.03228786971133852
0 0.14963124054462934 0.25044072180649607 0.01664145234493188 0.024215902283503697
0 0.039948940998487156 0.20469957304876693 0.02420574886535549 0.024215902283503697
0 0.07171898638426626 0.41457072617246593 0.018154311649016645 0.024215902283503697
0 0.15643910741301062 0.3836281843657667 0.012102874432677746 0.021525246474225615
0 0.09895045385779123 0.4374413005513305 0.009077155824508335 0.021525246474225424
0 0.2676342662632375 0.43340531683741323 0.013615733736762456 0.029597213902060056
0 0.2827628593040848 0.5033623678786462 0.01059001512859298 0.018834590664947342
0 0.32209720121028745 0.430714661028135 0.013615733736762456 0.013453279046390985
0 0.29637859304084724 0.5235422864482329 0.010590015128593033 0.03228786971133814
0 0.3697522692889561 0.16703039171887216 0.021180030257186067 0.0349785255206166
0 0.5293589258698941 0.109181291819391 0.019667170953101408 0.037669181329894864
