0 0.27444213313161875 1.2701992735229313 0.03328290468986387 0.06188508361339838
0 0.021794629349470514 0.8961981160332625 0.03933434190620271 0.0349785255206166
0 0.13223335854765508 0.9782631182162475 0.036308623298033305 0.037669181329894684
0 0.21922276853252648 0.8867808207007889 0.022692889561270753 0.032287869711338325
0 0.4332923600605144 0.7683919650925481 0.024205748865355543 0.02690655809278197
0 0.09138615733736762 0.16030375219567666 0.018154311649016645 0.02690655809278178
0 0.11105332829046899 0.07554809420341353 0.015128593040847169 0.029597213902060066
0 0.1261819213313162 0.04191489658743616 0.018154311649016645 0.03228786971133814
0 0.17081127080181543 0.09169202905908279 0.01361573373676251 0.018834590664947342
0 0.029358925869894126 0.045950880301353476 0.018154311649016652 0.024215902283503506
0 0.33571293494704996 0.09841866858227818 0.019667170953101408 0.02690655809278197
0 0.34781580937972767 0.020389650113210735 0.016641452344931987 0.02690655809278197
0 0.2736857034795764 0.03249760125496249 0.01664145234493188 0.024215902283503888
0 0.23737708018154313 0.036533584968879804 0.013615733736762538 0.021525246474225424
0 0.1829141452344932 0.005591043162180518 0.025718608169440202 0.00807196742783463
0 0.09895045385779123 0.2585126892343308 0.009077155824508335 0.018834590664947342
0 0.14433623298033285 0.21277154047660138 0.0121028744326778 0.013453279046390985
0 0.5331410741301059 0.10514530810547368 0.021180030257186067 0.024215902283503697
0 0.5497825264750378 0.0607494872523835 0.015128593040847222 0.02690655809278197
