0 0.3410079425113465 0.7724279488064655 0.045385779122541665 0.0349785255206166
0 0.5429746596066566 0.6930536024327589 0.03479576399394852 0.06457573942267665
0 0.14131051437216338 0.37152023322401484 0.03025718608169439 0.018834590664947342
0 0.22905635400907715 0.3674842495100976 0.003025718608169396 0.01614393485566907
0 0.22829992435703478 0.402462775030714 0.0045385779122541076 0.01614393485566902
0 0.24872352496217853 0.44416794007452604 0.018154311649016645 0.024215902283503697
0 0.2630956883509834 0.4872184330229772 0.01361573373676251 0.013453279046390794
0 0.3039428895612708 0.4993263841647289 0.01664145234493188 0.02690655809278197
0 0.29032715582450835 0.3957361355075186 0.013615733736762456 0.024215902283503697
0 0.3175586232980333 0.42533334940957873 0.010590015128593033 0.018834590664947342
0 0.32890506807866865 0.47376515397658614 0.006051437216338846 0.013453279046391176
0 0.3432772314674735 0.3392323635126765 0.010590015128593033 0.018834590664947342
0 0.3750472768532526 0.33788703560803746 0.022692889561270725 0.02690655809278197
0 0.3130200453857791 0.23967809856938332 0.010590015128593033 0.024215902283503697
0 0.32209720121028745 0.2531313776157743 0.013615733736762456 0.024215902283503697
0 0.2850321482602118 0.18048367076526314 0.02723146747352502 0.0349785255206166
0 0.29864788199697423 0.12532522667506016 0.02723146747352502 0.08610098589690209
0 0.4491773827534039 0.05133219191990983 0.016641452344931987 0.024215902283503888
0 0.38866301059001507 0.25716736132969165 0.01664145234493188 0.021525246474225615
0 0.47943456883509833 0.16299440800495485 0.010590015128593033 0.02690655809278197
0 0.497588880484115 0.1414691615307293 0.010590015128593033 0.02690655809278178
0 0.4295102118003026 0.3177071170384509 0.01664145234493188 0.018834590664947342
0 0.4189201966717095 0.35403097046370663 0.010590015128593087 0.010762623237112903
0 0.5074224659606655 0.2975271984688645 0.009077155824508269 0.02690655809278197
0 0.5127174735249621 0.3459590030358721 0.013615733736762456 0.010762623237112712
0 0.367482980332829 0.39035482388896225 0.022692889561270725 0.013453279046390985
0 0.38034228441754914 0.43205998893277414 0.021180030257186067 0.03228786971133814
0 0.41286875945537066 0.40111744712607494 0.01059001512859314 0.013453279046390985
0 0.4340487897125567 0.41053474245854865 0.013615733736762456 0.010762623237112903
0 0.43556164901664146 0.4522399075023607 0.01059001512859298 0.018834590664947342
0 0.41740733736762486 0.4818371214044208 0.013615733736762456 0.013453279046391176
0 0.4121123298033283 0.5127796632111201 0.009077155824508376 0.010762623237112712
0 0.34479009077155826 0.5221969585435936 0.01361573373676251 0.018834590664947342
0 0.5429746596066566 0.23564211485546602 0.013615733736762456 0.01614393485566907
