0 0.07777042360060515 0.8302770487059469 0.09077155824508322 0.08610098589690209
0 0.20636346444780634 0.4697291702626689 0.060514372163388806 0.06995705104123301
0 0.28200642965204237 0.5437222050178192 0.030257186081694445 0.051122460376285477
0 0.2963785930408471 0.9446299206002702 0.0438729198184569 0.083410330087624
0 0.2184663388804841 0.7818452441389394 0.024205748865355464 0.048431804567007394
0 0.2018248865355522 0.7710826209018264 0.015128593040847222 0.03228786971133852
0 0.21014561270801815 1.0388028739250068 0.0408472012102874 0.0349785255206166
0 0.3168021936459909 0.3567216262729848 0.0121028744326778 0.02690655809278197
0 0.4022787443267776 0.4253333494095787 0.016641452344931987 0.024215902283503697
0 0.4053044629349471 0.36613892160545847 0.010590015128593033 0.013453279046390794
0 0.4143816187594554 0.3392323635126765 0.013615733736762564 0.013453279046390794
0 0.4627931164901664 0.44147728426524785 0.016641452344931987 0.02421590228350384
0 0.3054557488653556 0.4656931865487515 0.013615733736762456 0.018834590664947342
0 0.3175586232980333 0.4952904004508117 0.01664145234493188 0.018834590664947533
0 0.32814863842662634 0.5168156469250375 0.013615733736762456 0.018834590664947342
0 0.21695347957639943 0.36075760998690204 0.018154311649016645 0.024215902283503697
0 0.22678706505295007 0.30694449380133815 0.013615733736762456 0.029597213902060056
0 0.2948657337367625 0.36075760998690204 0.01361573373676251 0.029597213902060243
