0 0.28125 1.6872509239610514 0.12254160363086226 0.16413000436596992
0 0.07171898638426626 0.9083060671750144 0.036308623298033284 0.048431804567007394
0 0.1844270045385779 0.9271406578399618 0.022692889561270777 0.08610098589690209
0 0.26006996974281393 0.8558382788940897 0.03479576399394863 0.05650377199484222
0 0.27141641452344933 0.38228285646112764 0.0121028744326778 0.045741148757729125
0 0.30394288956127086 0.3728655611286539 0.010590015128593033 0.037669181329894684
0 0.3546236762481089 0.39977211922143596 0.018154311649016645 0.032287869711338325
0 0.3879065809379727 0.39304547969824033 0.018154311649016645 0.04035983713917296
0 0.34403366111951594 0.3109804775152555 0.015128593040847222 0.03228786971133814
0 0.37656013615733736 0.2517860497111353 0.03479576399394852 0.04843180456700759
0 0.35613653555219366 0.15626776848175936 0.021180030257186015 0.04035983713917296
0 0.4090866111951589 0.05536817563382705 0.0242057488653556 0.032287869711338325
0 0.46506240544629346 0.10649063601011273 0.03328290468986387 0.03228786971133832
0 0.13601550680786686 0.03249760125496249 0.019667170953101356 0.03497852552061622
0 0.4355616490166414 0.20873555676268415 0.01664145234493188 0.03228786971133814
0 0.4529595310136157 0.1576130963863984 0.018154311649016645 0.032287869711338325
0 0.4174073373676248 0.262548672948248 0.019667170953101408 0.06995705104123301
0 0.27595499243570343 0.4589665470255561 0.024205748865355543 0.03228786971133814
0 0.18593986384266264 0.4643478586441125 0.013615733736762456 0.021525246474225424
