0 0.12693835098335857 0.32577908446628556 0.025718608169440268 0.0349785255206166
0 0.13677193645990926 0.43205998893277414 0.027231467473524968 0.048431804567007394
0 0.18820915279878972 0.42129736569566145 0.024205748865355516 0.04305049294845123
0 0.20560703479576398 0.36613892160545847 0.01664145234493188 0.051122460376285477
0 0.2835192889561271 0.2504407218064961 0.030257186081694445 0.040359837139172766
0 0.29108358547655067 0.15357711267248117 0.04841149773071109 0.05650377199484202
0 0.3727779878971255 0.09976399648691732 0.03328290468986376 0.05112246037628567
0 0.4174073373676248 0.150886456863203 0.019667170953101408 0.06726639523195493
0 0.44615166414523444 0.1347425220075338 0.031770045385779044 0.051122460376285477
0 0.26839069591527986 0.028461617541045175 0.033282904689863814 0.03228786971133852
0 0.16475983358547655 0.0849653895358872 0.04084720121028745 0.037669181329894684
0 0.027089636913767028 0.036533584968879804 0.03479576399394852 0.05381311618556394
0 0.27065998487140697 0.3903548238889622 0.019667170953101408 0.029597213902060056
0 0.26006996974281393 0.4993263841647289 0.016641452344931935 0.02690655809278197
0 0.3031864599092285 0.4872184330229772 0.02420574886535549 0.0349785255206166
