0 0.2910835854765507 1.389933457035811 0.06656580937972774 0.09148229751545843
0 0.23888993948562784 0.876018197463676 0.037821482602118 0.0591944278041203
0 0.37126512859304084 0.8343130324198641 0.024205748865355543 0.040359837139172766
0 0.3606751134644478 0.5652474514920448 0.030257186081694337 0.05112246037628577
0 0.032384644478063544 0.07689342210805267 0.02420574886535549 0.03766918132989487
0 0.0520518154311649 0.028461617541045175 0.018154311649016645 0.03228786971133852
0 0.03389750378214826 0.01769899430393246 0.018154311649016645 0.021525246474225424
0 0.2071198940998487 0.09303735696372192 0.025718608169440254 0.032287869711338325
0 0.13752836611195157 0.07554809420341352 0.016641452344931935 0.018834590664947342
0 0.1844270045385779 0.2558220334250525 0.016641452344931907 0.029597213902060056
0 0.18215771558245084 0.16837571962351128 0.012102874432677772 0.021525246474225615
0 0.05659039334341906 0.13474252200753384 0.033282904689863814 0.024215902283503888
0 0.3879065809379728 0.045950880301353476 0.0242057488653556 0.024215902283503506
0 0.3319307866868381 0.013663010590015148 0.0121028744326778 0.013453279046390794
0 0.308481467473525 0.010972354780736873 0.019667170953101304 0.018834590664947342
0 0.3591622541603631 0.1333971941028947 0.015128593040847115 0.021525246474225615
0 0.36748298033282906 0.09707334067763915 0.010590015128593033 0.029597213902060056
0 0.45674167927382747 0.04864153611063156 0.01664145234493188 0.018834590664947342
0 0.5119610438729199 0.031152273350323258 0.02723146747352502 0.037669181329894684
0 0.5119610438729197 0.14550514524464656 0.021180030257186174 0.04574114875772931
0 0.5376796520423601 0.11052661972403005 0.02420574886535549 0.04035983713917295
0 0.1715677004538578 0.428024005218857 0.024205748865355464 0.029597213902060243
0 0.18896558245083211 0.3553762983683458 0.022692889561270777 0.029597213902060056
0 0.424215204236006 0.36882957741473665 0.021180030257186122 0.03497852552061641
