0 0.10197617246596069 0.23429678695082698 0.05748865355521941 0.05112246037628567
0 0.28957072617246593 0.34057769141731564 0.009077155824508376 0.03766918132989487
0 0.4907810136157337 0.23698744276010517 0.05748865355521936 0.04574114875772931
0 0.4181637670196672 0.41188007036318774 0.030257186081694337 0.04035983713917296
0 0.11407904689863843 0.27196596828072167 0.027231467473524968 0.05650377199484217
0 0.1034890317700454 0.38900949598432305 0.021180030257186053 0.04843180456700759
0 0.003640317700453882 0.39035482388896214 0.006051437216338873 0.04035983713917272
0 0.06264183055975794 0.596189993298744 0.021180030257186067 0.026906558092781876
0 0.07247541603630861 0.45493056331163884 0.019667170953101356 0.040359837139172766
0 0.07777042360060517 0.5356502375899846 0.01815431164901666 0.03497852552061641
0 0.11937405446293496 0.5773554026337967 0.0317700453857791 0.026906558092781876
0 0.13450264750378216 0.6674923722446162 0.01361573373676251 0.04035983713917267
0 0.15492624810892586 0.7495573744276008 0.021180030257186094 0.02690655809278197
