0 0.2903271558245083 0.08362006163124816 0.016641452344931987 0.024215902283503888
0 0.3024300302571861 0.12936121038897738 0.013615733736762456 0.013453279046390985
0 0.016499621785174008 0.05133219191990973 0.022692889561270805 0.018834590664947533
0 0.046000378214826027 0.015008338494654189 0.027231467473524968 0.010762623237112712
0 0.024063918305597592 0.1333971941028947 0.013615733736762484 0.01614393485566907
0 0.059616111951588516 0.08092940582196989 0.015128593040847222 0.018834590664947352
0 0.20485060514372164 0.036533584968879804 0.021180030257186122 0.021525246474225424
0 0.2759549924357035 0.00693637106681975 0.009077155824508376 0.0
0 0.3009171709531014 0.1683757196235112 0.007564296520423664 0.010762623237112712
0 0.2237613464447806 0.10379998020083463 0.019667170953101356 0.01614393485566907
0 0.13298978819969745 0.29080055894566903 0.016641452344931935 0.024215902283503697
0 0.4189201966717095 0.08362006163124816 0.010590015128593087 0.024215902283503888
0 0.4446388048411497 0.09169202905908269 0.007564296520423611 0.013453279046390985
0 0.49002458396369136 0.11725325924722553 0.010590015128593033 0.010762623237112712
0 0.42194591527987896 0.13608784991217296 0.016641452344931987 0.021525246474225615
0 0.4272409228441755 0.1616490801003157 0.015128593040847222 0.024215902283503697
0 0.2676342662632375 0.010972354780736873 0.013615733736762456 0.018834590664947342
0 0.25553139183055973 0.03787891287351885 0.010590015128593033 0.013453279046391176
0 0.23132564296520425 0.010972354780737065 0.01361573373676243 0.00807196742783463
0 0.21090204236006052 0.1549224405771203 0.0121028744326778 0.021525246474225615
0 0.18518343419062025 0.09976399648691732 0.021180030257186067 0.029597213902060243
0 0.35311081694402424 0.7078522093837889 0.060514372163388834 0.07264770685051128
