0 0.12466906202723148 0.4320599889327742 0.08169440242057485 0.16143934855669145
0 0.3962273071104387 0.832967704515225 0.03479576399394858 0.04843180456700759
0 0.289570726172466 0.7186148326209018 0.018154311649016645 0.051122460376285477
0 0.18367057488653554 0.3419230193219548 0.05748865355521936 0.0349785255206166
0 0.08911686838124054 0.3123258054198945 0.01361573373676251 0.029597213902060056
0 0.07625756429652045 0.43071466102813516 0.02118003025718608 0.061885083613398575
0 0.10954046898638428 0.4549305633116388 0.015128593040847169 0.024215902283503506
0 0.4393437972768533 0.11187194762866917 0.07866868381240542 0.10224492075257134
0 0.4832167170953101 0.22891547533227063 0.018154311649016645 0.03497852552061641
0 0.4983453101361573 0.26120334504360887 0.021180030257186067 0.040359837139172766
0 0.514230332829047 0.3782468727472103 0.016641452344931987 0.04843180456700759
0 0.3833680030257186 0.3594122820822631 0.03328290468986392 0.037669181329894684
0 0.3304179273827534 0.37824687274721025 0.02420574886535549 0.02690655809278197
0 0.32890506807866865 0.46165720283483425 0.027231467473524913 0.02690655809278197
0 0.4007658850226929 0.44416794007452615 0.019667170953101408 0.0349785255206166
0 0.39017586989409986 0.19259162190701498 0.019667170953101408 0.03766918132989487
