0 0.20938918305597579 1.1181772202987137 0.06959152798789715 0.05919442780412011
0 0.48472957639939485 0.749557374427601 0.028744326777609786 0.06457573942267665
0 0.49002458396369136 0.5060530236879245 0.021180030257186067 0.051122460376285477
0 0.44236951588502266 0.4912544167368945 0.013615733736762456 0.03228786971133852
0 0.4378309379727685 0.5867726979662704 0.025718608169440254 0.045741148757729215
0 0.36294440242057485 0.654039093198225 0.024205748865355543 0.03497852552061641
0 0.468088124054463 0.24236875437866162 0.0317700453857791 0.05112246037628567
0 0.4590109682299546 0.2760019519946389 0.01664145234493188 0.02690655809278197
0 0.4718702723146747 0.3392323635126766 0.015128593040847222 0.04035983713917291
0 0.5089353252647504 0.3325057239894811 0.019667170953101304 0.01614393485566926
0 0.4953195915279879 0.4118800703631877 0.022692889561270725 0.034978525520616456
0 0.5384360816944025 0.3553762983683457 0.021180030257186067 0.04035983713917296
0 0.5520518154311649 0.39977211922143585 0.015128593040847115 0.01614393485566926
0 0.4166509077155824 0.4683838423580298 0.010590015128593033 0.013453279046390794
0 0.37882942511346446 0.3594122820822629 0.01664145234493188 0.02690655809278197
0 0.3735344175491679 0.27062064037608263 0.0121028744326778 0.02690655809278178
0 0.3977401664145234 0.29887252637350364 0.015128593040847222 0.029597213902060243
0 0.43026664145234494 0.2813832636131953 0.019667170953101304 0.021525246474225615
0 0.45069024205748864 0.3002178542781427 0.009077155824508269 0.01614393485566907
0 0.3531108169440242 0.25178604971113516 0.010590015128593033 0.02690655809278197
0 0.07020612708018154 0.23967809856938335 0.055975794251134615 0.04035983713917296
0 0.23132564296520422 0.1751023591467067 0.027231467473524968 0.04035983713917296
0 0.1821577155824508 0.3392323635126765 0.01361573373676251 0.018834590664947342
0 0.2116584720121029 0.27734727989927804 0.015128593040847169 0.029597213902060243
0 0.3077250378214826 0.37959220065184934 0.013615733736762456 0.024215902283503697
0 0.23283850226928893 0.5612114677781276 0.03025718608169439 0.03228786971133814
0 0.3629444024205749 0.5195063027343155 0.015128593040847222 0.024215902283503506
0 0.3833680030257186 0.5760100747291576 0.013615733736762456 0.024215902283503506
0 0.41967662632375186 0.5221969585435936 0.022692889561270777 0.018834590664947342
0 0.4295102118003025 0.5450675329224584 0.009077155824508376 0.01614393485566907
0 0.01649962178517398 0.39304547969824033 0.012102874432677772 0.013453279046390985
0 0.05356467473524963 0.4091894145539095 0.013615733736762484 0.029597213902060056
0 0.05583396369137669 0.4334053168374133 0.021180030257186094 0.018834590664947533
0 0.16249054462934945 0.4872184330229772 0.031770045385779155 0.061885083613398575
0 0.480947428139183 0.5504488445410147 0.012102874432677638 0.02690655809278197
0 0.5490260968229954 0.5154703190203983 0.015128593040847222 0.021525246474225615
