0 0.06491111951588505 0.9890257414533602 0.037821482602118005 0.032287869711338325
0 0.05885968229954614 1.0764720552549014 0.08018154311649016 0.07802901846906744
0 0.3205843419062028 0.43609597264669137 0.0317700453857791 0.024215902283503697
0 0.3894194402420575 0.5221969585435937 0.021180030257186174 0.04574114875772931
0 0.24947995461422087 0.5934993374894658 0.016641452344931935 0.0699570510412333
0 0.17232413010590017 0.44282261216988694 0.031770045385779155 0.03766918132989487
0 0.24947995461422087 0.45896654702555606 0.016641452344931935 0.021525246474225615
0 0.07247541603630864 0.1791383428606241 0.025718608169440254 0.02690655809278197
0 0.07928328290468988 0.21949817999979687 0.03933434190620271 0.037669181329894705
0 0.19047844175491682 0.14012383362609018 0.022692889561270777 0.029597213902060056
0 0.16551626323751892 0.3715202332240149 0.027231467473524968 0.024215902283503697
0 0.15038767019667174 0.31501646122917276 0.018154311649016645 0.0295972139020601
0 0.15492624810892588 0.24775006599721788 0.018154311649016645 0.029597213902060056
0 0.20106845688350983 0.28945523104103 0.016641452344931935 0.021525246474225566
0 0.23359493192133132 0.25985801713896983 0.009077155824508295 0.005381311618556165
0 0.2835192889561271 0.22353416371371426 0.027231467473524913 0.024215902283503697
0 0.30999432677760974 0.18855563819309767 0.01059001512859298 0.024215902283503673
0 0.26914712556732223 0.11859858715186475 0.016641452344931987 0.018834590664947342
0 0.2903271558245083 0.09438268486836096 0.016641452344931987 0.029597213902060243
0 0.29940431164901665 0.07958407791733084 0.01664145234493188 0.02690655809278197
0 0.34479009077155826 0.02442563382712786 0.01361573373676251 0.029597213902060056
0 0.3493286686838124 0.12532522667506016 0.013615733736762564 0.021525246474225424
0 0.38336800302571855 0.06344014306166178 0.027231467473524913 0.037669181329894684
0 0.413625189107413 0.023080305922488817 0.021180030257186067 0.03228786971133814
0 0.4476645234493191 0.06747612677557908 0.02874432677760968 0.029597213902060056
0 0.4257280635400908 0.12532522667506016 0.015128593040847115 0.01614393485566926
0 0.386393721633888 0.12936121038897738 0.0121028744326778 0.024215902283503697
0 0.41665090771558244 0.1831743265745413 0.0060514372163389 0.018834590664947533
0 0.44463880484114976 0.20469957304876693 0.013615733736762456 0.024215902283503697
0 0.4718702723146747 0.234296786950827 0.019667170953101408 0.029597213902060243
0 0.3122636157337368 0.26389400085288717 0.027231467473524913 0.024215902283503888
0 0.4000094553706505 0.30963514961061633 0.015128593040847115 0.013453279046390985
0 0.5528082450832073 0.3755562169379321 0.018154311649016645 0.04305049294845123
0 0.21770990922844177 0.1643397359095939 0.019667170953101356 0.018834590664947342
0 0.27217284417549165 0.19931826143021047 0.016641452344931987 0.0349785255206166
0 0.1284512102874433 0.34595900303587207 0.022692889561270833 0.02690655809278197
0 0.21922276853252648 0.3917001517936013 0.022692889561270753 0.02690655809278178
0 0.21695347957639943 0.35403097046370663 0.015128593040847222 0.02690655809278178
0 0.25401853252647505 0.31636178913381185 0.013615733736762456 0.02690655809278197
0 0.25099281391830564 0.28945523104102994 0.013615733736762456 0.010762623237112903
0 0.2646085476550681 0.4011174471260749 0.013615733736762456 0.018834590664947293
0 0.3689958396369138 0.37152023322401484 0.013615733736762456 0.04574114875772931
0 0.4143816187594554 0.44954925169308246 0.007564296520423611 0.024215902283503888
0 0.46128025718608173 0.29618187056422535 0.013615733736762564 0.024215902283503697
0 0.4748959909228442 0.30425383799206007 0.007564296520423611 0.018834590664947342
0 0.5338975037821483 0.3836281843657667 0.010590015128593033 0.021525246474225615
0 0.5384360816944025 0.33788703560803746 0.010590015128593033 0.010762623237112712
0 0.497588880484115 0.39170015179360135 0.01664145234493188 0.032287869711338325
0 0.42118948562783665 0.21680752419051869 0.006051437216338846 0.021525246474225615
0 0.148874810892587 0.4710744981673079 0.01815431164901659 0.029597213902060056
0 0.09743759455370651 0.5060530236879245 0.021180030257186053 0.013453279046390794
0 0.0694496974281392 0.5692834352059619 0.01966717095310137 0.037669181329894684
0 0.1239126323751891 0.6056072886312176 0.010590015128593033 0.018834590664947342
0 0.14055408472012101 0.5908086816801875 0.007564296520423584 0.02690655809278197
0 0.30167360060514375 0.5598661398734884 0.021180030257186067 0.04574114875772931
0 0.2910835854765508 0.49798105626009 0.027231467473524968 0.05650377199484222
0 0.30621217851739785 0.5020170399740072 0.018154311649016645 0.03228786971133852
0 0.29184001512859303 0.47376515397658614 0.013615733736762564 0.024215902283503506
0 0.32890506807866865 0.4576212191209169 0.006051437216338846 0.018834590664947342
0 0.39168872919818454 0.4401319563606088 0.010590015128593033 0.02690655809278197
0 0.443125945537065 0.5181609748296764 0.022692889561270725 0.037669181329894684
0 0.4204330559757942 0.48049179349978155 0.007564296520423611 0.02690655809278197
0 0.43783093797276856 0.5544848282549318 0.015128593040847222 0.04574114875772931
0 0.39925302571860816 0.49394507254617276 0.010590015128593033 0.02690655809278197
0 0.24569780635400906 0.5410315492085411 0.024205748865355543 0.04574114875772931
0 0.21544062027231467 0.5033623678786464 0.024205748865355543 0.029597213902060056
0 0.31302004538577916 0.5867726979662705 0.022692889561270833 0.029597213902060056
0 0.300160741301059 0.6096432723451349 0.009077155824508323 0.010762623237112712
0 0.29032715582450835 0.6769096675770898 0.013615733736762456 0.03228786971133852
0 0.32209720121028745 0.6513484373889469 0.013615733736762456 0.029597213902060243
0 0.39698373676248117 0.6177152397729696 0.027231467473524968 0.03228786971133814
0 0.38563729198184565 0.5840820421569922 0.010590015128593033 0.024215902283503506
0 0.4053044629349471 0.5813913863477138 0.025718608169440254 0.04574114875772931
0 0.2835192889561271 0.372865561128654 0.0242057488653556 0.04305049294845104
0 0.2018248865355522 0.2248794916183533 0.0121028744326778 0.021525246474225615
0 0.1919913010590015 0.6419311420564733 0.01664145234493196 0.026906558092781686
0 0.1904784417549168 0.6056072886312176 0.013615733736762538 0.018834590664947342
0 0.16627269288956126 0.637895158342556 0.016641452344931935 0.029597213902060056
0 0.1889655824508321 0.7038162256698717 0.019667170953101328 0.032287869711338325
0 0.17913199697428137 0.7428307349044055 0.009077155824508295 0.013453279046391176
0 0.1889655824508321 0.7818452441389394 0.016641452344931935 0.02690655809278197
0 0.15568267776096825 0.7831905720435784 0.007564296520423611 0.024215902283503888
0 0.05507753403933435 0.6849816350049241 0.015128593040847169 0.02690655809278197
0 0.1072711800302572 0.6338591746286385 0.013615733736762496 0.037669181329894684
0 0.13223335854765508 0.6567297490075032 0.015128593040847222 0.029597213902060056
0 0.16475983358547655 0.5154703190203982 0.016641452344931935 0.04305049294845123
0 0.25704425113464446 0.4145707261724659 0.007564296520423557 0.018834590664947342
0 0.3130200453857791 0.39304547969824033 0.010590015128593033 0.024215902283503697
0 0.5157431921331316 0.4132253982678268 0.019667170953101408 0.021525246474225424
0 0.47187027231467477 0.3755562169379321 0.013615733736762564 0.03228786971133814
0 0.45295953101361575 0.3338510518941201 0.009077155824508376 0.013453279046391176
