0 0.21770990922844174 0.8585289347033679 0.09228441754916789 0.08879164170618035
0 0.3493286686838124 0.5773554026337968 0.06807866868381245 0.10224492075257144
0 0.3795858547655068 0.5504488445410148 0.052950075642965166 0.06457573942267665
0 0.45295953101361575 0.3002178542781427 0.08472012102874427 0.12377016722679696
0 0.5119610438729197 0.49394507254617265 0.10892586989409965 0.1399141020824662
0 0.5089353252647504 0.5343049096853455 0.06051437216338878 0.1076262323711275
0 0.5354103630862329 0.888126148605428 0.059001512859304016 0.0726477068505111
0 0.3523543872919818 0.7468667186183229 0.028744326777609623 0.03228786971133814
0 0.16475983358547658 0.8679462300358414 0.046898638426626324 0.0591944278041203
0 0.10348903177004541 1.1168318923940745 0.03933434190620271 0.05112246037628567
