0 0.05280824508320728 0.2383327706647443 0.013615733736762463 0.021525246474225615
0 0.06566754916792739 0.20469957304876685 0.015128593040847169 0.018834590664947342
0 0.06642397881996977 0.15761309638639848 0.016641452344931935 0.021525246474225424
0 0.09819402420574888 0.18990096609773682 0.016641452344931945 0.01614393485566926
0 0.13450264750378216 0.11590793134258648 0.01361573373676251 0.0349785255206166
0 0.17232413010590014 0.02442563382712786 0.019667170953101356 0.029597213902060056
0 0.22678706505295007 0.06344014306166178 0.013615733736762456 0.021525246474225424
0 0.2638521180030257 0.062094815157022636 0.015128593040847169 0.01883459066494715
0 0.27898071104387295 0.02442563382712805 0.01815431164901659 0.018834590664947342
0 0.3115071860816944 0.05536817563382714 0.013615733736762402 0.01614393485566926
0 0.26309568835098335 0.13205186619825557 0.01664145234493188 0.018834590664947342
0 0.31604576399394857 0.10379998020083456 0.016641452344931987 0.02690655809278196
0 0.34100794251134636 0.08227473372660901 0.018154311649016645 0.032287869711338325
0 0.27065998487140697 0.16703039171887216 0.013615733736762564 0.018834590664947342
0 0.3054557488653556 0.20200891723948877 0.013615733736762456 0.018834590664947342
0 0.45976739788199694 0.2558220334250525 0.016641452344931987 0.024215902283503888
0 0.47943456883509833 0.26389400085288717 0.010590015128593033 0.024215902283503888
0 0.4370745083207262 0.036533584968879804 0.019667170953101408 0.03228786971133852
0 0.4582545385779122 0.045950880301353476 0.013615733736762456 0.0349785255206166
0 0.48397314674735253 0.09976399648691733 0.010590015128593033 0.01883459066494752
0 0.48246028744326774 0.1333971941028947 0.01361573373676251 0.01614393485566907
0 0.5021274583963691 0.10649063601011281 0.007564296520423611 0.01614393485566926
0 0.5036403177004538 0.137433177816812 0.010590015128593033 0.024215902283503697
0 0.4083301815431165 0.03787891287351884 0.01664145234493188 0.024215902283503506
0 0.4068173222390318 0.07689342210805267 0.013615733736762402 0.03766918132989487
0 0.32361006051437213 0.00693637106681975 0.010590015128593033 0.0
0 0.35311081694402424 0.012317682685375914 0.0 0.0
0 0.018768910741301062 0.34057769141731575 0.0 0.0
0 0.018768910741301062 0.3540309704637065 0.0 0.0
0 0.08609114977307114 0.29214588685030807 0.013615733736762496 0.021525246474225615
0 0.4529595310136157 0.16299440800495485 -0.003025718608169423 0.0
0 0.19350416036308624 0.06882145468021814 0.013615733736762456 0.03228786971133814
