0 0.30848146747352495 0.6029166328219393 0.09531013615733741 0.09955426494329307
0 0.4438823751891074 0.9002340997471798 0.04841149773071109 0.05381311618556394
0 0.054321104387292 0.22891547533227063 0.055975794251134595 0.0726477068505111
0 0.0482696671709531 0.09438268486836096 0.046898638426626324 0.06188508361339838
0 0.0997068835098336 0.3338510518941202 0.028744326777609665 0.05112246037628586
0 0.14206694402420575 0.28003793570855623 0.019667170953101356 0.0349785255206166
0 0.030115355521936452 0.36882957741473654 0.010590015128593033 0.04574114875772931
0 0.020281770045385804 0.43609597264669153 0.021180030257186067 0.0349785255206166
0 0.1148354765506808 0.4455132679791651 0.01361573373676251 0.04305049294845104
0 0.16249054462934948 0.3338510518941202 0.015128593040847222 0.040359837139172766
0 0.2487235249621785 0.2867645752317517 0.02420574886535549 0.04843180456700759
0 0.19274773071104384 0.43071466102813516 0.01815431164901667 0.024215902283503888
0 0.2411592284417549 0.48990908883225537 0.021180030257186094 0.029597213902060243
0 0.3508415279878971 0.387664168079684 0.022692889561270833 0.03497852552061641
0 0.4143816187594554 0.3809375285564886 0.040847201210287475 0.04305049294845104
0 0.45295953101361575 0.3621029378915413 0.030257186081694445 0.04305049294845104
0 0.4938067322239032 0.2961818705642254 0.02420574886535549 0.029597213902060243
0 0.47338313161875945 0.17241170333742858 0.016641452344931987 0.05112246037628567
0 0.33722579425113464 0.08092940582196989 0.0438729198184569 0.04574114875772931
