0 0.5293589258698941 0.9621191833605783 0.052950075642965166 0.04843180456700759
0 0.055833963691376706 0.49932638416472913 0.025718608169440254 0.037669181329894684
0 0.14055408472012104 0.34326834722659383 0.022692889561270833 0.03228786971133852
0 0.06264183055975794 0.37824687274721025 0.021180030257186067 0.02690655809278197
0 0.025576777609682303 0.3567216262729847 0.013615733736762484 0.021525246474225615
0 0.04902609682299548 0.3150164612291727 0.015128593040847222 0.013453279046390985
0 0.0694496974281392 0.1751023591467067 0.01966717095310137 0.024215902283503697
0 0.02255105900151287 0.08092940582196989 0.019667170953101356 0.018834590664947352
0 0.09289901664145236 0.11052661972403004 0.015128593040847169 0.024215902283503697
0 0.11256618759455372 0.1831743265745413 0.012102874432677732 0.018834590664947533
0 0.14357980332829046 0.15357711267248117 0.010590015128593033 0.018834590664947342
0 0.12013048411497732 0.1576130963863984 0.012102874432677758 0.005381311618556356
0 0.11559190620272315 0.25044072180649607 0.015128593040847222 0.024215902283503697
0 0.18215771558245084 0.23967809856938332 0.015128593040847222 0.024215902283503697
0 0.19879916792738278 0.08631071744052633 0.018154311649016645 0.024215902283503697
0 0.21090204236006052 0.02711628963640613 0.018154311649016645 0.013453279046391176
0 0.2366206505295008 0.021734978017849776 0.015128593040847222 0.024215902283503888
0 0.24721066565809377 0.18048367076526314 0.01815431164901667 0.029597213902060056
0 0.23208207261724662 0.15895842429103751 0.015128593040847169 0.029597213902060056
0 0.23283850226928895 0.12263457086578197 0.01664145234493188 0.01614393485566907
0 0.2933528744326777 0.0607494872523835 0.016641452344931987 0.02690655809278197
0 0.3296614977307111 0.044605552396714244 0.016641452344931935 0.02690655809278197
0 0.35840582450832076 0.036533584968879804 0.013615733736762402 0.021525246474225424
0 0.42572806354009074 0.08092940582196989 0.0121028744326778 0.018834590664947352
0 0.4552288199697428 0.027116289636405944 0.013615733736762456 0.029597213902060056
0 0.47338313161875945 0.18182899866990218 0.016641452344931987 0.02690655809278197
0 0.11861762481089261 0.30963514961061633 0.012102874432677746 0.013453279046390985
0 0.19274773071104384 0.2800379357085563 0.01815431164901667 0.024215902283503697
0 0.24418494704992436 0.2813832636131954 0.021180030257186122 0.04305049294845104
0 0.20636346444780634 0.207390228858045 0.021180030257186122 0.024215902283503697
0 0.08079614220877458 0.2840739194224735 0.015128593040847222 0.02690655809278197
