0 0.05507753403933437 0.33788703560803746 0.07564296520423602 0.08610098589690209
0 0.3901758698940999 0.08765604534516547 0.13464447806354013 0.12377016722679676
0 0.31831505295007567 0.7078522093837889 0.033282904689863814 0.05650377199484202
0 0.4688445537065053 0.8020251627085258 0.040847201210287475 0.051122460376285477
0 0.0414618003025719 0.4038081029353532 0.027231467473524968 0.040359837139172766
0 0.059616111951588516 0.4199520377910223 0.015128593040847222 0.024215902283503697
0 0.2320820726172466 0.31367113332453367 0.03025718608169439 0.04305049294845104
0 0.2525056732223903 0.2881099031363909 0.01664145234493188 0.02421590228350365
0 0.3266357791225416 0.3177071170384509 0.016641452344931935 0.018834590664947342
0 0.443125945537065 0.18048367076526303 0.01664145234493188 0.05112246037628567
0 0.478678139183056 0.09572801277300011 0.021180030257186067 0.02690655809278197
0 0.43404878971255667 0.23160613114154882 0.02874432677760968 0.05112246037628586
0 0.5278460665658093 0.25447670552041346 0.03177004538577921 0.04305049294845123
0 0.4801909984871407 0.25716736132969165 0.018154311649016645 0.03766918132989487
