0 0.2298127836611195 0.18855563819309756 0.06202723146747352 0.27713754835565396
0 0.27292927382753407 0.28810990313639084 0.05748865355521936 0.07264770685051128
0 0.19728630862329802 0.3742108890332931 0.05900151285930409 0.083410330087624
0 0.2525056732223903 0.3473043309405111 0.045385779122541554 0.029597213902060056
0 0.25401853252647505 0.386318840175045 0.03025718608169439 0.032287869711338325
0 0.26158282904689867 0.43071466102813505 0.021180030257186067 0.03497852552061641
0 0.2782242813918306 0.4562758912162779 0.027231467473524968 0.037669181329894684
0 0.34252080181543115 0.43878662845596966 0.02874432677760968 0.029597213902060243
0 0.3039428895612708 0.5760100747291576 0.021180030257186122 0.024215902283503506
0 0.4272409228441755 0.6755643396724506 0.025718608169440146 0.04574114875772931
0 0.35538010590015123 1.1585370574378864 0.0574886535552193 0.06995705104123301
0 0.1186176248108926 0.7051615535745108 0.022692889561270805 0.040359837139172766
0 0.4953195915279879 0.6230965513915259 0.019667170953101408 0.026906558092781876
0 0.42724092284417553 0.4132253982678269 0.03479576399394852 0.03228786971133819
0 0.3455465204236006 0.11456260343794734 0.040847201210287426 0.032287869711338325
0 0.3810987140695915 0.12397989877042102 0.03025718608169439 0.04035983713917296
0 0.5104481845688351 0.20469957304876685 0.0317700453857791 0.07802901846906744
0 0.37353441754916794 0.16433973590959397 0.06354009077155826 0.06726639523195493
0 0.4302666414523449 0.2760019519946389 0.022692889561270833 0.06457573942267665
0 0.44690809379727686 0.3109804775152555 0.019667170953101408 0.02690655809278197
0 0.41059947049924356 0.3230884286570073 0.0317700453857791 0.06188508361339838
0 0.4786781391830559 0.3647935937008193 0.037821482602117894 0.03766918132989487
0 0.472626701966717 0.4885637609276163 0.025718608169440202 0.03766918132989487
0 0.3674829803328291 0.4899090888322552 0.030257186081694445 0.04574114875772931
0 0.37353441754916794 0.5504488445410145 0.015128593040847222 0.037669181329894684
0 0.4000094553706505 0.5100890074018418 0.01664145234493188 0.03228786971133852
0 0.47413956127080176 0.6015713049173002 0.022692889561270833 0.02690655809278197
0 0.33041792738275344 0.5908086816801875 0.013615733736762456 0.02690655809278197
0 0.3115071860816944 0.6432764699611123 0.009077155824508323 0.018834590664947342
0 0.3334436459909228 0.6634563885306989 0.02874432677760968 0.03228786971133804
0 0.32436649016641456 0.7145788489069844 0.03479576399394852 0.03228786971133852
0 0.32285363086232977 0.7495573744276008 0.025718608169440202 0.02690655809278197
0 0.30999432677760963 0.7657013092832702 0.018154311649016645 0.03228786971133814
0 0.3046993192133131 0.7778092604250222 0.007564296520423611 0.018834590664947342
0 0.10878403933434191 0.03518825706424057 0.030257186081694417 0.04574114875772931
