0 0.24418494704992436 0.6473124536750297 0.1694402420574886 0.19372721826802997
0 0.39017586989409986 0.7952985231853303 0.06202723146747354 0.05381311618556375
0 0.2358642208774584 0.8114424580409995 0.0317700453857791 0.04305049294845123
0 0.039948940998487156 0.7979891789946085 0.03328290468986387 0.05919442780412011
0 0.07852685325264752 0.7118881930977062 0.037821482602118 0.048431804567007394
0 0.027089636913767028 0.5813913863477138 0.03479576399394852 0.04574114875772931
0 0.53767965204236 0.3338510518941201 0.05143721633888062 0.11569819979896213
0 0.27746785173978816 0.484527777213699 0.0121028744326778 0.029597213902060243
0 0.2933528744326777 0.4562758912162779 0.016641452344931987 0.037669181329894684
0 0.3493286686838124 0.5248876143528718 0.013615733736762564 0.024215902283503888
0 0.3137764750378215 0.8141331138502778 0.030257186081694337 0.037669181329894684
0 0.02557677760968233 0.262548672948248 0.04084720121028745 0.0591944278041203
0 0.08684757942511348 0.07285743839413535 0.030257186081694445 0.05112246037628567
0 0.11710476550680787 0.03518825706424057 0.021180030257186053 0.029597213902060056
0 0.17232413010590017 0.09572801277300011 0.031770045385779155 0.037669181329894684
0 0.24191565809379728 0.1024546522961955 0.010590015128593033 0.024215902283503878
0 0.27444213313161875 0.14819580105392471 0.015128593040847222 0.013453279046390985
0 0.3326872163388805 0.07016678258485717 0.019667170953101304 0.018834590664947342
0 0.346302950075643 0.1199439150565038 0.013615733736762564 0.021525246474225424
0 0.4915374432677761 0.09841866858227818 0.013615733736762456 0.037669181329894684
0 0.4862424357034796 0.207390228858045 0.02420574886535549 0.05112246037628567
0 0.35613653555219366 0.16837571962351128 0.021180030257186015 0.021525246474225615
0 0.3508415279878971 0.19797293352557133 0.016641452344931987 0.021525246474225615
0 0.3826115733736763 0.220843507904436 0.019667170953101408 0.024215902283503697
0 0.41059947049924356 0.22757014742763151 0.0121028744326778 0.01614393485566926
0 0.45825453857791226 0.0849653895358872 0.019667170953101408 0.02690655809278197
0 0.1715677004538578 0.27734727989927804 0.024205748865355464 0.024215902283503697
0 0.224517776096823 0.2531313776157743 0.024205748865355543 0.029597213902060243
0 0.27217284417549165 0.19528227771629317 0.016641452344931987 0.02690655809278197
0 0.1602212556732224 0.1481958010539248 0.019667170953101356 0.029597213902060056
0 0.18669629349470498 0.14281448943536834 0.009077155824508295 0.024215902283503697
0 0.28125 0.22757014742763151 0.007564296520423504 0.01614393485566926
0 0.29940431164901665 0.21815285209515783 0.004538577912254188 0.013453279046390794
0 0.27822428139183053 0.2625486729482481 0.013615733736762456 0.02690655809278197
0 0.19123487140695916 0.48049179349978177 0.02420574886535549 0.037669181329894684
0 0.205607034795764 0.42398802150493964 0.022692889561270833 0.03766918132989487
0 0.1904784417549168 0.4132253982678269 0.013615733736762538 0.03228786971133819
0 0.13525907715582453 0.4912544167368945 0.015128593040847222 0.03228786971133852
0 0.3629444024205749 0.637895158342556 0.019667170953101304 0.029597213902060056
0 0.346302950075643 0.6338591746286388 0.013615733736762564 0.026906558092782067
0 0.4158944780635401 0.44147728426524785 0.016641452344931987 0.02421590228350384
0 0.34025151285930405 0.2786926078039172 0.016641452344931987 0.02690655809278197
0 0.32209720121028745 0.34730433094051116 0.013615733736762456 0.024215902283503888
0 0.375803706505295 0.3284697402755638 0.021180030257186067 0.024215902283503888
0 0.29184001512859303 0.4118800703631877 0.013615733736762564 0.024215902283503697
0 0.26763426626323744 0.45493056331163884 0.007564296520423611 0.013453279046391176
0 0.23435136157337366 0.45493056331163884 0.01664145234493188 0.05112246037628581
0 0.05356467473524963 0.4118800703631877 0.015128593040847176 0.024215902283503697
0 0.15416981845688352 0.40246277503071404 0.025718608169440202 0.032287869711338325
0 0.18972201210287445 0.37286556112865393 0.015128593040847222 0.02690655809278178
0 0.3296614977307111 0.46434785864411254 0.016641452344931935 0.03228786971133852
