0 0.052051815431164904 0.26523932875752615 0.04236006051437213 0.048431804567007394
0 0.25553139183055973 0.19124629400237583 0.0317700453857791 0.0349785255206166
0 0.33344364599092285 0.1831743265745413 0.024205748865355543 0.05112246037628567
0 0.46506240544629346 0.07689342210805267 0.02723146747352502 0.026906558092781793
0 0.4862424357034796 0.2383327706647443 0.02420574886535549 0.021525246474225615
0 0.26687783661119524 0.3419230193219547 0.021180030257186122 0.024215902283503697
0 0.23510779122541603 0.38228285646112753 0.015128593040847169 0.018834590664947342
0 0.16097768532526477 0.3957361355075185 0.021180030257186067 0.018834590664947342
0 0.11559190620272317 0.36344826579618017 0.01815431164901663 0.018834590664947342
0 0.1413105143721634 0.44013195636060876 0.021180030257186067 0.01614393485566907
0 0.39698373676248105 0.4643478586441125 0.033282904689863814 0.021525246474225424
