0 0.4635495461422088 0.9231046741260445 0.030257186081694445 0.0349785255206166
0 0.39698373676248117 0.9782631182162473 0.027231467473524968 0.032287869711338325
0 0.2963785930408471 0.8827448369868716 0.02874432677760968 0.04574114875772931
0 0.2835192889561271 0.7186148326209016 0.030257186081694445 0.04035983713917296
0 0.15870839636913767 0.6378951583425558 0.05900151285930412 0.04574114875772931
0 0.23888993948562784 0.9984430367858339 0.05295007564296522 0.05650377199484202
0 0.008178895612708029 0.8840901648915107 0.021180030257186067 0.07533836265978956
0 0.13147692889561272 0.9298313136492399 0.02874432677760968 0.037669181329894684
0 0.0807961422087746 0.9311766415538791 0.027231467473524954 0.04574114875772931
0 0.14357980332829048 1.0643641041131495 0.022692889561270777 0.032287869711338325
0 0.0482696671709531 0.5369955654946237 0.046898638426626324 0.032287869711338325
0 0.09214258698941 0.401117447126075 0.04387291981845689 0.045741148757729125
0 0.2767114220877458 0.6943989303373982 0.010590015128593033 0.018834590664947342
0 0.2646085476550681 0.8396943440384205 0.013615733736762456 0.051122460376285477
0 0.32361006051437213 0.35806695417762385 0.01664145234493188 0.024215902283503888
0 0.32739220877458397 0.4226426936003005 0.02420574886535549 0.029597213902060056
0 0.3122636157337368 0.46434785864411254 0.021180030257186067 0.03228786971133852
0 0.29335287443267777 0.46165720283483425 0.010590015128593087 0.02690655809278197
0 0.3667265506807867 0.5571754840642102 0.027231467473524913 0.024215902283503506
0 0.43631807866868383 0.4011174471260749 0.009077155824508269 0.018834590664947293
0 0.4257280635400908 0.42936933312349596 0.009077155824508323 0.010762623237112903
0 0.43556164901664146 0.44147728426524785 0.01059001512859298 0.013453279046390794
0 0.4257280635400908 0.4670385144533908 0.003025718608169423 0.02690655809278197
0 0.478678139183056 0.44416794007452604 0.021180030257186067 0.024215902283503697
0 0.5308717851739788 0.3715202332240149 0.010590015128593033 0.024215902283503697
0 0.30318645990922843 0.4172613819817441 0.0121028744326778 0.024215902283503746
0 0.3099943267776097 0.5867726979662703 0.004538577912254188 0.018834590664947342
0 0.02255105900151287 0.6123339281544132 0.016641452344931935 0.03228786971133862
