0 0.186696293494705 0.904270083461097 0.036308623298033235 0.05112246037628567
0 0.053564674735249646 1.4625811638863222 0.05446293494704988 0.06457573942267684
0 0.04146180030257187 1.0912706622059314 0.03630862329803329 0.07533836265978937
0 0.34781580937972767 0.8127877859456385 0.037821482602118 0.051122460376285477
0 0.37126512859304084 0.7118881930977063 0.018154311649016645 0.037669181329894684
0 0.48019099848714075 0.6755643396724509 0.045385779122541554 0.05650377199484193
0 0.34176437216338884 0.45223990750236065 0.03479576399394852 0.05650377199484222
0 0.32436649016641456 0.39977211922143585 0.024205748865355543 0.02690655809278197
0 0.0051531770045385936 0.0432602244920752 0.015128593040847195 0.029597213902060056
0 0.006666036308623305 0.07689342210805267 0.015128593040847195 0.026906558092781793
0 0.04826966717095312 0.08765604534516547 0.016641452344931935 0.02690655809278197
0 0.06264183055975797 0.03787891287351885 0.015128593040847169 0.018834590664947342
0 0.08003971255673224 0.1643397359095939 0.013615733736762524 0.018834590664947342
0 0.15038767019667174 0.13743317781681202 0.018154311649016645 0.04035983713917296
0 0.1851834341906203 0.10245465229619549 0.015128593040847169 0.018834590664947342
0 0.24947995461422087 0.1333971941028947 0.016641452344931935 0.021525246474225615
0 0.28125 0.07958407791733084 0.019667170953101408 0.02690655809278197
0 0.3334436459909228 0.07554809420341353 0.018154311649016538 0.029597213902060066
0 0.3508415279878971 0.12936121038897738 0.016641452344931987 0.024215902283503697
0 0.4499338124054463 0.09303735696372192 0.02420574886535549 0.032287869711338325
0 0.48019099848714075 0.059404159347744456 0.02420574886535549 0.051122460376285477
0 0.3099943267776097 0.3284697402755638 0.01664145234493188 0.024215902283503888
0 0.13223335854765508 0.32981506818020284 0.018154311649016645 0.037669181329894684
0 0.13450264750378213 0.2679299845668044 0.019667170953101328 0.04305049294845104
0 0.26612140695915276 0.19393694981165402 0.010590015128593033 0.024215902283503697
0 0.26763426626323755 0.15895842429103751 0.019667170953101408 0.029597213902060056
0 0.25780068078668683 0.4643478586441125 0.039334341906202795 0.04305049294845085
0 0.26612140695915276 0.2934912147549472 0.010590015128593033 0.00807196742783463
0 0.32512291981845687 0.2706206403760825 0.013615733736762456 0.01614393485566926
