0 0.3425208018154312 1.0414935297342849 0.09228441754916789 0.083410330087624
0 0.497588880484115 0.8006798348038866 0.03630862329803329 0.1291514788453533
0 0.516499621785174 0.8518022951801725 0.046898638426626324 0.07533836265978937
0 0.18745272314674735 0.4643478586441125 0.05143721633888051 0.20987115312369883
0 0.0581032526475038 0.18586498238381952 0.037821482602118 0.04574114875772931
0 0.2562878214826021 0.43071466102813505 0.019667170953101356 0.03497852552061641
0 0.26309568835098335 0.09034670115444365 0.06051437216338878 0.05381311618556375
0 0.25401853252647505 0.0257709617317669 0.03933434190620271 0.048431804567007394
0 0.3894194402420575 0.4562758912162779 0.019667170953101408 0.05919442780412011
0 0.5134739031770046 0.36075760998690215 0.02874432677760968 0.0349785255206166
0 0.3183150529500756 0.6405858141518342 0.007564296520423504 0.013453279046391271
0 0.3357129349470499 0.6123339281544132 0.018154311649016645 0.021525246474225424
0 0.39168872919818454 0.5867726979662703 0.015128593040847274 0.018834590664947342
0 0.44161308623298035 0.5867726979662705 0.015128593040847115 0.029597213902060056
0 0.4438823751891074 0.6405858141518342 0.010590015128593033 0.013453279046391271
0 0.32587934947049924 0.4643478586441125 0.004538577912254188 0.021525246474225424
0 0.2888142965204236 0.5894633537755485 0.012102874432677746 0.024215902283503888
0 0.1360155068078669 0.42398802150493964 0.015128593040847222 0.01614393485566907
0 0.1072711800302572 0.3822828564611276 0.027231467473524968 0.0349785255206166
0 0.09138615733736764 0.22757014742763151 0.05900151285930407 0.01614393485566926
0 0.024063918305597596 0.2585126892343307 0.015128593040847195 0.045741148757729125
0 0.07096255673222392 0.4172613819817441 0.02420574886535553 0.029597213902060056
0 0.053564674735249646 0.43609597264669137 0.019667170953101356 0.024215902283503697
