0 0.07474470499243571 1.7195387936723896 0.15128593040847202 0.12646082303607484
0 0.4128687594553706 0.7616653255693528 0.07110438729198182 0.08879164170618055
0 0.14206694402420578 0.08631071744052635 0.07110438729198185 0.05650377199484222
0 0.35764939485627834 0.456275891216278 0.04538577912254161 0.04843180456700759
0 0.35764939485627834 0.5585208119688493 0.030257186081694445 0.07533836265978937
0 0.28957072617246593 0.46972917026266886 0.030257186081694497 0.03228786971133814
0 0.5263332072617247 0.3782468727472104 0.03479576399394863 0.07533836265978937
0 0.4174073373676248 0.05671350353846619 0.046898638426626324 0.08879164170618055
0 0.4128687594553706 1.028040250687894 0.0438729198184569 0.07802901846906764
0 0.04221822995461425 0.387664168079684 0.0317700453857791 0.05112246037628567
0 0.07777042360060515 0.3957361355075186 0.02420574886535549 0.04035983713917296
0 0.16475983358547658 0.3755562169379321 0.046898638426626324 0.04305049294845123
0 0.3500850983358548 0.49663572835545083 0.027231467473524968 0.03228786971133814
0 0.2880578668683813 0.5423768771131802 0.021180030257186067 0.04305049294845123
0 0.31907148260211804 0.5934993374894658 0.013615733736762456 0.04305049294845085
0 0.4121123298033283 0.6244418792961649 0.015128593040847222 0.018834590664947342
0 0.2033377458396369 0.30021785427814274 0.015128593040847222 0.048431804567007394
0 0.19879916792738275 0.4280240052188569 0.015128593040847248 0.05112246037628567
0 0.02028177004538579 0.48318244930905985 0.02723146747352494 0.05919442780412011
