0 0.2873014372163389 1.419530670937871 0.06202723146747349 0.17220197179380453
0 0.12088691376701968 0.931176641553879 0.06807866868381238 0.06726639523195493
0 0.16627269288956126 1.178716976007473 0.05597579425113464 0.09417295332473671
0 0.22527420574886536 0.8491116393708941 0.02874432677760968 0.0591944278041203
0 0.39698373676248105 0.8625649184172851 0.033282904689863814 0.05919442780412011
0 0.020281770045385786 0.6903629466234807 0.03025718608169436 0.0591944278041203
0 0.06491111951588506 0.472419826071947 0.07413010590015129 0.09686360913401498
0 0.39395801815431164 0.16703039171887207 0.16338880484114976 0.153367381128857
0 0.21241490166414523 0.21142621257196234 0.03025718608169439 0.0591944278041203
0 0.06037254160363088 1.7410640401466153 0.08320726172465964 0.083410330087624
