0 0.04221822995461423 0.9809537740255257 0.022692889561270784 0.021525246474225615
0 0.08609114977307113 1.111450580775518 0.019667170953101356 0.05650377199484222
0 0.5051531770045385 0.23429678695082698 0.013615733736762456 0.013453279046390985
0 0.518768910741301 0.33250572398948103 0.019667170953101408 0.026906558092781734
0 0.5444875189107412 0.5665927793966838 0.010590015128593033 0.03228786971133852
0 0.5006145990922845 0.41860670988638327 0.01664145234493188 0.04843180456700759
0 0.46657526475037825 0.3392323635126765 0.01815431164901659 0.029597213902060056
0 0.47792170953101365 0.28272859151783447 0.013615733736762456 0.024215902283503888
0 0.4612802571860817 0.2544767055204134 0.025718608169440254 0.021525246474225615
0 0.4643059757942512 0.22891547533227055 0.007564296520423557 0.018834590664947342
0 0.45371596066565817 0.19393694981165413 0.01361573373676251 0.0349785255206166
0 0.3871501512859304 0.08092940582196997 0.013615733736762456 0.029597213902060243
0 0.44161308623298035 0.26792998456680445 0.013615733736762456 0.01614393485566926
0 0.33420007564296517 0.2692753124714435 0.010590015128593033 0.013453279046391176
0 0.35084152798789714 0.3244337565616465 0.010590015128593033 0.03228786971133852
0 0.3826115733736762 0.3943908076028795 0.007564296520423611 0.01614393485566926
0 0.4037916036308623 0.44282261216988694 0.019667170953101356 0.026906558092781925
0 0.38866301059001507 0.4576212191209169 0.01664145234493188 0.018834590664947342
0 0.3750472768532526 0.4387866284559696 0.016641452344931987 0.018834590664947293
0 0.4227023449319213 0.5221969585435936 0.018154311649016697 0.03497852552061641
0 0.21922276853252648 0.5181609748296764 0.01361573373676251 0.037669181329894684
0 0.2699035552193646 0.5356502375899848 0.009077155824508269 0.018834590664947342
0 0.3304179273827534 0.5262329422575109 0.009077155824508323 0.010762623237112712
0 0.3795858547655068 0.4818371214044207 0.007564296520423664 0.024215902283503697
0 0.38488086232980334 0.5060530236879245 0.003025718608169369 0.013453279046390794
0 0.43783093797276856 0.3002178542781427 0.015128593040847222 0.01614393485566907
0 0.514230332829047 0.3015631821827818 0.010590015128593033 0.018834590664947342
0 0.2767114220877458 0.5827367142523528 0.01664145234493188 0.02690655809278197
0 0.29410930408472014 0.5733194189198795 0.006051437216338846 0.018834590664947342
0 0.37656013615733736 0.5423768771131801 0.01361573373676251 0.021525246474225615
0 0.26385211800302566 0.6082979444404958 0.006051437216338846 0.024215902283503888
0 0.24796709531013617 0.6473124536750295 0.010590015128593087 0.02690655809278197
0 0.262339258698941 0.6674923722446162 0.009077155824508269 0.013453279046391176
0 0.2562878214826021 0.6943989303373982 0.009077155824508323 0.018834590664947342
0 0.33949508320726174 0.36613892160545847 0.006051437216338792 0.024215902283503888
0 0.3515979576399395 0.3849735122704058 0.00302571860816953 0.018834590664947342
0 0.36748298033282906 0.3957361355075185 0.004538577912254188 0.018834590664947342
0 0.35084152798789714 0.44013195636060876 0.004538577912254188 0.01614393485566907
0 0.2797371406959152 0.46972917026266886 0.010590015128593033 0.03228786971133814
0 0.29335287443267777 0.3755562169379321 0.010590015128593087 0.03228786971133814
