0 0.05961611195158851 1.2580913223811796 0.11195158850226929 0.06995705104123301
0 0.28200642965204237 0.9405939368863527 0.03328290468986387 0.0591944278041203
0 0.32814863842662634 0.7011255698605935 0.03479576399394863 0.059194427804120486
0 0.43707450832072614 0.6997802419559543 0.03479576399394852 0.04035983713917296
0 0.46657526475037825 0.8154784417549168 0.045385779122541665 0.05112246037628586
0 0.4022787443267777 0.9069607392703752 0.037821482602118 0.045741148757729125
0 0.4257280635400908 0.9432845926956309 0.030257186081694337 0.032287869711338325
0 0.5006145990922843 1.0724360715409842 0.0317700453857791 0.06457573942267665
0 0.4499338124054463 0.9540472159327438 0.02420574886535549 0.10224492075257134
0 0.48472957639939485 0.9984430367858338 0.021180030257186067 0.04574114875772931
0 0.04448751891074132 0.2517860497111352 0.036308623298033235 0.09148229751545862
0 0.4461516641452345 0.08900137324980442 0.07715582450832077 0.0941729533247369
0 0.1602212556732224 0.8047158185178039 0.022692889561270833 0.03497852552061641
