0 0.17459341906202724 0.7334134395719318 0.05748865355521936 0.0699570510412332
0 0.15265695915279878 0.39977211922143585 0.02874432677760968 0.0699570510412332
0 0.1942605900151286 0.6082979444404959 0.03025718608169439 0.07802901846906793
0 0.25023638426626327 0.7239961442394582 0.039334341906202795 0.07802901846906744
0 0.07171898638426628 0.30828982170597724 0.030257186081694403 0.05381311618556394
0 0.09289901664145236 0.32577908446628556 0.03933434190620277 0.0349785255206166
0 0.13677193645990923 0.25178604971113516 0.018154311649016645 0.05381311618556394
0 0.15416981845688355 0.28003793570855623 0.02874432677760968 0.0349785255206166
0 0.16929841149773073 0.15223178476784205 0.05597579425113464 0.0591944278041203
0 0.20636346444780634 0.12397989877042102 0.027231467473524968 0.05112246037628567
0 0.1602212556732224 0.06613079887093985 0.037821482602118 0.05381311618556394
0 0.27141641452344933 0.1549224405771203 0.054462934947049936 0.04843180456700759
0 0.24418494704992438 0.30021785427814274 0.04236006051437216 0.04305049294845104
0 0.30545574886535554 0.33788703560803746 0.03479576399394858 0.04305049294845123
0 0.4310230711043873 0.21277154047660146 0.04084720121028737 0.05650377199484202
0 0.5240639183055975 0.19528227771629314 0.045385779122541665 0.04305049294845123
0 0.3682394099848714 0.5127796632111199 0.045385779122541554 0.07533836265978937
0 0.24947995461422084 0.47645580978586444 0.022692889561270805 0.04574114875772931
