0 0.18972201210287443 1.0926159901105708 0.11497730711043871 0.12646082303607503
0 0.14055408472012104 0.11456260343794734 0.046898638426626324 0.17220197179380434
0 0.016499621785174008 0.16299440800495493 0.022692889561270805 0.1076262323711277
0 0.043731089258698966 0.26792998456680434 0.08623298033282904 0.1183888556082404
0 0.12315620272314674 0.3244337565616465 0.027231467473524968 0.03228786971133852
0 0.12693835098335854 0.6042619607265785 0.019667170953101356 0.03228786971133852
0 0.23283850226928895 0.5356502375899846 0.013615733736762456 0.03497852552061641
0 0.27595499243570343 0.5221969585435938 0.018154311649016645 0.029597213902060056
0 0.26612140695915276 0.5827367142523531 0.01664145234493188 0.037669181329894684
0 0.25704425113464446 0.596189993298744 0.013615733736762456 0.026906558092781876
0 0.29940431164901665 0.5854273700616311 0.01664145234493188 0.03228786971133852
0 0.3326872163388805 0.5571754840642102 0.013615733736762456 0.024215902283503506
0 0.3115071860816944 0.6150245839636915 0.013615733736762402 0.026906558092782067
0 0.29032715582450835 0.6782549954817289 0.013615733736762456 0.013453279046391176
0 0.297891452344932 0.6473124536750295 0.01361573373676251 0.02690655809278197
0 0.26763426626323744 0.6567297490075035 0.007564296520423611 0.018834590664947245
0 0.27368570347957644 0.6056072886312176 0.013615733736762564 0.018834590664947342
0 0.4378309379727685 0.220843507904436 0.021180030257186067 0.024215902283503697
0 0.42194591527987896 0.2625486729482481 0.016641452344931987 0.02690655809278197
0 0.47187027231467477 0.2504407218064961 0.013615733736762564 0.018834590664947342
0 0.48246028744326774 0.2854192473271127 0.01361573373676251 0.018834590664947342
0 0.4968324508320726 0.3217431007523683 0.02420574886535549 0.03766918132989487
0 0.5414618003025718 0.38228285646112764 0.01664145234493188 0.029597213902060243
0 0.4953195915279879 0.4360959726466915 0.021180030257186067 0.040359837139172766
0 0.4854860060514372 0.39035482388896214 0.007564296520423611 0.018834590664947342
0 0.5127174735249621 0.5087436794972026 0.019667170953101408 0.04574114875772931
0 0.514230332829047 0.44954925169308246 0.010590015128593033 0.024215902283503888
0 0.5240639183055976 0.3499949867497894 0.009077155824508376 0.018834590664947342
0 0.36899583963691374 0.36613892160545847 0.007564296520423611 0.013453279046390794
0 0.3848808623298033 0.417261381981744 0.009077155824508269 0.013453279046391034
0 0.4121123298033283 0.47376515397658614 0.0121028744326778 0.024215902283503506
0 0.40530446293494704 0.484527777213699 0.016641452344931935 0.029597213902060243
0 0.40379160363086236 0.5127796632111201 0.013615733736762564 0.010762623237112712
0 0.25704425113464446 0.3674842495100975 0.019667170953101304 0.02690655809278197
0 0.32512291981845687 0.35806695417762396 0.019667170953101356 0.03497852552061641
0 0.33571293494704985 0.33788703560803734 0.007564296520423611 0.021525246474225615
0 0.33344364599092285 0.4118800703631877 0.009077155824508376 0.024215902283503697
0 0.34781580937972767 0.4011174471260749 0.016641452344931987 0.018834590664947293
0 0.3591622541603631 0.3836281843657668 0.015128593040847115 0.02690655809278197
0 0.36899583963691374 0.44954925169308246 0.007564296520423611 0.013453279046390794
0 0.39320158850226933 0.45762121912091713 0.019667170953101356 0.00807196742783463
0 0.38715015128593044 0.5033623678786462 0.007564296520423557 0.018834590664947342
0 0.36067511346444786 0.4872184330229771 0.01815431164901659 0.04035983713917315
0 0.3803422844175492 0.4764558097858642 0.0060514372163389 0.018834590664947342
0 0.32890506807866865 0.5289235980667892 0.006051437216338846 0.021525246474225424
0 0.37429084720121025 0.5356502375899846 0.009077155824508269 0.029597213902060056
0 0.4105994704992436 0.5531395003502929 0.021180030257186067 0.03228786971133814
