0 0.4000094553706505 1.1571917295332472 0.04841149773071109 0.0726477068505111
0 0.0 0.0 0.0 0.0
0 0.2343513615733737 0.43071466102813516 0.0438729198184569 0.11569819979896251
0 0.27065998487140697 0.6580750769121425 0.07413010590015129 0.0699570510412332
0 0.4068173222390317 0.3890094959843231 0.07413010590015123 0.05919442780412011
0 0.42799735249621784 0.4872184330229772 0.040847201210287475 0.061885083613398575
0 0.32361006051437213 0.6109886002497739 0.01664145234493188 0.04574114875772931
0 0.272929273827534 0.6997802419559545 0.02420574886535549 0.024215902283503888
0 0.24796709531013617 0.8114424580409996 0.034795763993948604 0.03228786971133814
0 0.053564674735249646 0.6419311420564733 0.04538577912254161 0.15605803693813508
0 0.059616111951588516 0.680945651291007 0.05446293494704995 0.07802901846906764
0 0.09819402420574885 0.5894633537755485 0.03177004538577914 0.051122460376285477
0 0.06642397881996975 0.6150245839636912 0.02571860816944026 0.05381311618556394
0 0.015743192133131627 0.6244418792961649 0.03328290468986384 0.05650377199484202
0 0.08457829046898639 0.7710826209018264 0.02874432677760968 0.03228786971133852
0 0.16173411497730714 0.7657013092832702 0.034795763993948604 0.06995705104123282
0 0.2230049167927383 0.7105428651930672 0.03025718608169436 0.11569819979896251
0 0.4756524205748865 0.7024708977652326 0.02723146747352502 0.03497852552061641
0 0.2699035552193646 0.5262329422575109 0.03630862329803329 0.05381311618556375
0 0.3160457639939486 0.095728012773 0.07110438729198186 0.06995705104123301
0 0.033141074130105905 0.3392323635126766 0.04084720121028743 0.12646082303607503
0 0.1276947806354009 0.3849735122704058 0.021180030257186067 0.083410330087624
0 0.15568267776096825 0.3809375285564885 0.02874432677760968 0.10224492075257134
0 0.16627269288956129 0.3957361355075186 0.019667170953101384 0.03497852552061641
0 0.0089353252647504 0.4778011376905035 0.007564296520423584 0.03228786971133814
0 0.013473903177004545 0.17779301495598487 0.022692889561270777 0.05650377199484202
0 0.06264183055975794 0.5665927793966838 0.021180030257186067 0.03228786971133852
0 0.32739220877458397 0.7899172115667739 0.018154311649016697 0.037669181329894684
0 0.5225510590015128 0.8047158185178038 0.021180030257186174 0.04574114875772931
0 0.33873865355521937 0.5060530236879245 0.02874432677760968 0.04035983713917315
0 0.3576493948562784 0.4872184330229772 0.02420574886535549 0.024215902283503888
0 0.3720215582450832 0.5289235980667892 0.013615733736762456 0.021525246474225424
0 0.5051531770045385 0.2692753124714435 0.013615733736762456 0.040359837139172766
0 0.53767965204236 0.3567216262729847 0.009077155824508269 0.021525246474225615
0 0.554321104387292 0.39708146341215766 0.015128593040847222 0.032287869711338325
0 0.543731089258699 0.49394507254617276 0.02723146747352502 0.02690655809278197
0 0.4786781391830559 0.5517941724456538 0.03328290468986387 0.051122460376285477
