0 0.3531108169440242 1.2594366502858187 0.04841149773071109 0.11569819979896233
0 0.27444213313161875 1.2554006665719013 0.054462934947049936 0.07533836265978956
0 0.297891452344932 1.141047794677578 0.055975794251134595 0.07264770685051128
0 0.15114409984871408 0.9190686904121274 0.037821482602118 0.13453279046390967
0 0.06566754916792739 0.4038081029353532 0.08472012102874432 0.061885083613398575
0 0.41967662632375186 0.3526856425590675 0.027231467473524913 0.024215902283503506
0 0.49002458396369136 0.4105347424585486 0.03782148260211795 0.03766918132989473
0 0.5119610438729197 0.30290851008742087 0.021180030257186174 0.037669181329894684
0 0.31528933434190626 0.4966357283554508 0.021180030257186015 0.059194427804120486
0 0.32739220877458397 0.36613892160545836 0.02420574886535549 0.04035983713917296
0 0.21770990922844174 0.6701830280538942 0.0438729198184569 0.05650377199484202
0 0.26914712556732223 0.8047158185178038 0.025718608169440202 0.04574114875772931
0 0.10651475037821483 0.4885637609276163 0.015128593040847209 0.03766918132989487
0 0.24569780635400906 0.3594122820822631 0.024205748865355543 0.037669181329894684
0 0.2827628593040847 0.33250572398948103 0.016641452344931987 0.026906558092781734
0 0.28957072617246604 0.34730433094051116 0.02420574886535549 0.024215902283503888
0 0.3871501512859304 0.2558220334250525 0.013615733736762456 0.018834590664947342
0 0.45598524962178516 0.34595900303587207 0.018154311649016538 0.02690655809278197
0 0.4158944780635401 0.4253333494095788 0.016641452344931987 0.0349785255206166
0 0.41892019667170954 0.38766416807968396 0.01664145234493188 0.013453279046390985
0 0.45674167927382747 0.4132253982678268 0.01664145234493188 0.021525246474225424
0 0.45295953101361575 0.37690154484257116 0.009077155824508376 0.018834590664947342
0 0.34100794251134636 0.4226426936003005 0.018154311649016645 0.018834590664947342
0 0.32209720121028745 0.42398802150493964 0.013615733736762456 0.021525246474225615
0 0.3304179273827534 0.44147728426524785 0.009077155824508323 0.013453279046390794
0 0.337982223903177 0.4603118749301952 0.003025718608169369 0.013453279046390794
0 0.32361006051437213 0.4562758912162779 0.01664145234493188 0.037669181329894684
0 0.30696860816944027 0.41457072617246593 0.0045385779122541344 0.024215902283503697
0 0.26763426626323755 0.51277966321112 0.019667170953101408 0.02690655809278197
0 0.29864788199697434 0.5289235980667891 0.021180030257186122 0.03228786971133852
0 0.2948657337367625 0.5908086816801875 0.007564296520423611 0.02690655809278197
0 0.34781580937972767 0.6917082745281198 0.016641452344931987 0.051122460376285477
0 0.27822428139183053 0.6849816350049241 0.013615733736762456 0.02690655809278197
0 0.18291414523449318 0.8652555742265633 0.019667170953101356 0.03766918132989487
0 0.24947995461422087 0.8491116393708941 0.01361573373676251 0.021525246474225615
0 0.44615166414523444 0.45896654702555606 0.01664145234493188 0.021525246474225615
0 0.4181637670196672 0.5275782701621502 0.024205748865355543 0.018834590664947342
0 0.5475132375189108 0.8141331138502778 0.022692889561270725 0.037669181329894684
