0 0.12013048411497732 0.6728736838631725 0.0695915279878971 0.061885083613398575
0 0.10273260211800303 0.6284778630100822 0.05900151285930412 0.06457573942267665
0 0.4446388048411498 0.6567297490075035 0.046898638426626324 0.07264770685051128
0 0.48699886535552195 0.8437303277523377 0.03782148260211795 0.04305049294845104
0 0.42572806354009074 0.4899090888322554 0.05748865355521936 0.05650377199484202
0 0.5021274583963691 0.4374413005513306 0.03479576399394852 0.04843180456700759
0 0.5490260968229954 0.48452777721369905 0.019667170953101304 0.04574114875772931
0 0.5550775340393345 0.35806695417762396 0.016641452344931987 0.03497852552061641
0 0.5021274583963691 0.24775006599721788 0.02874432677760968 0.029597213902060056
0 0.5338975037821483 0.1899009660977367 0.01664145234493188 0.032287869711338325
0 0.4060608925869894 0.262548672948248 0.027231467473524913 0.05381311618556375
0 0.29562216338880487 0.4643478586441125 0.030257186081694337 0.04305049294845085
0 0.17232413010590017 0.4656931865487517 0.031770045385779155 0.04574114875772931
0 0.06415468986384268 0.27196596828072167 0.06354009077155826 0.05650377199484217
0 0.08684757942511348 0.35537629836834567 0.04236006051437213 0.05650377199484222
0 0.11256618759455371 0.6123339281544131 0.04538577912254161 0.043050492948450945
0 0.04675680786686839 0.5181609748296763 0.025718608169440254 0.06457573942267665
0 0.1034890317700454 0.9621191833605783 0.021180030257186053 0.0591944278041203
0 0.26006996974281393 1.111450580775518 0.06202723146747354 0.08879164170618035
0 0.23888993948562784 0.26658465666216524 0.04387291981845685 0.04574114875772931
0 0.36597012102874427 0.05805883144310532 0.046898638426626324 0.06457573942267647
0 0.32209720121028745 0.051332191919909925 0.04084720121028737 0.05112246037628567
0 0.14811838124054463 0.044605552396714335 0.049924357034795745 0.06457573942267684
0 0.31680219364599094 0.415916054077105 0.036308623298033235 0.04305049294845104
0 0.34252080181543115 0.3298150681802029 0.03933434190620271 0.05919442780412035
0 0.3894194402420575 0.4778011376905035 0.021180030257186174 0.059194427804120486
0 0.359162254160363 0.7293774558580145 0.03933434190620271 0.051122460376285477
0 0.4567416792738275 0.16703039171887216 0.06505295007564296 0.2287057437886462
