0 0.20938918305597579 0.7468667186183229 0.08472012102874432 0.059194427804120486
0 0.10727118003025718 0.48049179349978177 0.037821482602118 0.05381311618556394
0 0.13072049924357035 0.415916054077105 0.02723146747352494 0.04305049294845104
0 0.3031864599092285 0.4804917934997816 0.02420574886535549 0.06457573942267665
0 0.09895045385779122 0.5221969585435937 0.03630862329803329 0.04574114875772931
0 0.10348903177004538 0.5934993374894658 0.03025718608169439 0.03228786971133842
0 0.07625756429652045 0.6607657327214206 0.03328290468986387 0.04843180456700759
0 0.19350416036308624 0.9822991019301648 0.03479576399394855 0.04574114875772931
0 0.14357980332829048 0.7334134395719318 0.025718608169440202 0.04305049294845085
0 0.021038199697428157 0.4414772842652478 0.037821482602118 0.051122460376285477
0 0.020281770045385786 0.389009495984323 0.03025718608169436 0.043050492948450994
0 0.16097768532526477 0.04998686401527079 0.04236006051437213 0.048431804567007394
0 0.20863275340393345 0.09438268486836086 0.034795763993948604 0.04574114875772931
0 0.20787632375189108 0.14819580105392471 0.030257186081694417 0.05112246037628567
0 0.2411592284417549 0.12936121038897738 0.021180030257186094 0.024215902283503697
0 0.272929273827534 0.39708146341215766 0.02420574886535549 0.026906558092781734
0 0.3493286686838124 0.32712441237092466 0.019667170953101408 0.0538131161855638
0 0.5331410741301059 0.4589665470255561 0.021180030257186067 0.03228786971133814
0 0.514230332829047 0.40380810293535313 0.016641452344931987 0.018834590664947342
0 0.367482980332829 0.42667867731421777 0.022692889561270725 0.03228786971133857
0 0.2910835854765507 0.5383408933992628 0.015128593040847222 0.040359837139172766
0 0.308481467473525 0.5558301561595711 0.013615733736762456 0.03228786971133852
0 0.30394288956127086 0.5840820421569921 0.010590015128593033 0.01345327904639108
0 0.2978914523449319 0.6123339281544132 0.007564296520423611 0.021525246474225424
0 0.2910835854765506 0.6621110606260596 0.0121028744326778 0.018834590664947342
0 0.31680219364599094 0.7038162256698718 0.030257186081694337 0.037669181329894684
0 0.33722579425113464 0.6473124536750295 0.016641452344931987 0.02690655809278197
0 0.09289901664145235 0.21680752419051869 0.021180030257186122 0.03228786971133835
0 0.06112897125567322 0.17106637543278938 0.018154311649016645 0.021525246474225615
0 0.09895045385779123 0.2652393287575262 0.024205748865355477 0.037669181329894684
0 0.0944118759455371 0.29887252637350353 0.015128593040847209 0.018834590664947342
0 0.18518343419062025 0.2760019519946389 0.018154311649016618 0.02690655809278197
0 0.1942605900151286 0.40784408664927047 0.024205748865355543 0.021525246474225424
0 0.22754349470499244 0.39977211922143596 0.021180030257186042 0.032287869711338325
0 0.20636346444780634 0.45493056331163884 0.027231467473524968 0.013453279046391176
0 0.05583396369137671 0.5800460584430749 0.034795763993948514 0.03228786971133814
0 0.13979765506807867 0.5423768771131801 0.021180030257186122 0.021525246474225615
0 0.05507753403933435 0.5100890074018418 0.027231467473524968 0.03228786971133852
