0 0.25780068078668683 0.48049179349978155 0.033282904689863814 0.02690655809278197
0 0.29713502269288955 0.4751104818812254 0.0242057488653556 0.02690655809278197
0 0.35764939485627834 0.9661551670744956 0.030257186081694445 0.04035983713917296
0 0.5096917549167927 0.8571836067987287 0.04084720121028737 0.0591944278041203
0 0.1768627080181543 1.054946808780676 0.037821482602118 0.04574114875772931
0 0.06037254160363087 1.165263696961082 0.05900151285930407 0.04574114875772931
0 0.03541036308623299 0.9822991019301647 0.01815431164901659 0.05112246037628567
0 0.5096917549167926 0.8100971301363604 0.013615733736762456 0.04574114875772931
0 0.32512291981845687 0.5881180258709096 0.013615733736762456 0.03228786971133814
0 0.3538672465960665 0.625787207200804 0.022692889561270833 0.032287869711338235
0 0.10197617246596068 0.46031187493019515 0.030257186081694375 0.051122460376285477
