0 0.16778555219364596 0.862564918417285 0.03479576399394858 0.04843180456700759
0 0.009691754916792741 0.054022847729188105 0.012102874432677746 0.018834590664947342
0 0.025576777609682307 0.05671350353846619 0.016641452344931907 0.0349785255206166
0 0.00590960665658095 0.10649063601011281 0.013615733736762484 0.021525246474225424
0 0.01044818456883511 0.14819580105392471 0.016641452344931907 0.013453279046390985
0 0.05583396369137671 0.11859858715186475 0.013615733736762456 0.018834590664947342
0 0.07928328290468986 0.11725325924722561 0.012102874432677746 0.01614393485566907
0 0.07852685325264752 0.1643397359095939 0.016641452344931945 0.018834590664947342
0 0.09743759455370651 0.1858649823838195 0.015128593040847222 0.024215902283503888
0 0.1602212556732224 0.165685063814233 0.022692889561270833 0.021525246474225615
0 0.1503876701966717 0.058058831443105224 0.015128593040847169 0.03228786971133852
0 0.1640034039334342 0.03384292915960153 0.015128593040847222 0.016143934855668878
0 0.20636346444780634 0.10379998020083456 0.015128593040847195 0.02690655809278196
0 0.19652987897125568 0.13205186619825557 0.007564296520423611 0.018834590664947342
0 0.24569780635400906 0.10514530810547378 0.009077155824508323 0.00807196742783463
0 0.25931354009077157 0.12263457086578189 0.0 0.0
0 0.2093891830559758 0.1549224405771202 0.0 0.0
0 0.21846633888048414 0.1481958010539248 0.0 0.0026906558092780826
0 0.05734682299546141 0.21142621257196234 -0.010590015128593033 -0.010762623237112903
0 0.06566754916792739 0.22084350790443602 0.015128593040847222 0.029597213902060243
0 0.06718040847201211 0.2585126892343307 0.015128593040847195 0.024215902283503697
0 0.14963124054462934 0.24775006599721788 0.010590015128593061 0.029597213902060056
0 0.19274773071104384 0.2383327706647442 0.01815431164901667 0.02690655809278197
0 0.3810987140695915 0.20873555676268415 0.022692889561270885 0.03228786971133814
0 0.23132564296520422 0.3486496588451502 0.019667170953101356 0.02690655809278197
