0 0.15190052950075644 0.526232942257511 0.021180030257186067 0.037669181329894684
0 0.17459341906202727 0.44416794007452604 0.012102874432677746 0.024215902283503697
0 0.19955559757942512 0.3917001517936013 0.01361573373676251 0.02690655809278178
0 0.2774678517397882 0.38900949598432316 0.015128593040847115 0.037669181329894684
0 0.3039428895612708 0.43609597264669153 0.01664145234493188 0.0349785255206166
0 0.32361006051437213 0.3540309704637065 0.010590015128593033 0.01614393485566926
0 0.386393721633888 0.4064987587446314 0.0121028744326778 0.018834590664947342
0 0.40757375189107414 0.30694449380133815 0.021180030257186174 0.029597213902060056
0 0.41286875945537066 0.10379998020083463 0.01059001512859314 0.01614393485566907
0 0.43556164901664146 0.09034670115444365 0.022692889561270833 0.03766918132989487
0 0.39622730711043874 0.028461617541045175 0.019667170953101408 0.037669181329894684
0 0.4665752647503782 0.05133219191990983 0.009077155824508376 0.024215902283503888
0 0.47187027231467477 0.020389650113210544 0.013615733736762564 0.037669181329894684
0 0.5233074886535551 0.17779301495598487 0.013615733736762456 0.0349785255206166
0 0.49153744326777604 0.13743317781681202 0.007564296520423611 0.04035983713917296
0 0.47792170953101365 0.24102342647402247 0.013615733736762456 0.05381311618556394
0 0.5202817700453858 0.2786926078039172 0.016641452344931987 0.037669181329894684
0 0.53767965204236 0.359412282082263 0.009077155824508269 0.021525246474225615
0 0.5497825264750378 0.39304547969824044 0.012102874432677692 0.018834590664947342
0 0.4340487897125567 0.8074064743270821 0.019667170953101304 0.040359837139172766
0 0.505909606656581 0.9015794276518189 0.03328290468986387 0.04574114875772931
0 0.2071198940998487 0.9890257414533602 0.040847201210287426 0.037669181329894684
