0 0.516499621785174 0.6957442582420371 0.030257186081694445 0.05919442780412011
0 0.541461800302572 0.5665927793966838 0.0317700453857791 0.0699570510412332
0 0.44388237518910745 0.6042619607265785 0.0332829046898637 0.03228786971133852
0 0.4408566565809379 0.4670385144533906 0.03328290468986387 0.037669181329894684
0 0.3689958396369138 0.3109804775152555 0.0499243570347958 0.037669181329894684
0 0.33344364599092285 0.45627589121627793 0.033282904689863814 0.02690655809278178
0 0.3198279122541604 0.4603118749301952 0.02420574886535549 0.013453279046390794
0 0.24494137670196675 0.5894633537755485 0.022692889561270777 0.04035983713917305
0 0.2699035552193646 0.5746647468245183 0.021180030257186122 0.04305049294845104
0 0.30621217851739785 0.5679381073013229 0.027231467473524913 0.029597213902060243
0 0.31453290468986383 0.6890176187188418 0.022692889561270833 0.029597213902060056
0 0.11332261724659609 0.7011255698605936 0.025718608169440254 0.03228786971133814
0 0.15038767019667174 0.7401400790951275 0.009077155824508323 0.018834590664947342
0 0.1715677004538578 0.7562840139507965 0.018154311649016645 0.024215902283503888
0 0.17837556732223905 0.6432764699611124 0.043872919818456875 0.04574114875772931
0 0.4930503025718608 0.09976399648691732 0.07110438729198176 0.05112246037628567
0 0.4741395612708018 0.18048367076526303 0.015128593040847115 0.05112246037628567
0 0.49985816944024203 0.17644768705134584 0.018154311649016753 0.021525246474225424
0 0.5217946293494704 0.3849735122704058 0.019667170953101408 0.04574114875772931
0 0.4227023449319214 0.4199520377910223 0.015128593040847222 0.024215902283503697
0 0.4756524205748866 0.5006717120693681 0.024205748865355543 0.040359837139172766
0 0.4544723903177005 0.5208516306389546 0.0242057488653556 0.032287869711338325
0 0.4832167170953101 0.6082979444404959 0.02723146747352486 0.040359837139173245
0 0.516499621785174 0.6580750769121424 0.018154311649016753 0.03228786971133852
0 0.46808812405446293 0.6419311420564733 0.015128593040847222 0.026906558092781686
0 0.45295953101361575 0.6594204048167815 0.021180030257186174 0.024215902283503413
0 0.46960098335854766 0.737449423285849 0.02420574886535549 0.03497852552061641
0 0.4348052193645991 0.5316142538760674 0.015128593040847061 0.02690655809278197
0 0.31302004538577916 0.5033623678786462 0.02874432677760968 0.0349785255206166
0 0.3508415279878971 0.5100890074018418 0.0317700453857791 0.03228786971133852
0 0.3894194402420575 0.22218883580907514 0.027231467473524913 0.048431804567007394
0 0.26006996974281393 0.16972104752815034 0.055975794251134595 0.11569819979896233
0 0.36067511346444775 0.5612114677781276 0.015128593040847274 0.03228786971133814
0 0.36143154311649023 0.5383408933992628 0.013615733736762456 0.040359837139172766
0 0.289570726172466 0.637895158342556 0.018154311649016645 0.029597213902060056
0 0.09062972768532528 0.7495573744276008 0.025718608169440254 0.02690655809278197
0 0.10954046898638428 0.7751186046157438 0.021180030257186067 0.024215902283503888
0 0.205607034795764 0.776463932520383 0.025718608169440254 0.037669181329894684
0 0.3644572617246596 0.39977211922143585 0.02874432677760968 0.11300754398968405
0 0.38185514372163387 0.3943908076028795 0.024205748865355543 0.04305049294845123
0 0.12013048411497734 0.39708146341215766 0.02723146747352494 0.06995705104123301
0 0.013473903177004568 0.6150245839636912 0.025718608169440244 0.05381311618556394
0 0.2971350226928896 0.7885718836621348 0.021180030257186122 0.0349785255206166
0 0.3387386535552194 0.7804999162343003 0.016641452344931935 0.018834590664947342
0 0.3742908472012103 0.7791545883296611 0.021180030257186067 0.03228786971133852
0 0.3432772314674735 0.6500031094843078 0.016641452344931987 0.03228786971133852
0 0.34479009077155826 0.6082979444404958 0.016641452344931827 0.024215902283503888
0 0.40454803328290473 0.6500031094843078 0.015128593040847274 0.03228786971133852
