0 0.2615828290468986 1.2607819781904577 0.046898638426626296 0.04305049294845104
0 0.10500189107413009 1.2056235341002548 0.04538577912254161 0.083410330087624
0 0.3637008320726172 1.1491197621054128 0.051437216338880404 0.05650377199484202
0 0.04675680786686839 0.12128924296114293 0.022692889561270833 0.024215902283503697
0 0.15870839636913767 0.12801588248433834 0.0317700453857791 0.032287869711338325
0 0.413625189107413 0.20066358933484962 0.027231467473524913 0.06995705104123301
0 0.3614315431164902 0.3701749053193758 0.01059001512859298 0.01614393485566926
0 0.35991868381240544 0.33250572398948103 0.013615733736762402 0.021525246474225615
0 0.23888993948562784 0.44551326797916513 0.010590015128593087 0.021525246474225424
0 0.2562878214826021 0.08631071744052643 0.018154311649016645 0.018834590664947342
0 0.28124999999999994 0.07151211048949631 0.01361573373676251 0.01614393485566907
0 0.26158282904689867 0.03787891287351885 0.01059001512859298 0.013453279046391176
0 0.25401853252647505 0.01769899430393246 0.019667170953101304 0.01614393485566926
0 0.19350416036308624 0.013663010590015148 0.013615733736762456 0.013453279046390794
0 0.1072711800302572 0.11052661972403004 0.013615733736762496 0.024215902283503697
0 0.4068173222390318 0.34730433094051116 0.013615733736762402 0.013453279046390794
0 0.5187689107413012 0.3230884286570073 0.007564296520423611 0.013453279046390985
0 0.5308717851739788 0.3284697402755638 0.010590015128593033 0.024215902283503888
0 0.3795858547655068 0.3459590030358721 0.007564296520423664 0.010762623237112712
0 0.4317795007564297 0.4374413005513305 0.0 0.0
0 0.4075737518910741 0.3836281843657668 0.0 0.0
0 0.38336800302571866 0.39977211922143585 0.0 0.0
0 0.2714164145234493 0.4535852354069998 0.0 0.0
0 0.2502363842662632 0.4858731051183379 0.0 0.0
0 0.049782526475037836 0.16164908010031578 0.016641452344931935 0.0349785255206166
0 0.024063918305597592 0.12936121038897747 0.013615733736762484 0.029597213902060056
0 0.021038199697428157 0.07554809420341353 0.016641452344931935 0.0349785255206166
0 0.19501701966717094 0.04056956868279712 0.02269288956127086 0.024215902283503888
0 0.16475983358547655 0.17510235914670677 0.016641452344931935 0.0349785255206166
0 0.12164334341906202 0.17106637543278938 0.01512859304084718 0.021525246474225615
0 0.37050869894099847 0.2558220334250525 0.01664145234493188 0.029597213902060056
