0 0.262339258698941 0.9796084461208865 0.05143721633888046 0.040359837139172766
0 0.24418494704992438 0.8154784417549168 0.04236006051437216 0.07802901846906744
0 0.31680219364599094 0.6957442582420371 0.024205748865355436 0.03228786971133852
0 0.34781580937972767 0.6607657327214205 0.03177004538577921 0.037669181329894684
0 0.39622730711043874 0.14012383362609027 0.040847201210287475 0.07802901846906764
0 0.34781580937972767 0.28272859151783436 0.037821482602118 0.04035983713917296
0 0.48699886535552195 0.8114424580409995 0.0317700453857791 0.04305049294845123
0 0.505909606656581 0.7535933581415182 0.03328290468986387 0.0349785255206166
0 0.4991017397881997 0.6701830280538942 0.03479576399394852 0.0349785255206166
0 0.43556164901664146 0.6056072886312177 0.04387291981845695 0.02959721390206015
0 0.1640034039334342 0.7172695047162627 0.027231467473524968 0.02690655809278197
0 0.09895045385779122 0.6500031094843078 0.021180030257186067 0.03228786971133852
0 0.06869326777609683 0.6769096675770898 0.02420574886535549 0.021525246474225424
0 0.111053328290469 0.709197537288428 0.009077155824508309 0.021525246474225615
0 0.12391263237518912 0.7441760628090447 0.01361573373676251 0.02690655809278197
0 0.15114409984871408 0.7751186046157438 0.016641452344931935 0.024215902283503888
0 0.20485060514372164 0.4468585958838042 0.021180030257186122 0.040359837139172766
0 0.23662065052950076 0.4576212191209171 0.021180030257186067 0.04574114875772931
0 0.359162254160363 0.5571754840642101 0.03933434190620271 0.05112246037628586
0 0.37126512859304084 0.4778011376905035 0.018154311649016645 0.03228786971133814
0 0.49683245083207267 0.51277966321112 0.03630862329803329 0.02690655809278197
0 0.5512953857791225 0.4522399075023606 0.018154311649016645 0.045741148757729264
0 0.44842095310136154 0.5612114677781276 0.027231467473524913 0.03228786971133814
0 0.375803706505295 0.3674842495100975 0.021180030257186067 0.048431804567007394
0 0.5286024962178518 0.3594122820822631 0.027231467473524913 0.037669181329894684
0 0.5127174735249622 0.28945523104103 0.007564296520423611 0.021525246474225566
0 0.46657526475037825 0.42398802150493964 0.01815431164901659 0.021525246474225615
0 0.5467568078668684 0.5073983515925635 0.021180030257186067 0.02690655809278197
0 0.5051531770045385 0.8518022951801721 0.013615733736762456 0.02690655809278197
0 0.5157431921331316 0.4670385144533908 0.007564296520423611 0.02690655809278197
