0 0.394714447806354 1.4343292778889014 0.12556732223903186 0.1426047578917443
0 0.43480521936459904 1.0764720552549014 0.054462934947049936 0.05650377199484202
0 0.08684757942511345 0.888126148605428 0.04841149773071103 0.0726477068505111
0 0.10651475037821484 0.401117447126075 0.021180030257186067 0.045741148757729125
0 0.1322333585476551 0.32712441237092466 0.021180030257186067 0.04843180456700759
0 0.1806448562783661 0.24371408228330055 0.03025718608169439 0.037669181329894684
0 0.1995555975794251 0.29349121475494727 0.02874432677760968 0.03497852552061641
0 0.289570726172466 0.28003793570855623 0.045385779122541665 0.05650377199484202
0 0.2865450075642965 0.18721031028845864 0.0242057488653556 0.08071967427834573
0 0.3062121785173979 0.11321727553330821 0.02420574886535549 0.05650377199484202
0 0.3198279122541603 0.16164908010031578 0.018154311649016645 0.029597213902060056
0 0.08760400907715585 0.14685047314928568 0.02874432677760973 0.0591944278041203
0 0.5142303328290468 0.2733112961853608 0.0317700453857791 0.048431804567007394
0 0.3644572617246596 0.40246277503071404 0.022692889561270725 0.06995705104123301
0 0.2699035552193646 0.46434785864411254 0.02420574886535549 0.03228786971133852
0 0.23056921331316188 0.3217431007523682 0.027231467473524968 0.02690655809278197
0 0.2797371406959152 0.3284697402755638 0.010590015128593033 0.024215902283503888
0 0.5225510590015128 0.387664168079684 0.021180030257186174 0.03497852552061641
0 0.32663577912254155 0.5410315492085409 0.0317700453857791 0.05650377199484202
0 0.31302004538577916 0.5450675329224581 0.022692889561270833 0.02690655809278197
0 0.05432110438729199 0.09438268486836086 0.016641452344931886 0.018834590664947342
0 0.037679652042360075 0.22487949161835333 0.037821482602118026 0.04843180456700761
0 0.0089353252647504 0.25447670552041346 0.022692889561270805 0.04305049294845123
0 0.011204614220877466 0.29887252637350353 0.015128593040847195 0.05650377199484202
