0 0.15265695915279878 0.021734978017849776 0.019667170953101356 0.024215902283503888
0 0.272929273827534 0.03922424077815807 0.02420574886535549 0.02690655809278197
0 0.20485060514372164 0.12397989877042102 0.012102874432677772 0.024215902283503697
0 0.205607034795764 0.14954112895856386 0.013615733736762484 0.01614393485566926
0 0.26006996974281393 0.16972104752815032 0.016641452344931935 0.024215902283503697
0 0.24721066565809377 0.22622481952299237 0.009077155824508323 0.013453279046390985
0 0.23662065052950074 0.2585126892343308 0.012102874432677772 0.018834590664947342
0 0.25401853252647505 0.2840739194224735 0.013615733736762456 0.02690655809278197
0 0.297891452344932 0.2706206403760825 0.01361573373676251 0.01614393485566926
0 0.2343513615733737 0.6338591746286388 0.019667170953101356 0.026906558092782067
0 0.3410079425113465 0.6567297490075032 0.0242057488653556 0.04574114875772931
0 0.39320158850226933 0.8006798348038865 0.019667170953101356 0.037669181329894684
0 0.48170385779122543 0.8006798348038867 0.04841149773071098 0.02690655809278197
0 0.4272409228441755 0.737449423285849 0.027231467473524968 0.03497852552061641
0 0.45144667170953107 0.8154784417549167 0.012102874432677746 0.013453279046390985
0 0.5059096066565809 0.6769096675770898 0.027231467473524913 0.03228786971133852
