0 0.38336800302571855 0.9311766415538791 0.04841149773071098 0.04574114875772931
0 0.2638521180030257 1.1154865644894354 0.02723146747352502 0.05381311618556375
0 0.224517776096823 0.387664168079684 0.02723146747352494 0.03497852552061641
0 0.32436649016641456 0.43205998893277414 0.030257186081694337 0.03228786971133814
0 0.38563729198184565 0.3351963797987592 0.01664145234493188 0.02690655809278197
0 0.13904122541603628 0.5221969585435937 0.019667170953101356 0.04574114875772931
0 0.046000378214826027 0.39170015179360135 0.024205748865355543 0.032287869711338325
0 0.22224848714069592 0.12128924296114284 0.022692889561270777 0.04574114875772931
0 0.2721728441754917 0.15895842429103751 0.037821482602118 0.0349785255206166
0 0.2910835854765506 0.0782387500126917 0.0121028744326778 0.013453279046390985
0 0.4007658850226929 0.13205186619825557 0.013615733736762456 0.018834590664947342
0 0.42572806354009074 0.13877850572145115 0.0121028744326778 0.01614393485566926
0 0.4083301815431165 0.1508864568632029 0.01664145234493188 0.018834590664947342
0 0.5089353252647504 0.10649063601011281 0.021180030257186067 0.021525246474225424
0 0.48246028744326774 0.07554809420341353 0.01361573373676251 0.029597213902060066
0 0.4612802571860817 0.04729620820599261 0.019667170953101408 0.02690655809278178
0 0.4643059757942512 0.10783596391475185 0.013615733736762456 0.018834590664947342
0 0.4718702723146747 0.261203345043609 0.019667170953101408 0.029597213902060243
0 0.49229387291981846 0.19528227771629317 0.006051437216338846 0.021525246474225424
0 0.5112046142208774 0.23295145904618786 0.01664145234493188 0.01614393485566926
0 0.443125945537065 0.1966276056209323 0.010590015128593033 0.029597213902060243
0 0.3780729954614221 0.2450594101879397 0.010590015128593087 0.013453279046390985
0 0.514230332829047 0.37959220065184934 0.010590015128593033 0.024215902283503697
0 0.5361667927382754 0.4549305633116388 0.021180030257186067 0.024215902283503506
0 0.5323846444780636 0.3984267913167967 0.019667170953101304 0.013453279046390985
0 0.4983453101361573 0.33116039608484193 0.021180030257186067 0.04035983713917296
0 0.4733831316187595 0.29887252637350353 0.010590015128593033 0.018834590664947342
0 0.4801909984871407 0.4455132679791652 0.018154311649016645 0.03228786971133847
0 0.27973714069591527 0.207390228858045 0.03177004538577921 0.024215902283503697
0 0.2850321482602118 0.234296786950827 0.02723146747352502 0.029597213902060243
0 0.35084152798789714 0.2450594101879398 0.010590015128593033 0.024215902283503888
0 0.33571293494704996 0.26120334504360887 0.019667170953101408 0.040359837139172766
0 0.34252080181543115 0.2840739194224736 0.021180030257186174 0.01614393485566907
0 0.28125 0.2854192473271126 0.019667170953101408 0.029597213902060198
0 0.25780068078668683 0.3123258054198946 0.015128593040847222 0.00807196742783463
0 0.2857885779122542 0.34326834722659383 0.01664145234493188 0.01614393485566926
0 0.25553139183055973 0.3755562169379321 0.010590015128593033 0.01614393485566926
0 0.2767114220877459 0.3755562169379321 0.013615733736762456 0.03228786971133814
0 0.36067511346444786 0.3836281843657667 0.01815431164901659 0.032287869711338325
0 0.4748959909228441 0.5181609748296764 0.025718608169440254 0.02690655809278178
0 0.44463880484114976 0.5343049096853456 0.013615733736762456 0.03228786971133814
0 0.40379160363086236 0.43878662845596966 0.013615733736762564 0.029597213902060243
0 0.4234587745839637 0.42398802150493947 0.01361573373676251 0.02690655809278202
0 0.40227874432677757 0.40380810293535313 0.010590015128593033 0.018834590664947342
0 0.40606089258698946 0.3809375285564885 0.0242057488653556 0.02690655809278197
0 0.3168021936459909 0.3674842495100976 0.0121028744326778 0.01614393485566907
0 0.3410079425113465 0.3392323635126765 0.009077155824508323 0.013453279046390794
0 0.27822428139183053 0.45896654702555617 0.013615733736762456 0.005381311618556547
0 0.27141641452344933 0.42936933312349596 0.0121028744326778 0.010762623237112903
0 0.29940431164901665 0.42398802150493964 0.010590015128593087 0.01614393485566907
0 0.28730143721633894 0.5221969585435936 0.013615733736762456 0.018834590664947342
0 0.3069686081694402 0.5289235980667892 0.022692889561270725 0.021525246474225424
0 0.3160457639939486 0.5423768771131801 0.013615733736762456 0.021525246474225615
0 0.34100794251134636 0.5504488445410147 0.018154311649016645 0.02690655809278197
0 0.3493286686838124 0.49932638416472896 0.007564296520423611 0.010762623237112903
0 0.3538672465960666 0.4387866284559696 0.0045385779122541344 0.018834590664947293
0 0.21997919818456882 0.30156318218278183 0.027231467473524913 0.03497852552061665
0 0.21014561270801815 0.18721031028845853 0.019667170953101356 0.037669181329894684
0 0.17156770045385783 0.15895842429103751 0.0121028744326778 0.029597213902060056
0 0.11861762481089258 0.4872184330229771 0.018154311649016645 0.04035983713917315
0 0.33117435703479575 0.6594204048167815 0.01664145234493188 0.05112246037628586
0 0.33873865355521937 0.6109886002497739 0.02571860816944031 0.04574114875772931
0 0.29637859304084724 0.48318244930905996 0.0317700453857791 0.04305049294845104
0 0.30696860816944027 0.6796003233863679 0.01664145234493188 0.037669181329894684
0 0.32587934947049924 0.6661470443399772 0.027231467473524913 0.03766918132989459
0 0.4627931164901664 0.5867726979662705 0.016641452344931987 0.029597213902060056
0 0.4658188350983359 0.44685859588380433 0.01664145234493188 0.029597213902060243
0 0.39698373676248105 0.0742027662987744 0.0121028744326778 0.03228786971133834
0 0.4476645234493192 0.09707334067763915 0.013615733736762456 0.029597213902060056
0 0.3266357791225416 0.2114262125719623 0.01059001512859298 0.02690655809278178
0 0.3410079425113465 0.1791383428606241 0.009077155824508323 0.0
0 0.13223335854765508 0.6082979444404958 0.018154311649016645 0.024215902283503888
0 0.15416981845688352 0.6486577815796687 0.016641452344931935 0.024215902283503697
0 0.19123487140695916 0.3365417077033983 0.027231467473524913 0.05112246037628567
