0 0.3440336611195159 0.8733275416543979 0.045385779122541554 0.0699570510412332
0 0.33949508320726174 0.6903629466234807 0.05446293494704988 0.0591944278041203
0 0.4053044629349471 0.5423768771131801 0.08018154311649024 0.13453279046390976
0 0.29184001512859303 0.5760100747291576 0.03479576399394863 0.05112246037628586
0 0.18896558245083206 1.2634726339997358 0.02874432677760968 0.09148229751545862
0 0.054321104387292 0.9204140183167662 0.03177004538577909 0.04574114875772931
0 0.011961043872919836 0.0890013732498045 0.016641452344931935 0.029597213902060056
0 0.04070537065052951 0.1441598173400075 0.022692889561270777 0.037669181329894684
0 0.05583396369137673 0.0782387500126918 0.019667170953101363 0.0349785255206166
0 0.026333207261724674 0.013663010590015148 0.012102874432677746 0.013453279046390794
0 0.12542549167927383 0.01635366639929342 0.01361573373676251 0.018834590664947342
0 0.1995555975794251 0.11456260343794744 0.02874432677760968 0.037669181329894684
0 0.19879916792738278 0.20604490095340586 0.018154311649016645 0.037669181329894684
0 0.26914712556732223 0.1576130963863984 0.016641452344931987 0.032287869711338325
0 0.31302004538577916 0.12128924296114293 0.022692889561270833 0.024215902283503697
0 0.35764939485627834 0.07554809420341353 0.01815431164901659 0.0349785255206166
0 0.39698373676248105 0.0257709617317669 0.021180030257186067 0.03228786971133814
0 0.4143816187594554 0.04864153611063156 0.013615733736762564 0.018834590664947342
0 0.44615166414523444 0.029806945445684213 0.01664145234493188 0.018834590664947342
0 0.49002458396369136 0.05133219191990983 0.01664145234493188 0.024215902283503888
0 0.514230332829047 0.07016678258485717 0.010590015128593033 0.024215902283503888
0 0.2857885779122542 0.023080305922488817 0.010590015128593033 0.016143934855668878
0 0.28730143721633894 0.010972354780737065 0.013615733736762456 0.00807196742783463
0 0.45144667170953096 0.1199439150565037 0.021180030257186067 0.032287869711338325
0 0.48548600605143716 0.1683757196235112 0.019667170953101356 0.02690655809278197
0 0.33420007564296517 0.15223178476784202 0.01664145234493188 0.01614393485566907
0 0.48548600605143727 0.22218883580907514 0.013615733736762456 0.021525246474225424
0 0.4000094553706505 0.39977211922143585 0.021180030257186174 0.05381311618556394
