0 0.18972201210287443 0.6970895861466762 0.037821482602118 0.05112246037628586
0 0.42724092284417553 0.6163699118683306 0.02874432677760973 0.024215902283503985
0 0.3629444024205749 0.15895842429103754 0.054462934947049985 0.04574114875772931
0 0.27671142208774585 0.37152023322401484 0.03328290468986387 0.040359837139172766
0 0.4053044629349471 0.9822991019301648 0.03630862329803329 0.05650377199484202
0 0.3765601361573374 0.9109967229842926 0.03630862329803329 0.05381311618556375
0 0.4090866111951589 0.7172695047162625 0.02874432677760968 0.037669181329894684
0 0.5346539334341907 0.7145788489069844 0.02874432677760968 0.04305049294845085
0 0.39168872919818465 0.5760100747291576 0.027231467473524913 0.024215902283503506
0 0.3220972012102874 0.46165720283483425 0.03933434190620271 0.02690655809278197
0 0.5043967473524962 0.28810990313639084 0.0317700453857791 0.040359837139172766
0 0.4053044629349471 0.24775006599721797 0.027231467473524913 0.024215902283503697
0 0.3455465204236006 0.21277154047660146 0.046898638426626324 0.05650377199484202
0 0.30243003025718607 0.27734727989927815 0.021180030257186067 0.0349785255206166
0 0.2018248865355522 0.14954112895856386 0.06202723146747354 0.06457573942267665
0 0.1912348714069592 0.021734978017849776 0.07715582450832074 0.024215902283503888
0 0.0981940242057489 0.2033542451441277 0.03025718608169439 0.04305049294845104
0 0.04751323751891077 0.4670385144533906 0.037821482602118 0.037669181329894684
0 0.3046993192133132 0.6056072886312177 0.013615733736762456 0.02959721390206015
