0 0.12391263237518912 0.4172613819817441 0.11346444780635401 0.12646082303607523
0 0.31680219364599094 0.45896654702555606 0.024205748865355436 0.05381311618556375
0 0.2661214069591528 0.3365417077033983 0.04387291981845685 0.05112246037628567
0 0.3062121785173979 0.3177071170384509 0.03630862329803334 0.05650377199484202
0 0.3810987140695915 0.19124629400237586 0.01664145234493188 0.029597213902060056
0 0.3932015885022693 0.2840739194224735 0.040847201210287426 0.048431804567007394
0 0.5127174735249622 0.12801588248433843 0.040847201210287475 0.037669181329894684
0 0.5391925113464449 0.31232580541989463 0.027231467473524913 0.03497852552061641
0 0.22073562783661121 0.4710744981673079 0.046898638426626324 0.04574114875772931
0 0.18669629349470498 0.43609597264669153 0.027231467473524968 0.0349785255206166
0 0.22300491679273826 0.39170015179360135 0.01512859304084714 0.04305049294845104
0 0.20258131618759453 0.09707334067763915 0.03479576399394858 0.040359837139172766
0 0.2116584720121029 0.028461617541045175 0.022692889561270805 0.04305049294845085
0 0.01801248108925871 0.02711628963640613 0.02874432677760968 0.05112246037628586
0 0.042974659606656605 0.0890013732498045 0.027231467473524968 0.029597213902060056
0 0.05356467473524962 0.23429678695082698 0.03933434190620271 0.05112246037628567
0 0.046000378214826027 0.33654170770339836 0.027231467473524968 0.029597213902060243
0 0.073231845688351 0.374210889033293 0.012102874432677758 0.04035983713917296
0 0.05659039334341907 0.4253333494095788 0.006051437216338893 0.0349785255206166
0 0.09895045385779123 0.48318244930905985 0.024205748865355477 0.03228786971133852
0 0.08684757942511348 0.47107449816730806 0.015128593040847195 0.018834590664947342
0 0.13450264750378216 0.6015713049173002 0.01361573373676251 0.02690655809278197
0 0.5195253403933434 0.4912544167368945 0.021180030257186067 0.03228786971133852
