0 0.29789145234493186 0.6607657327214206 0.04689863842662638 0.04843180456700759
0 0.5142303328290468 0.8154784417549168 0.022692889561270833 0.05112246037628586
0 0.5535646747352496 0.7885718836621348 0.019667170953101408 0.05112246037628586
0 0.3137764750378215 0.49663572835545083 0.02420574886535549 0.04305049294845123
0 0.05053895612708019 0.21680752419051869 0.018154311649016645 0.03228786971133835
0 0.08230900151285932 0.14012383362609018 0.021180030257186122 0.0349785255206166
0 0.13374621785173982 0.19393694981165402 0.02420574886535549 0.024215902283503697
0 0.11861762481089258 0.21546219628587956 0.015128593040847222 0.018834590664947342
0 0.129964069591528 0.2733112961853608 0.022692889561270833 0.03228786971133814
0 0.1276947806354009 0.3002178542781427 0.018154311649016645 0.021525246474225615
0 0.16551626323751892 0.24909539390185712 0.018154311649016645 0.01614393485566926
0 0.18820915279878972 0.2033542451441277 0.015128593040847169 0.032287869711338325
0 0.20787632375189105 0.09438268486836096 0.024205748865355543 0.029597213902060243
0 0.20863275340393345 0.16972104752815032 0.016641452344931935 0.029597213902060243
0 0.24267208774583962 0.1791383428606241 0.018154311649016645 0.02690655809278197
0 0.19728630862329805 0.31905244494309004 0.015128593040847169 0.032287869711338325
0 0.18291414523449323 0.302908510087421 0.010590015128593033 0.01614393485566907
0 0.2411592284417549 0.2585126892343307 0.021180030257186094 0.06188508361339838
0 0.2646085476550681 0.21277154047660138 0.019667170953101304 0.02421590228350372
0 0.3175586232980333 0.165685063814233 0.013615733736762564 0.021525246474225615
0 0.3659701210287443 0.05536817563382705 0.019667170953101304 0.032287869711338325
0 0.4272409228441755 0.058058831443105224 0.015128593040847222 0.03228786971133852
0 0.3810987140695915 0.24102342647402247 0.022692889561270833 0.021525246474225424
0 0.18215771558245084 0.054022847729188105 0.015128593040847222 0.018834590664947342
0 0.28125 0.013663010590015148 0.019667170953101408 0.013453279046390794
