0 0.3319307866868381 0.12532522667506016 0.06051437216338878 0.10224492075257134
0 0.5112046142208775 0.1589584242910376 0.0438729198184569 0.05112246037628567
0 0.39698373676248105 0.6284778630100823 0.054462934947049936 0.05381311618556375
0 0.2978914523449319 0.46838384235802977 0.02874432677760968 0.051122460376285477
0 0.22981278366111949 0.4966357283554508 0.07413010590015123 0.059194427804120486
0 0.060372541603630876 0.20604490095340589 0.09228441754916794 0.07533836265978937
0 0.25628782148260215 0.9015794276518189 0.02723146747352502 0.03497852552061641
0 0.2562878214826021 0.9836444298348038 0.05143721633888049 0.048431804567007394
0 0.15719553706505296 0.9298313136492399 0.02571860816944028 0.037669181329894684
0 0.06264183055975797 0.958083199646661 0.04841149773071104 0.05650377199484222
0 0.10121974281391831 0.7051615535745108 0.025718608169440244 0.05112246037628586
0 0.24267208774583965 0.6876722908142024 0.027231467473524968 0.03228786971133852
0 0.21922276853252648 0.3123258054198945 0.03782148260211798 0.04574114875772931
0 0.016499621785173998 0.4172613819817442 0.040847201210287426 0.05112246037628586
0 0.3168021936459908 0.5800460584430748 0.021180030257186122 0.021525246474225712
0 0.5346539334341907 0.6311685188193604 0.018154311649016538 0.043050492948450945
0 0.5414618003025718 0.4038081029353532 0.016641452344932094 0.05650377199484202
0 0.5384360816944025 0.7710826209018264 0.01664145234493188 0.03228786971133852
0 0.37807299546142203 0.9742271345023301 0.022692889561270833 0.040359837139172766
0 0.2411592284417549 0.5571754840642101 0.006051437216338927 0.040359837139172766
0 0.37656013615733736 0.5383408933992628 0.019667170953101408 0.040359837139172766
0 0.08911686838124055 0.6822909791956461 0.010590015128593047 0.021525246474225806
0 0.11407904689863843 0.6123339281544132 0.012102874432677772 0.021525246474225424
0 0.11256618759455372 0.5450675329224581 0.021180030257186094 0.02690655809278197
0 0.07928328290468988 0.37017490531937575 0.018154311649016645 0.04305049294845104
0 0.1942605900151286 0.5033623678786462 0.027231467473524968 0.0349785255206166
0 0.28427571860816947 0.8262410649920295 0.016641452344931935 0.024215902283503506
0 0.11332261724659608 0.8181690975641949 0.007564296520423584 0.018834590664947342
0 0.2525056732223903 0.6029166328219394 0.01664145234493188 0.01345327904639108
0 0.14736195158850227 0.5100890074018418 0.027231467473524968 0.03228786971133852
