0 0.025576777609682307 0.4966357283554508 0.016641452344931907 0.059194427804120486
0 0.05961611195158851 0.3755562169379321 0.02723146747352492 0.03228786971133814
0 0.12088691376701965 0.43205998893277414 0.046898638426626296 0.048431804567007394
0 0.10575832072617249 0.22622481952299237 0.037821482602117984 0.04035983713917296
0 0.12315620272314674 0.15626776848175936 0.03025718608169439 0.04035983713917296
0 0.2593135400907715 0.1616490801003158 0.05143721633888046 0.1910365624587519
0 0.28654500756429657 0.45896654702555606 0.018154311649016645 0.05381311618556375
0 0.49683245083207267 0.29887252637350376 0.03630862329803329 0.083410330087624
0 0.5308717851739788 0.36613892160545847 0.06505295007564307 0.22870574378864655
0 0.11332261724659606 0.5289235980667891 0.02874432677760968 0.04305049294845085
0 0.0906297276853253 0.5383408933992628 0.02269288956127082 0.040359837139172766
0 0.1617341149773071 0.6190605676776088 0.010590015128593033 0.018834590664947533
0 0.10197617246596068 0.6957442582420371 0.02420574886535553 0.03228786971133852
0 0.0709625567322239 0.6567297490075032 0.016641452344931945 0.029597213902060056
0 0.05810325264750381 0.5908086816801877 0.03328290468986387 0.03766918132989459
0 0.09970688350983357 0.6123339281544132 0.022692889561270777 0.03228786971133862
