0 0.4764088502269289 0.9944070530719166 0.059001512859304016 0.06457573942267665
0 0.4529595310136157 0.9190686904121271 0.02420574886535549 0.05381311618556394
0 0.45598524962178516 0.5679381073013229 0.030257186081694445 0.07264770685051128
0 0.38488086232980334 0.8006798348038865 0.030257186081694445 0.037669181329894684
0 0.33041792738275344 0.7818452441389394 0.045385779122541665 0.06457573942267665
0 0.26158282904689867 0.6607657327214206 0.1074130105900151 0.166820660175248
0 0.10424546142208774 0.6540390931982251 0.06505295007564296 0.07802901846906783
0 0.1450926626323752 0.7239961442394582 0.019667170953101356 0.07802901846906744
0 0.27217284417549165 0.9257953299353227 0.049924357034795745 0.045741148757729125
0 0.33949508320726174 0.9217593462214054 0.03328290468986387 0.06457573942267665
0 0.4907810136157337 0.21815285209515783 0.05748865355521936 0.10493557656184942
0 0.2903271558245083 0.1159079313425864 0.06505295007564296 0.05112246037628566
0 0.06415468986384268 0.9096513950796534 0.01815431164901659 0.040359837139172766
