0 0.0656675491679274 0.6567297490075035 0.09379727685325268 0.11031688818040597
0 0.15795196671709533 1.4141493593193148 0.08169440242057488 0.10224492075257134
0 0.4423695158850227 0.7428307349044055 0.030257186081694445 0.05112246037628586
0 0.11256618759455372 1.502941001025495 0.06656580937972767 0.10224492075257134
0 0.2888142965204236 0.5934993374894657 0.03782148260211795 0.08071967427834573
0 0.31680219364599094 0.40246277503071404 0.030257186081694337 0.021525246474225615
0 0.30167360060514375 0.3553762983683457 0.027231467473524968 0.04035983713917296
0 0.13374621785173982 0.6863269629095634 0.02420574886535549 0.040359837139172766
0 0.17232413010590014 0.846420983561616 0.03479576399394858 0.04843180456700759
0 0.21770990922844174 1.2688539456182923 0.05295007564296525 0.04305049294845104
0 0.3319307866868381 0.23160613114154882 0.02723146747352502 0.05112246037628586
0 0.4378309379727685 0.23967809856938332 0.027231467473524913 0.05112246037628567
0 0.5127174735249621 0.28676457523175175 0.013615733736762456 0.021525246474225424
0 0.5490260968229954 0.28676457523175175 0.019667170953101304 0.021525246474225424
0 0.5096917549167926 0.3351963797987592 0.013615733736762456 0.02690655809278197
0 0.497588880484115 0.3836281843657667 0.010590015128593033 0.032287869711338325
0 0.42194591527987896 0.34057769141731553 0.022692889561270725 0.02690655809278197
0 0.41286875945537066 0.37824687274721036 0.01059001512859314 0.032287869711338325
0 0.4295102118003026 0.3943908076028795 0.01664145234493188 0.021525246474225424
0 0.3546236762481089 0.47107449816730806 0.018154311649016645 0.018834590664947342
0 0.3342000756429652 0.428024005218857 0.022692889561270833 0.029597213902060243
0 0.3039428895612708 0.3957361355075186 0.01664145234493188 0.024215902283503697
0 0.30696860816944027 0.4374413005513306 0.010590015128593033 0.010762623237112903
0 0.31150718608169436 0.44685859588380417 0.007564296520423611 0.018834590664947342
0 0.31907148260211804 0.47107449816730806 0.013615733736762456 0.018834590664947342
0 0.186696293494705 0.43744130055133057 0.015128593040847169 0.037669181329894684
0 0.21922276853252648 0.3849735122704058 0.03479576399394858 0.0349785255206166
0 0.25401853252647505 0.41860670988638315 0.019667170953101304 0.01614393485566931
0 0.27671142208774585 0.3943908076028795 0.022692889561270777 0.048431804567007394
0 0.35613653555219366 0.5746647468245183 0.021180030257186015 0.04305049294845104
0 0.21014561270801815 0.5665927793966838 0.037821482602118026 0.04305049294845085
0 0.21922276853252648 0.5302689259714283 0.022692889561270753 0.045741148757729125
0 0.12542549167927386 0.5114343353064809 0.01815431164901666 0.05112246037628586
0 0.14887481089258697 0.4589665470255561 0.019667170953101356 0.03228786971133814
0 0.21846633888048414 0.4401319563606088 0.016641452344931935 0.02690655809278197
0 0.23208207261724664 0.5020170399740072 0.022692889561270833 0.03228786971133852
0 0.28200642965204237 0.4549305633116388 0.010590015128593087 0.024215902283503506
0 0.2835192889561271 0.4872184330229772 0.019667170953101356 0.024215902283503888
0 0.2948657337367625 0.5100890074018418 0.012102874432677853 0.021525246474225424
0 0.167785552193646 0.5773554026337967 0.015128593040847222 0.026906558092781876
0 0.20182488653555222 0.4778011376905035 0.022692889561270777 0.03228786971133814
0 0.19955559757942512 0.6943989303373981 0.024205748865355543 0.05650377199484202
