0 0.03389750378214826 0.2585126892343308 0.021180030257186067 0.0349785255206166
0 0.27065998487140697 1.1948609108631418 0.06807866868381245 0.06726639523195493
0 0.10197617246596068 1.165263696961082 0.05446293494704988 0.07264770685051128
0 0.3576493948562784 1.193515582958503 0.02420574886535549 0.037669181329894684
0 0.030871785173978834 0.15895842429103751 0.021180030257186067 0.029597213902060056
0 0.09289901664145236 0.09572801277300011 0.015128593040847169 0.02690655809278197
0 0.17988842662632376 0.01769899430393246 0.01361573373676251 0.03228786971133852
0 0.17686270801815435 0.165685063814233 0.022692889561270833 0.021525246474225615
0 0.09138615733736762 0.28003793570855634 0.018154311649016645 0.029597213902060243
0 0.14811838124054463 0.24640473809257893 0.013615733736762456 0.021525246474225615
0 0.17308055975794254 0.22218883580907514 0.0121028744326778 0.01614393485566926
0 0.27141641452344933 0.04191489658743616 0.0121028744326778 0.03228786971133814
0 0.3054557488653556 0.023080305922488817 0.013615733736762456 0.016143934855668878
0 0.3175586232980333 0.09169202905908279 0.01664145234493188 0.018834590664947342
0 0.3054557488653556 0.12128924296114293 0.013615733736762456 0.024215902283503697
0 0.23359493192133135 0.261203345043609 0.021180030257186094 0.029597213902060243
0 0.12466906202723148 0.19931826143021047 0.015128593040847222 0.024215902283503888
0 0.32512291981845687 0.1508864568632029 0.013615733736762456 0.018834590664947342
0 0.3432772314674735 0.14685047314928568 0.010590015128593033 0.021525246474225615
0 0.3039428895612708 0.06344014306166178 0.013615733736762456 0.021525246474225424
0 0.4037916036308623 0.12801588248433834 0.019667170953101356 0.032287869711338325
0 0.47338313161875945 0.05671350353846609 0.016641452344931987 0.029597213902060243
0 0.48699886535552195 0.15223178476784202 0.010590015128593033 0.01614393485566907
0 0.47792170953101365 0.12532522667506016 0.019667170953101304 0.03228786971133814
0 0.1904784417549168 0.24775006599721788 0.013615733736762538 0.029597213902060056
0 0.40303517397882 0.3957361355075185 0.021180030257186015 0.029597213902060007
0 0.39320158850226933 0.3540309704637065 0.019667170953101356 0.021525246474225424
0 0.44161308623298035 0.42264269360030043 0.013615733736762456 0.024215902283503937
0 0.4348052193645991 0.46703851445339056 0.0 0.0
0 0.4075737518910741 0.46972917026266886 0.0 0.0
0 0.41665090771558244 0.4320599889327742 0.0 0.0
0 0.28805786686838125 0.4199520377910223 0.0 0.013453279046390985
0 0.29410930408472014 0.44820392378844326 0.0 0.0
0 0.310750756429652 0.44820392378844326 0.0 0.0
0 0.25401853252647505 0.1764476870513458 -0.007564296520423611 -0.01614393485566926
0 0.25855711043872914 0.1818289986699023 0.01664145234493188 0.032287869711338325
0 0.44463880484114976 0.009627026876097832 -0.007564296520423611 0.005381311618556165
0 0.4453952344931922 0.04460555239671443 0.0 0.0
0 0.37807299546142203 0.06882145468021804 0.022692889561270777 0.04305049294845105
