0 0.04902609682299548 1.4989050173115779 0.07866868381240542 0.07802901846906764
0 0.21770990922844174 1.3993507523682847 0.0438729198184569 0.05650377199484202
0 0.27898071104387295 1.068400087827067 0.0242057488653556 0.05650377199484202
0 0.4355616490166414 0.8450756556569768 0.03782148260211795 0.05112246037628586
0 0.5112046142208775 0.7657013092832702 0.03782148260211795 0.04305049294845123
0 0.16475983358547655 0.6405858141518342 0.05900151285930407 0.07802901846906744
0 0.1201304841149773 0.16433973590959397 0.09379727685325265 0.07264770685051107
0 0.5293589258698942 0.03787891287351884 0.02874432677760968 0.07264770685051128
0 0.5429746596066566 0.8840901648915106 0.025718608169440254 0.03766918132989487
0 0.554321104387292 0.8222050812781122 0.015128593040847222 0.03228786971133814
0 0.4764088502269289 0.846420983561616 0.01664145234493188 0.02690655809278178
0 0.39698373676248105 0.8840901648915107 0.021180030257186067 0.02690655809278178
0 0.308481467473525 0.8437303277523377 0.019667170953101304 0.04305049294845104
0 0.4991017397881997 1.040148201829646 0.03479576399394852 0.06995705104123301
0 0.243428517397882 1.084544022682736 0.03479576399394852 0.04574114875772931
0 0.040705370650529496 0.986335085644082 0.043872919818456875 0.0591944278041203
0 0.21695347957639938 1.141047794677578 0.024205748865355543 0.040359837139172766
