0 0.10575832072617249 0.46434785864411254 0.037821482602117984 0.06995705104123315
0 0.1223997730711044 0.34730433094051105 0.016641452344931945 0.05112246037628567
0 0.14357980332829048 0.2517860497111353 0.05295007564296522 0.04843180456700759
0 0.1897220121028744 0.2652393287575262 0.03025718608169439 0.037669181329894684
0 0.2025813161875946 0.3230884286570074 0.025718608169440254 0.04035983713917296
0 0.18745272314674735 0.36613892160545847 0.0317700453857791 0.051122460376285477
0 0.30016074130105896 0.2679299845668044 0.030257186081694445 0.032287869711338325
0 0.3508415279878971 0.12532522667506016 0.03782148260211805 0.048431804567007394
0 0.45976739788199694 0.25447670552041346 0.031770045385779155 0.04305049294845123
0 0.4718702723146747 0.1199439150565037 0.019667170953101408 0.032287869711338325
0 0.3659701210287443 0.22891547533227063 0.03479576399394858 0.04035983713917296
0 0.34252080181543115 0.28272859151783436 0.021180030257186174 0.04035983713917296
0 0.3152893343419062 0.4616572028348344 0.027231467473524913 0.037669181329894684
