0 0.19123487140695916 0.6271325351054432 0.10287443267776092 0.11569819979896251
0 0.42799735249621784 0.4872184330229772 0.09531013615733736 0.1910365624587519
0 0.06944969742813921 1.2029328782909767 0.04689863842662633 0.05112246037628567
0 0.3659701210287443 1.2419473875255105 0.04084720121028737 0.08071967427834573
0 0.28125 0.23026080323690976 0.019667170953101408 0.037669181329894684
0 0.39168872919818465 0.3109804775152555 0.016641452344931935 0.059194427804120486
0 0.4998581694402421 0.24775006599721788 0.030257186081694445 0.04574114875772931
0 0.5021274583963691 0.16703039171887213 0.019667170953101304 0.040359837139172766
0 0.39168872919818454 0.13877850572145106 0.010590015128593033 0.032287869711338325
0 0.39168872919818465 0.11052661972403005 0.016641452344931935 0.04035983713917295
0 0.35916225416036307 0.05671350353846609 0.021180030257186067 0.029597213902060243
0 0.3410079425113465 0.14954112895856386 0.03630862329803329 0.02690655809278197
0 0.5195253403933434 0.31905244494309004 0.021180030257186067 0.021525246474225615
0 0.4627931164901664 0.23967809856938344 0.004538577912254027 0.018834590664947342
0 0.375803706505295 0.3311603960848419 0.021180030257186067 0.00807196742783463
0 0.3810987140695915 0.35537629836834556 0.010590015128593033 0.018834590664947342
0 0.41740733736762486 0.3647935937008193 0.013615733736762456 0.021525246474225615
0 0.39168872919818454 0.3890094959843231 0.010590015128593033 0.021525246474225424
0 0.308481467473525 0.38228285646112753 0.013615733736762456 0.018834590664947342
0 0.26687783661119524 0.35403097046370663 0.021180030257186122 0.02690655809278178
0 0.2903271558245083 0.40380810293535313 0.01059001512859314 0.018834590664947342
0 0.31831505295007567 0.44416794007452615 0.0121028744326778 0.0349785255206166
0 0.16324697428139184 0.5477581887317365 0.02571860816944023 0.021525246474225424
0 0.13450264750378216 0.4643478586441125 0.01361573373676251 0.021525246474225424
0 0.2880578668683813 0.526232942257511 0.021180030257186067 0.037669181329894684
0 0.21241490166414523 0.5733194189198793 0.021180030257186094 0.029597213902060056
0 0.32134077155824503 0.5908086816801875 0.021180030257186067 0.02690655809278197
0 0.3538672465960665 0.5033623678786462 0.022692889561270833 0.0349785255206166
0 0.2880578668683813 0.46434785864411254 0.021180030257186067 0.03228786971133852
0 0.4696009833585477 0.020389650113210735 0.02420574886535549 0.02690655809278197
0 0.4953195915279879 0.020389650113210544 0.012102874432677692 0.021525246474225424
0 0.48699886535552195 0.05671350353846619 0.010590015128593033 0.0349785255206166
0 0.33873865355521937 0.23698744276010517 0.013615733736762564 0.018834590664947342
0 0.3054557488653556 0.0257709617317669 0.013615733736762456 0.03228786971133814
0 0.14055408472012101 0.6230965513915259 0.01664145234493188 0.037669181329894684
0 0.28124999999999994 0.5760100747291576 0.01361573373676251 0.024215902283503506
0 0.04146180030257187 0.5988806491080221 0.0121028744326778 0.021525246474225712
0 0.05507753403933435 0.6284778630100821 0.021180030257186122 0.02690655809278197
