0 0.3417643721633888 1.1316304993451045 0.08925869894099846 0.08610098589690209
0 0.4295102118003025 1.1935155829585031 0.049924357034795745 0.1076262323711277
0 0.12920763993948564 0.6082979444404958 0.05143721633888046 0.051122460376285477
0 0.4037916036308623 0.429369333123496 0.046898638426626324 0.09148229751545843
0 0.5407053706505296 0.5746647468245183 0.042360060514372244 0.04305049294845104
0 0.4499338124054463 0.4872184330229771 0.02420574886535549 0.04035983713917315
0 0.44615166414523444 0.3715202332240149 0.01664145234493188 0.024215902283503697
0 0.46808812405446293 0.45493056331163884 0.006051437216338953 0.013453279046391176
0 0.4862424357034796 0.4925997446415335 0.003025718608169423 0.013453279046391176
0 0.5233074886535551 0.2558220334250525 0.013615733736762456 0.024215902283503888
0 0.5323846444780636 0.21546219628587956 0.007564296520423611 0.018834590664947342
0 0.53767965204236 0.33519637979875927 0.009077155824508269 0.010762623237112903
0 0.5452439485627837 0.2934912147549472 0.003025718608169423 0.00807196742783463
