0 0.21392776096822996 0.7845358999482175 0.05446293494704988 0.059194427804120486
0 0.10727118003025718 1.6065312496827056 0.12859304084720122 0.23946836702575908
0 0.011961043872919836 0.28003793570855623 0.016641452344931935 0.0349785255206166
0 0.030115355521936452 0.13877850572145106 0.010590015128593033 0.032287869711338325
0 0.049026096822995475 0.1266705545796992 0.0121028744326778 0.029597213902060056
0 0.08003971255673226 0.05133219191990983 0.010590015128593033 0.024215902283503888
0 0.13298978819969745 0.09841866858227818 0.016641452344931935 0.02690655809278197
0 0.18140128593040847 0.12263457086578197 0.016641452344931935 0.021525246474225615
0 0.367482980332829 0.11725325924722561 0.022692889561270725 0.01614393485566907
0 0.3410079425113465 0.2114262125719623 0.0242057488653556 0.02690655809278178
0 0.3750472768532526 0.30425383799206007 0.022692889561270725 0.018834590664947342
0 0.42421520423600606 0.43609597264669137 0.027231467473524913 0.024215902283503697
0 0.35386724659606655 0.35134031465442844 0.01664145234493188 0.021525246474225424
0 0.3394950832072617 0.415916054077105 0.021180030257186067 0.032287869711338325
0 0.02633320726172466 0.020389650113210544 0.018154311649016618 0.021525246474225424
0 0.3236100605143722 0.9056154113657362 0.037821482602117894 0.04305049294845104
0 0.49229387291981846 0.8679462300358416 0.027231467473524913 0.06995705104123301
0 0.5308717851739788 0.8988887718425407 0.03782148260211805 0.04035983713917296
0 0.31831505295007567 1.0468748413528415 0.033282904689863814 0.03497852552061641
0 0.26839069591527986 0.9486659043141873 0.03025718608169439 0.04305049294845104
