0 0.36067511346444775 1.0334215623064504 0.05748865355521936 0.04035983713917296
0 0.440856656580938 1.0576374645899542 0.054462934947049985 0.061885083613398575
0 0.5195253403933434 0.876018197463676 0.054462934947049936 0.0591944278041203
0 0.47867813918305596 0.7401400790951272 0.02723146747352502 0.04574114875772931
0 0.44766452344931923 0.6244418792961652 0.040847201210287475 0.04574114875772941
0 0.5006145990922843 0.32712441237092477 0.0317700453857791 0.06457573942267665
0 0.5482696671709532 0.32712441237092454 0.02420574886535549 0.07533836265978937
0 0.16929841149773073 0.5746647468245185 0.06807866868381239 0.10762623237112798
0 0.2071198940998487 0.5316142538760674 0.031770045385779155 0.06457573942267665
0 0.21997919818456882 0.6378951583425558 0.03630862329803326 0.04574114875772931
0 0.2714164145234493 0.7186148326209018 0.027231467473524913 0.051122460376285477
0 0.35084152798789714 0.6594204048167815 0.06505295007564302 0.05112246037628586
0 0.308481467473525 0.8006798348038865 0.019667170953101304 0.037669181329894684
0 0.22224848714069592 0.9123420508889317 0.049924357034795745 0.05650377199484202
0 0.32739220877458397 0.9109967229842926 0.030257186081694337 0.05381311618556375
0 0.08836043872919819 0.9056154113657361 0.04236006051437213 0.037669181329894684
0 0.024063918305597606 1.0199682832600594 0.043872919818456896 0.06726639523195474
0 0.03465393343419064 0.35537629836834567 0.06505295007564296 0.08879164170618035
0 0.18291414523449323 0.7979891789946085 0.02874432677760968 0.05919442780412011
0 0.01801248108925871 0.3284697402755638 0.0317700453857791 0.061885083613398575
