0 0.2835192889561271 0.9540472159327438 0.06354009077155826 0.06457573942267665
0 0.014230332829046928 0.9567378717420219 0.024205748865355543 0.037669181329894684
0 0.014230332829046916 0.22487949161835322 0.018154311649016618 0.037669181329894684
0 0.05053895612708019 0.10918129181939099 0.015128593040847222 0.02690655809278178
0 0.22224848714069592 0.13474252200753384 0.013615733736762456 0.024215902283503888
0 0.23283850226928895 0.10918129181939099 0.019667170953101328 0.02690655809278178
0 0.28125 0.027116289636405944 0.019667170953101408 0.029597213902060056
0 0.29335287443267777 0.15357711267248117 0.010590015128593087 0.013453279046390794
0 0.3122636157337368 0.1831743265745413 0.021180030257186067 0.029597213902060243
0 0.37807299546142203 0.1307065382936165 0.022692889561270777 0.037669181329894684
0 0.3493286686838124 0.22218883580907506 0.019667170953101408 0.032287869711338325
0 0.33722579425113464 0.3055991658966991 0.016641452344931987 0.02690655809278202
0 0.3531108169440242 0.331160396084842 0.021180030257186174 0.02421590228350365
0 0.27898071104387295 0.24775006599721797 0.01815431164901659 0.03497852552061641
0 0.13450264750378216 0.3351963797987592 0.01361573373676251 0.02690655809278197
0 0.15870839636913767 0.207390228858045 0.01664145234493188 0.024215902283503697
0 0.14055408472012101 0.23564211485546602 0.01664145234493188 0.021525246474225615
0 0.2003120272314675 0.060749487252383404 0.02420574886535549 0.03766918132989487
0 0.19199130105900153 0.1333971941028947 0.022692889561270777 0.021525246474225615
0 0.17610627836611195 0.14954112895856395 0.027231467473524968 0.06995705104123301
