0 0.06415468986384268 0.6890176187188415 0.045385779122541624 0.0349785255206166
0 0.24040279878971255 0.8396943440384205 0.040847201210287426 0.051122460376285477
0 0.18291414523449318 0.7159241768116236 0.040847201210287426 0.045741148757729125
0 0.4748959909228441 0.48049179349978166 0.07413010590015123 0.11300754398968424
0 0.34781580937972767 0.5733194189198793 0.03177004538577921 0.04574114875772931
0 0.33344364599092285 0.9217593462214053 0.03630862329803334 0.032287869711338325
0 0.32209720121028745 0.7468667186183229 0.019667170953101304 0.03228786971133814
0 0.38185514372163387 0.8020251627085256 0.018154311649016645 0.04035983713917296
0 0.41740733736762486 0.8921621323193452 0.03479576399394852 0.05381311618556394
0 0.5308717851739788 0.5316142538760672 0.01664145234493188 0.07533836265978937
0 0.48699886535552195 0.6970895861466763 0.01664145234493188 0.018834590664947342
0 0.5550775340393344 0.7939531952806911 0.010590015128593033 0.024215902283503888
0 0.12845121028744327 0.6822909791956462 0.028744326777609693 0.03228786971133814
0 0.08836043872919819 0.792607867376052 0.02420574886535549 0.021525246474225615
0 0.10424546142208778 0.8518022951801724 0.016641452344931935 0.037669181329894684
0 0.08836043872919819 1.0509108250667587 0.02420574886535549 0.07533836265978956
0 0.3629444024205749 0.5181609748296764 0.019667170953101304 0.02690655809278178
