0 0.055833963691376706 0.8961981160332625 0.049924357034795745 0.061885083613398575
0 0.16929841149773067 0.8450756556569768 0.02874432677760965 0.05112246037628586
0 0.039948940998487156 0.9930617251672774 0.03933434190620271 0.0349785255206166
0 0.049026096822995496 0.21815285209515783 0.02118003025718608 0.024215902283503888
0 0.04675680786686841 0.2921458868503081 0.010590015128593033 0.03228786971133814
0 0.04448751891074132 0.3257790844662856 0.018154311649016645 0.029597213902060243
0 0.09895045385779125 0.31905244494309004 0.012102874432677746 0.021525246474225615
0 0.14055408472012104 0.23295145904618786 0.016641452344931935 0.01614393485566926
0 0.06869326777609684 0.3943908076028795 0.012102874432677772 0.021525246474225424
0 0.0603725416036309 0.5154703190203983 0.016641452344931938 0.021525246474225615
0 0.06037254160363089 0.43340531683741323 0.019667170953101363 0.029597213902060056
0 0.21165847201210292 0.2033542451441278 0.010590015128593061 0.021525246474225424
0 0.2396463691376702 0.23564211485546604 0.018154311649016618 0.032287869711338325
0 0.2509928139183056 0.1643397359095939 0.01361573373676251 0.018834590664947342
0 0.2653649773071104 0.13474252200753384 0.015128593040847169 0.024215902283503888
0 0.33268721633888043 0.07689342210805267 0.02874432677760968 0.026906558092781793
0 0.34857223903177004 0.03249760125496249 0.01815431164901659 0.03497852552061622
0 0.3795858547655068 0.03518825706424057 0.016641452344931935 0.029597213902060056
0 0.5021274583963691 0.13877850572145106 0.019667170953101304 0.032287869711338325
0 0.33646936459909227 0.16030375219567666 0.024205748865355543 0.02690655809278178
0 0.2994043116490166 0.29214588685030807 0.016641452344931987 0.021525246474225615
0 0.3213407715582451 0.28003793570855634 0.018154311649016645 0.029597213902060243
0 0.3909322995461422 0.12936121038897747 0.02420574886535549 0.029597213902060056
0 0.13298978819969745 0.15223178476784202 0.016641452344931907 0.021525246474225615
0 0.1776191376701967 0.14012383362609018 0.018154311649016618 0.029597213902060056
