0 0.08079614220877461 0.6984349140513152 0.04236006051437219 0.037669181329894684
0 0.08533472012102875 0.5773554026337965 0.024205748865355543 0.037669181329894684
0 0.021794629349470514 0.18721031028845853 0.03630862329803329 0.037669181329894684
0 0.06869326777609684 0.09572801277300011 0.027231467473524913 0.037669181329894684
0 0.09819402420574888 0.08092940582196997 0.025718608169440202 0.04035983713917296
0 0.14055408472012104 0.08092940582196989 0.025718608169440254 0.018834590664947352
0 0.2298127836611195 0.06344014306166178 0.019667170953101356 0.037669181329894684
0 0.29637859304084724 0.036533584968879804 0.016641452344931987 0.021525246474225424
0 0.3115071860816944 0.05133219191990973 0.013615733736762402 0.018834590664947533
0 0.3319307866868381 0.10783596391475185 0.02723146747352502 0.029597213902060056
0 0.3069686081694402 0.6984349140513154 0.022692889561270725 0.02690655809278197
0 0.29486573373676245 0.32712441237092477 0.019667170953101464 0.02690655809278197
0 0.25780068078668683 0.1899009660977367 0.021180030257186067 0.032287869711338325
0 0.07625756429652045 0.23160613114154882 0.02118003025718608 0.029597213902060056
0 0.14131051437216338 0.24640473809257885 0.027231467473524968 0.04305049294845123
0 0.205607034795764 0.3150164612291728 0.022692889561270833 0.040359837139172766
0 0.18745272314674738 0.09841866858227828 0.019667170953101356 0.032287869711338325
0 0.20636346444780634 0.17375703124206765 0.021180030257186122 0.03766918132989487
0 0.40454803328290473 0.06882145468021804 0.02420574886535549 0.04305049294845105
0 0.3848808623298033 0.5383408933992628 0.03933434190620271 0.024215902283503506
