0 0.3735344175491679 0.845075655656977 0.06202723146747354 0.153367381128857
0 0.16475983358547658 0.9809537740255256 0.06505295007564296 0.05381311618556375
0 0.1738369894099849 0.8975434439379016 0.046898638426626324 0.04843180456700759
0 0.3546236762481089 0.9970977088811948 0.030257186081694445 0.048431804567007394
0 0.4960760211800302 0.8639102463219241 0.040847201210287426 0.05112246037628586
0 0.0482696671709531 0.4226426936003005 0.025718608169440254 0.029597213902060056
0 0.3621879727685325 0.609643272345135 0.03328290468986376 0.03766918132989487
0 0.11332261724659606 0.5961899932987441 0.02874432677760968 0.048431804567007394
0 0.19728630862329802 0.2813832636131954 0.024205748865355543 0.032287869711338325
0 0.04524394856278367 0.21277154047660146 0.0438729198184569 0.040359837139172766
0 0.2827628593040847 0.6796003233863679 0.022692889561270833 0.037669181329894684
