0 0.4650624054462935 0.5289235980667891 0.09379727685325254 0.0699570510412332
0 0.033141074130105926 1.1329758272497434 0.06505295007564296 0.06726639523195474
0 0.039948940998487156 0.846420983561616 0.04992435703479577 0.08071967427834573
0 0.04373108925869895 0.7024708977652325 0.045385779122541596 0.04574114875772931
0 0.09895045385779125 0.38497351227040577 0.09531013615733737 0.12646082303607503
0 0.2850321482602118 0.5410315492085409 0.0438729198184569 0.05650377199484202
0 0.44388237518910745 0.45089457959772156 0.04084720121028737 0.037669181329894684
0 0.49456316187594557 0.7118881930977062 0.030257186081694445 0.048431804567007394
0 0.5021274583963691 0.6378951583425558 0.02420574886535549 0.04574114875772931
0 0.07777042360060515 0.5881180258709096 0.022692889561270805 0.03228786971133814
0 0.3629444024205749 0.7213054884301799 0.015128593040847222 0.029597213902060056
0 0.2971350226928896 0.07420276629877459 0.07110438729198186 0.08071967427834573
0 0.4764088502269289 0.17106637543278935 0.027231467473524913 0.05919442780412028
0 0.5331410741301059 0.2450594101879397 0.049924357034795745 0.08879164170618038
0 0.508178895612708 0.041914896587436065 0.04841149773071098 0.0591944278041203
0 0.20787632375189108 0.25447670552041335 0.0317700453857791 0.0591944278041203
0 0.09668116490166415 0.04998686401527069 0.08774583963691375 0.09686360913401498
0 0.042974659606656584 0.39977211922143585 0.031770045385779114 0.048431804567007394
0 0.11710476550680789 0.5127796632111201 0.03782148260211801 0.06457573942267665
0 0.27368570347957644 0.6661470443399772 0.033282904689863814 0.03766918132989459
0 0.31831505295007567 0.7387947511904882 0.02874432677760973 0.03766918132989487
0 0.4332923600605144 0.6446217978657515 0.013615733736762456 0.03228786971133804
0 0.4627931164901664 0.7724279488064657 0.02420574886535549 0.04574114875772931
0 0.40530446293494704 0.679600323386368 0.021180030257186122 0.02690655809278197
0 0.367482980332829 0.5437222050178192 0.03933434190620271 0.051122460376285477
0 0.49380673222390314 0.3486496588451502 0.02874432677760968 0.037669181329894684
0 0.2078763237518911 0.31367113332453367 0.025718608169440254 0.04305049294845104
0 0.15795196671709533 0.9675004949791347 0.03479576399394855 0.04843180456700759
