0 0.04902609682299547 1.504286328930134 0.10287443267776095 0.18565525084019552
0 0.14282337367624814 1.3347750129456082 0.16641452344931923 0.42781427367523267
0 0.33344364599092285 0.3769015448425713 0.0635400907715582 0.0726477068505111
0 0.19652987897125568 0.8988887718425408 0.04084720121028745 0.05650377199484202
0 0.16249054462934948 0.8679462300358414 0.03630862329803332 0.0591944278041203
0 0.13828479576399397 0.9930617251672774 0.027231467473524968 0.0349785255206166
0 0.15492624810892586 0.9217593462214053 0.02420574886535549 0.032287869711338325
0 0.3629444024205749 1.053601480876037 0.03479576399394852 0.04305049294845123
0 0.31907148260211804 0.0432602244920752 -0.018154311649016645 -0.04574114875772931
0 0.3357129349470499 0.08362006163124816 0.0121028744326778 0.05112246037628586
0 0.49153744326777604 0.2141168683812406 0.02723146747352502 0.04305049294845104
0 0.48094742813918306 0.2692753124714435 0.01815431164901659 0.024215902283503506
0 0.5021274583963691 0.27062064037608263 0.015128593040847222 0.02690655809278178
0 0.5127174735249621 0.29214588685030807 0.021180030257186067 0.021525246474225615
0 0.4900245839636913 0.30425383799206 0.01815431164901659 0.029597213902060292
0 0.5369232223903176 0.4118800703631877 0.0121028744326778 0.034978525520616456
0 0.4665752647503782 0.4912544167368945 0.022692889561270777 0.03228786971133852
0 0.5074224659606656 0.5329595817807065 0.019667170953101304 0.051122460376285477
0 0.5558339636913767 0.8168237696595558 0.022692889561270725 0.03228786971133852
0 0.5581032526475037 0.7347587674765711 0.018154311649016645 0.04574114875772931
0 0.10046331316187596 0.4670385144533908 0.025718608169440254 0.02690655809278197
0 0.13525907715582453 0.43878662845596966 0.01664145234493196 0.029597213902060243
0 0.16627269288956126 0.4091894145539095 0.015128593040847222 0.029597213902060056
0 0.1450926626323752 0.3647935937008193 0.021180030257186067 0.03766918132989487
0 0.12466906202723144 0.3365417077033983 0.010590015128593047 0.024215902283503697
0 0.09592473524962179 0.3567216262729848 0.022692889561270805 0.02690655809278197
0 0.19879916792738275 0.3150164612291727 0.019667170953101356 0.024215902283503697
0 0.2199791981845688 0.25716736132969165 0.007564296520423611 0.021525246474225615
0 0.28957072617246593 0.2679299845668044 0.022692889561270725 0.04305049294845104
0 0.2676342662632375 0.14954112895856386 0.02723146747352502 0.05381311618556394
0 0.030115355521936466 0.11321727553330821 0.057488653555219385 0.09417295332473671
0 0.032384644478063544 0.019044322208571503 0.025718608169440257 0.024215902283503506
0 0.11937405446293495 0.09572801277300011 0.018154311649016645 0.02690655809278197
0 0.13223335854765508 0.5195063027343154 0.02269288956127086 0.040359837139172766
0 0.09970688350983359 0.5020170399740072 0.018154311649016645 0.03228786971133852
0 0.1239126323751891 0.4804917934997816 0.012102874432677746 0.010762623237112712
0 0.27898071104387284 0.3419230193219548 0.019667170953101356 0.0349785255206166
0 0.45749810892586984 0.5746647468245183 0.02874432677760968 0.04305049294845104
0 0.5346539334341905 0.8410396719430595 0.022692889561270833 0.02690655809278197
