0 0.1473619515885023 0.7589746697600745 0.0665658093797277 0.04574114875772931
0 0.3084814674735249 0.6230965513915259 0.046898638426626324 0.037669181329894684
0 0.35462367624810887 0.6957442582420371 0.024205748865355543 0.03228786971133852
0 0.4612802571860817 0.8329677045152251 0.025718608169440254 0.037669181329894684
0 0.2676342662632375 0.3943908076028795 0.013615733736762456 0.02690655809278197
0 0.289570726172466 0.37824687274721025 0.018154311649016645 0.02690655809278197
0 0.3523543872919819 0.25447670552041346 0.013615733736762456 0.02690655809278197
0 0.432535930408472 0.3325057239894811 0.010590015128593033 0.01614393485566926
0 0.5338975037821483 0.3634482657961803 0.01664145234493188 0.024215902283503697
0 0.5323846444780636 0.3284697402755638 0.013615733736762456 0.029597213902060056
0 0.5195253403933434 0.415916054077105 0.006051437216338953 0.026906558092781828
0 0.518768910741301 0.4374413005513306 0.013615733736762564 0.010762623237112903
0 0.4476645234493192 0.44282261216988694 0.007564296520423611 0.026906558092781925
0 0.44615166414523444 0.4710744981673079 0.010590015128593033 0.029597213902060056
0 0.4083301815431165 0.4455132679791652 0.01664145234493188 0.03228786971133847
0 0.3099943267776097 0.417261381981744 0.01664145234493188 0.013453279046391034
0 0.2910835854765507 0.4603118749301952 0.0060514372163389 0.013453279046390794
0 0.27292927382753407 0.47376515397658614 0.009077155824508376 0.013453279046391176
0 0.25553139183055973 0.4374413005513306 0.010590015128593033 0.010762623237112903
0 0.2948657337367625 0.5033623678786464 0.01361573373676251 0.00807196742783463
0 0.3410079425113465 0.5154703190203982 0.009077155824508323 0.03228786971133814
0 0.3553801059001513 0.5006717120693681 0.013615733736762456 0.024215902283503506
0 0.3372257942511346 0.5437222050178192 0.010590015128593033 0.013453279046390794
0 0.3016736006051438 0.5491035166363756 0.0060514372163389 0.018834590664947342
0 0.15341338880484115 0.4562758912162779 0.021180030257186067 0.037669181329894684
0 0.3780729954614221 0.27869260780391714 0.004538577912254188 0.021525246474225424
