0 0.08760400907715583 0.7105428651930672 0.09531013615733736 0.1533673811288572
0 0.44463880484114976 1.068400087827067 0.03479576399394852 0.08879164170618035
0 0.41892019667170954 0.8598742626080069 0.03782148260211795 0.09148229751545843
0 0.3863937216338881 0.9796084461208866 0.02723146747352502 0.05112246037628567
0 0.5490260968229955 0.8787088532729541 0.025718608169440254 0.02690655809278197
0 0.5210381996974282 0.43475064474205244 0.045385779122541665 0.05381311618556394
0 0.42194591527987896 0.21008088466732322 0.0317700453857791 0.06726639523195474
0 0.21846633888048408 0.1159079313425864 0.04538577912254161 0.05112246037628566
0 0.5096917549167926 0.25985801713896983 0.013615733736762456 0.01614393485566926
0 0.32134077155824503 0.5679381073013229 0.021180030257186067 0.018834590664947342
0 0.30696860816944027 0.6284778630100821 0.01664145234493188 0.02690655809278197
0 0.2358642208774584 0.08227473372660901 0.013615733736762456 0.021525246474225615
0 0.2827628593040847 0.33788703560803734 0.016641452344931987 0.021525246474225615
0 0.3152893343419062 0.24236875437866154 0.015128593040847222 0.018834590664947342
