0 0.03465393343419063 0.9284859857446008 0.06656580937972768 0.09955426494329325
0 0.23510779122541609 0.8558382788940897 0.0438729198184569 0.05650377199484222
0 0.2789807110438729 0.904270083461097 0.040847201210287426 0.05112246037628567
0 0.37429084720121036 0.9069607392703752 0.04387291981845695 0.045741148757729125
0 0.43026664145234494 0.7778092604250219 0.052950075642965166 0.04574114875772931
0 0.15568267776096822 0.7186148326209018 0.039334341906202684 0.051122460376285477
0 0.22905635400907715 0.6284778630100823 0.03479576399394852 0.03766918132989487
0 0.2184663388804841 0.6890176187188417 0.0317700453857791 0.04574114875772931
0 0.5422182299546142 0.4226426936003005 0.02874432677760968 0.051122460376285477
0 0.3152893343419062 0.3244337565616465 0.04084720121028737 0.03228786971133852
0 0.1390412254160363 0.46165720283483425 0.02420574886535549 0.02690655809278197
0 0.43934379727685324 0.15895842429103751 0.0317700453857791 0.09417295332473671
0 0.3742908472012103 0.49394507254617254 0.02874432677760973 0.05381311618556394
0 0.5225510590015128 0.7872265557574956 0.03782148260211795 0.06457573942267665
0 0.4748959909228441 0.7468667186183229 0.036308623298033235 0.06995705104123282
0 0.42421520423600606 0.9405939368863526 0.01664145234493204 0.032287869711338325
0 0.48699886535552195 0.9419392647909918 0.021180030257186122 0.024215902283503888
0 0.43253593040847205 0.9056154113657361 0.021180030257186122 0.02690655809278197
0 0.39320158850226933 0.7441760628090447 0.021180030257186067 0.02690655809278197
0 0.34781580937972767 0.789917211566774 0.024205748865355543 0.02690655809278178
0 0.29410930408472014 0.6957442582420371 0.022692889561270833 0.04305049294845085
0 0.24040279878971257 0.7657013092832702 0.02420574886535549 0.03228786971133814
0 0.17459341906202724 1.0576374645899542 0.037821482602118 0.0349785255206166
0 0.07323184568835099 0.8908168044147061 0.025718608169440237 0.0349785255206166
0 0.05205181543116491 0.8840901648915106 0.02874432677760968 0.03766918132989487
0 0.057346822995461434 0.31367113332453367 0.027231467473524968 0.04305049294845104
0 0.008935325264750386 0.29752719846886455 0.015128593040847195 0.03228786971133852
0 0.008935325264750393 0.4078440866492704 0.02118003025718608 0.032287869711338325
