0 0.2071198940998487 0.25985801713896983 0.08925869894099846 0.0699570510412332
0 0.4885117246596066 0.7361040953812101 0.049924357034795745 0.10224492075257134
0 0.518768910741301 0.8679462300358416 0.052950075642965166 0.06995705104123301
0 0.4363180786686838 1.0186229553554202 0.05748865355521936 0.07533836265978956
0 0.3243664901664145 0.6769096675770897 0.04841149773071103 0.08071967427834573
0 0.15643910741301062 0.7509027023322401 0.06656580937972768 0.08879164170618055
0 0.1276947806354009 0.4683838423580298 0.0393343419062027 0.04035983713917315
0 0.07247541603630864 0.6755643396724506 0.031770045385779135 0.04574114875772931
0 0.5127174735249621 0.3473043309405111 0.02874432677760968 0.10493557656184942
0 0.5338975037821482 0.30156318218278183 0.019667170953101408 0.06726639523195474
0 0.518768910741301 0.044605552396714335 0.052950075642965166 0.06457573942267684
0 0.28125 0.10110932439155637 0.022692889561270833 0.021525246474225605
0 0.10954046898638428 0.13608784991217288 0.042360060514372175 0.048431804567007394
0 0.24796709531013617 0.49394507254617254 0.022692889561270777 0.07533836265978937
0 0.2774678517397882 0.5195063027343155 0.015128593040847222 0.024215902283503506
0 0.3046993192133131 0.5100890074018418 0.03933434190620271 0.03228786971133852
0 0.30469931921331317 0.5733194189198793 0.021180030257186067 0.04574114875772931
0 0.2676342662632375 0.6473124536750295 0.025718608169440202 0.02690655809278197
0 0.2373770801815431 0.6863269629095634 0.019667170953101356 0.040359837139172766
0 0.19955559757942512 0.6728736838631725 0.037821482602118 0.04035983713917315
0 0.24721066565809377 0.8706368858451197 0.04236006051437219 0.06457573942267684
0 0.3697522692889561 0.6634563885306989 0.021180030257186067 0.03228786971133804
0 0.384124432677761 0.6822909791956461 0.013615733736762456 0.021525246474225806
0 0.17837556732223903 0.4616572028348342 0.01664145234493188 0.048431804567007394
0 0.1882091527987897 0.5060530236879245 0.021180030257186094 0.013453279046390794
0 0.1337462178517398 0.5477581887317364 0.021180030257186042 0.03228786971133852
0 0.09516830559757945 0.5100890074018418 0.025718608169440216 0.03228786971133852
0 0.07701399394856281 0.4078440866492704 0.02571860816944023 0.032287869711338325
