0 0.4272409228441755 0.7051615535745107 0.027231467473524968 0.06726639523195493
0 0.34252080181543115 0.49663572835545083 0.021180030257186174 0.04305049294845123
0 0.2585571104387292 0.5033623678786462 0.0317700453857791 0.0349785255206166
0 0.2646085476550681 0.9459752485049091 0.02571860816944031 0.048431804567007394
0 0.4227023449319213 0.5329595817807065 0.018154311649016697 0.024215902283503888
0 0.5278460665658093 0.5504488445410145 0.022692889561270833 0.037669181329894684
0 0.5528082450832073 0.5558301561595711 0.018154311649016645 0.03228786971133852
0 0.5399489409984871 0.4643478586441125 0.019667170953101408 0.021525246474225424
0 0.5195253403933434 0.4038081029353532 0.021180030257186067 0.024215902283503888
0 0.48472957639939485 0.374210889033293 0.021180030257186067 0.024215902283503697
0 0.45825453857791226 0.401117447126075 0.019667170953101408 0.029597213902060243
0 0.31680219364599094 0.3621029378915412 0.030257186081694337 0.03228786971133852
0 0.3349565052950076 0.4603118749301952 0.021180030257186067 0.013453279046390794
0 0.4007658850226929 0.49932638416472913 0.013615733736762456 0.037669181329894684
0 0.26082639939485625 0.42802400521885686 0.027231467473524913 0.040359837139172766
0 0.15492624810892588 0.2558220334250526 0.03933434190620271 0.07802901846906764
0 0.22527420574886534 0.7535933581415183 0.01664145234493188 0.029597213902060243
0 0.20787632375189108 0.6984349140513152 0.01815431164901667 0.037669181329894684
0 0.1844270045385779 0.695744258242037 0.016641452344931907 0.04843180456700759
0 0.1450926626323752 0.6917082745281198 0.016641452344931935 0.024215902283503888
0 0.12996406959152798 0.6540390931982252 0.02874432677760965 0.04035983713917315
