0 0.4665752647503782 1.1047239412523226 0.03630862329803329 0.048431804567007394
0 0.3410079425113465 0.7239961442394581 0.030257186081694445 0.05112246037628586
0 0.41513804841149776 0.7239961442394582 0.02420574886535549 0.024215902283503506
0 0.43707450832072614 0.8208597533734732 0.03479576399394852 0.051122460376285477
0 0.5180124810892587 0.8652555742265633 0.030257186081694445 0.03766918132989487
0 0.5074224659606656 0.6096432723451352 0.030257186081694445 0.07533836265978947
0 0.5278460665658095 0.4360959726466914 0.016641452344931987 0.05112246037628591
0 0.5127174735249621 0.29080055894566903 0.013615733736762456 0.024215902283503697
0 0.5331410741301059 0.27331129618536076 0.021180030257186067 0.01614393485566907
0 0.49985816944024203 0.21142621257196242 0.02420574886535549 0.037669181329894684
0 0.4764088502269289 0.26792998456680445 0.031770045385779044 0.021525246474225424
0 0.45674167927382747 0.13608784991217288 0.010590015128593033 0.02690655809278197
0 0.5021274583963691 0.06882145468021804 0.019667170953101304 0.021525246474225615
0 0.44463880484114976 0.01769899430393246 0.013615733736762456 0.01614393485566926
0 0.3848808623298033 0.14685047314928568 0.018154311649016645 0.02690655809278178
0 0.26914712556732223 0.12128924296114284 0.025718608169440202 0.040359837139172766
0 0.18972201210287445 0.1441598173400075 0.02420574886535549 0.03228786971133814
0 0.1466055219364599 0.16972104752815032 0.019667170953101356 0.029597213902060243
0 0.08684757942511347 0.13474252200753384 0.027231467473524968 0.040359837139172766
0 0.06415468986384268 0.17644768705134584 0.030257186081694403 0.03228786971133852
0 0.06793683812405446 0.22487949161835333 0.02874432677760967 0.04843180456700761
0 0.09970688350983359 0.21277154047660138 0.019667170953101356 0.02421590228350372
0 0.058859682299546155 0.04595088030135347 0.022692889561270777 0.040359837139172766
0 0.12088691376701967 0.059404159347744456 0.01361573373676247 0.029597213902060056
