0 0.4438823751891074 0.7724279488064658 0.060514372163388834 0.083410330087624
0 0.3137764750378215 0.48049179349978177 0.02420574886535549 0.037669181329894684
0 0.45976739788199694 0.05267751982454898 0.0438729198184569 0.07533836265978919
0 0.4007658850226929 0.09976399648691722 0.040847201210287475 0.083410330087624
0 0.5059096066565809 0.26389400085288717 0.021180030257186067 0.029597213902060056
0 0.5051531770045385 0.39708146341215755 0.046898638426626324 0.13991410208246602
0 0.0709625567322239 0.26523932875752615 0.03479576399394857 0.048431804567007394
0 0.10802760968229955 0.49663572835545083 0.015128593040847222 0.021525246474225806
0 0.14282337367624812 0.4993263841647289 0.02420574886535549 0.02690655809278197
0 0.25931354009077157 0.40918941455390956 0.02420574886535549 0.0349785255206166
0 0.30469931921331317 0.41053474245854865 0.015128593040847222 0.02690655809278178
0 0.3932015885022693 0.40784408664927047 0.0015128593040846577 0.010762623237112712
0 0.40152231467473526 0.42533334940957873 0.009077155824508376 0.018834590664947342
0 0.4121123298033283 0.44147728426524785 0.009077155824508376 0.013453279046390794
0 0.4302666414523449 0.49394507254617276 0.021180030257186067 0.02690655809278197
0 0.4506902420574887 0.5248876143528718 0.013615733736762564 0.024215902283503888
0 0.45220310136157343 0.4334053168374133 0.010590015128593033 0.018834590664947533
0 0.5565903933434191 0.36210293789154113 0.007564296520423611 0.021525246474225424
0 0.5074224659606656 0.8047158185178038 0.018154311649016645 0.04574114875772931
0 0.5399489409984871 0.8262410649920294 0.019667170953101408 0.040359837139172766
0 0.17761913767019666 0.51277966321112 0.012102874432677718 0.02690655809278197
0 0.1904784417549168 0.5356502375899846 0.016641452344931907 0.029597213902060056
0 0.32361006051437213 0.5154703190203982 0.01664145234493188 0.03228786971133814
0 0.3901758698940998 0.5006717120693681 0.007564296520423611 0.013453279046391176
0 0.40984304084720125 0.5517941724456539 0.009077155824508376 0.013453279046390794
0 0.42194591527987896 0.5585208119688494 0.012102874432677853 0.02690655809278197
0 0.0959247352496218 0.5437222050178192 0.007564296520423611 0.013453279046390794
0 0.1307204992435704 0.5571754840642102 0.02269288956127086 0.024215902283503506
0 0.11483547655068081 0.5854273700616311 0.006051437216338859 0.005381311618556165
0 0.10197617246596069 0.637895158342556 0.013615733736762484 0.029597213902060056
0 0.17232413010590014 0.4401319563606087 0.009077155824508349 0.032287869711338325
0 0.5112046142208774 0.12128924296114293 0.012102874432677692 0.024215902283503697
0 0.5134739031770046 0.21680752419051869 0.013615733736762564 0.021525246474225615
0 0.5399489409984871 0.45493056331163884 0.027231467473524913 0.040359837139172766
0 0.21846633888048414 0.3917001517936013 0.010590015128593033 0.02690655809278178
0 0.23132564296520425 0.39439080760287953 0.02420574886535549 0.037669181329894684
0 0.23888993948562787 0.27465662408999986 0.021180030257186067 0.029597213902060056
0 0.00817889561270805 0.2356421148554661 0.01361573373676247 0.04305049294845123
0 0.007422465960665687 0.07420276629877448 0.015128593040847195 0.05919442780412011
0 0.018768910741301093 1.0858893505873752 0.04689863842662633 0.09686360913401498
