0 0.06491111951588503 0.4078440866492704 0.12254160363086232 0.1183888556082404
0 0.2298127836611195 0.3499949867497893 0.0499243570347958 0.03497852552061641
0 0.5346539334341905 0.5961899932987439 0.045385779122541665 0.07533836265978937
0 0.1413105143721634 0.08900137324980452 0.12405446293494704 0.17489262760308263
0 0.10878403933434194 0.834313032419864 0.04387291981845689 0.06188508361339838
0 0.02708963691376704 0.846420983561616 0.04084720121028745 0.04843180456700759
0 0.11937405446293495 0.9648098391698565 0.037821482602118 0.05381311618556394
0 0.34252080181543115 0.987680413548721 0.06051437216338878 0.05112246037628567
0 0.2835192889561271 0.9002340997471798 0.03630862329803329 0.05919442780412011
0 0.2487235249621785 1.040148201829646 0.02420574886535549 0.02690655809278197
0 0.262339258698941 1.0576374645899542 0.01815431164901659 0.0349785255206166
0 0.19955559757942512 0.9473205764095481 0.019667170953101356 0.04574114875772931
0 0.09062972768532529 1.209659517814172 0.06202723146747354 0.06995705104123301
0 0.167785552193646 1.1504650900100517 0.07413010590015123 0.09148229751545862
0 0.22149205748865358 1.1625730411518036 0.06656580937972768 0.06188508361339838
0 0.1276947806354009 0.29080055894566903 0.018154311649016645 0.04035983713917296
0 0.11256618759455371 0.33519637979875927 0.024205748865355543 0.03228786971133828
0 0.1655162632375189 0.41322539826782684 0.021180030257186094 0.037669181329894684
0 0.12088691376701968 0.3943908076028795 0.019667170953101408 0.03228786971133809
0 0.10197617246596068 0.43340531683741323 0.01815431164901659 0.029597213902060056
0 0.10424546142208774 0.4522399075023607 0.013615733736762456 0.018834590664947342
0 0.1640034039334342 0.3674842495100976 0.009077155824508323 0.01614393485566907
