0 0.1276947806354009 1.068400087827067 0.0922844175491679 0.09417295332473671
0 0.2751985627836611 0.44282261216988705 0.15128593040847196 0.166820660175248
0 0.24418494704992438 0.35941228208226295 0.040847201210287426 0.06995705104123301
0 0.07096255673222392 0.8302770487059469 0.04538577912254161 0.06995705104123282
0 0.3977401664145235 0.5477581887317364 0.03328290468986392 0.03228786971133852
0 0.09819402420574887 0.5544848282549318 0.04236006051437216 0.04574114875772931
0 0.020281770045385783 0.4522399075023606 0.031770045385779114 0.045741148757729264
0 0.08911686838124057 0.5006717120693681 0.018154311649016645 0.024215902283503506
0 0.1466055219364599 0.2813832636131953 0.039334341906202656 0.03766918132989483
0 0.14282337367624812 0.17644768705134584 0.02874432677760968 0.04305049294845123
0 0.36597012102874427 0.2342967869508271 0.04236006051437219 0.083410330087624
0 0.45976739788199694 0.09169202905908277 0.030257186081694445 0.0349785255206166
0 0.4953195915279879 0.2275701474276315 0.025718608169440254 0.02690655809278197
0 0.5240639183055976 0.3782468727472103 0.03479576399394863 0.04843180456700759
0 0.46733169440242056 0.3567216262729848 0.012102874432677638 0.03228786971133814
0 0.4416130862329803 0.2921458868503081 0.015128593040847222 0.04305049294845123
0 0.432535930408472 0.7280321279533755 0.030257186081694445 0.04305049294845123
0 0.5074224659606656 0.6473124536750295 0.022692889561270833 0.02690655809278197
0 0.48472957639939485 0.49798105626009004 0.019667170953101408 0.018834590664947342
0 0.48926815431164905 0.5262329422575108 0.010590015128593033 0.02690655809278197
0 0.4824602874432677 0.5934993374894658 0.018154311649016645 0.03228786971133842
0 0.5104481845688351 0.6002259770126612 0.025718608169440254 0.04574114875772931
0 0.5112046142208774 0.7011255698605936 0.012102874432677692 0.03228786971133814
0 0.49002458396369136 0.6917082745281198 0.012102874432677692 0.024215902283503888
0 0.49456316187594546 0.6634563885306989 0.0121028744326778 0.03228786971133804
0 0.3841244326777609 0.4778011376905035 0.015128593040847169 0.03228786971133814
0 0.3447900907715582 0.6715283559585333 0.01815431164901659 0.032287869711338325
0 0.35159795763993945 0.7078522093837891 0.02874432677760968 0.029597213902060056
0 0.3334436459909228 0.7280321279533755 0.01361573373676251 0.04305049294845123
0 0.22527420574886534 0.5585208119688492 0.012102874432677772 0.037669181329894684
0 0.20787632375189105 0.6661470443399768 0.013615733736762484 0.02690655809278197
0 0.2358642208774584 0.6890176187188415 0.018154311649016645 0.0349785255206166
0 0.264608547655068 0.6661470443399768 0.009077155824508323 0.02690655809278197
0 0.2562878214826021 0.8074064743270822 0.016641452344931935 0.024215902283503506
0 0.2683906959152799 0.7603199976647138 0.013615733736762456 0.021525246474225424
