0 0.05129538577912255 1.3563002594198335 0.09833585476550678 0.18027393922163898
0 0.053564674735249646 0.904270083461097 0.1059001512859304 0.153367381128857
0 0.10348903177004537 0.5437222050178192 0.08169440242057488 0.08879164170618016
0 0.4612802571860817 0.21949817999979687 0.08018154311649008 0.08610098589690209
0 0.37126512859304084 0.2342967869508269 0.0121028744326778 0.018834590664947342
0 0.40227874432677757 0.3284697402755638 0.010590015128593033 0.024215902283503888
0 0.4438823751891074 0.44282261216988705 0.006051437216338953 0.0
0 0.45674167927382747 0.415916054077105 0.010590015128593033 0.021525246474225615
0 0.4499338124054463 0.47511048188122523 0.003025718608169423 0.0
0 0.5157431921331316 0.27331129618536076 0.007564296520423611 0.01614393485566907
0 0.5074224659606656 0.22891547533227052 0.003025718608169423 0.00807196742783463
0 0.4885117246596067 0.17241170333742853 0.013615733736762456 0.024215902283503888
0 0.4552288199697428 0.09303735696372183 0.013615733736762456 0.01614393485566926
0 0.5414618003025718 0.29080055894566903 0.004538577912254188 0.018834590664947484
0 0.5210381996974282 0.33519637979875927 0.00302571860816953 0.010762623237112903
0 0.5361667927382754 0.35403097046370663 0.006051437216338846 0.010762623237112903
0 0.5528082450832073 0.37959220065184934 0.006051437216338846 0.013453279046390985
