0 0.13601550680786686 1.447782556935292 0.05597579425113464 0.1318421346546314
0 0.46884455370650524 0.16030375219567666 0.01361573373676251 0.032287869711338325
0 0.4506902420574887 0.1132172755333083 0.013615733736762564 0.04035983713917296
0 0.40530446293494704 0.08765604534516537 0.016641452344931935 0.032287869711338325
0 0.3795858547655068 0.11052661972403004 0.013615733736762456 0.024215902283503697
0 0.3614315431164902 0.11187194762866917 0.01664145234493188 0.02690655809278197
0 0.32890506807866865 0.10918129181939099 0.021180030257186067 0.02690655809278178
0 0.289570726172466 0.1791383428606241 0.018154311649016645 0.02690655809278197
0 0.3326872163388805 0.28541924732711266 0.013615733736762456 0.03497852552061641
0 0.308481467473525 0.23698744276010517 0.013615733736762456 0.024215902283503888
0 0.2842757186081694 0.21949817999979696 0.019667170953101408 0.021525246474225615
0 0.26763426626323755 0.2490953939018571 0.019667170953101408 0.037669181329894684
0 0.2562878214826021 0.28407391942247356 0.018154311649016645 0.03228786971133828
0 0.23888993948562784 0.35134031465442844 0.010590015128593087 0.021525246474225424
0 0.22527420574886536 0.33519637979875916 0.010590015128593007 0.021525246474225424
0 0.21241490166414526 0.359412282082263 0.009077155824508323 0.01614393485566907
0 0.15719553706505296 0.23698744276010517 0.013615733736762456 0.024215902283503888
0 0.1284512102874433 0.10649063601011281 0.013615733736762456 0.01614393485566926
0 0.13450264750378216 0.12532522667506016 0.01361573373676251 0.01614393485566926
0 0.13525907715582453 0.0849653895358873 0.009077155824508323 0.01614393485566907
0 0.07171898638426626 0.24102342647402247 0.021180030257186067 0.03228786971133852
0 0.05734682299546144 0.32981506818020284 0.022692889561270784 0.03228786971133814
0 0.11786119515885025 0.4751104818812254 0.010590015128593033 0.02690655809278197
0 0.13298978819969745 0.4845277772136989 0.01361573373676251 0.018834590664947342
0 0.20560703479576398 0.2504407218064962 0.01664145234493188 0.029597213902060056
0 0.17459341906202727 0.6513484373889469 0.012102874432677746 0.018834590664947342
0 0.17005484114977307 0.6674923722446162 0.012102874432677772 0.013453279046391176
