0 0.4696009833585476 0.5773554026337965 0.03630862329803329 0.037669181329894684
0 0.3205843419062028 0.49663572835545083 0.0317700453857791 0.04305049294845123
0 0.07625756429652045 0.34999498674978924 0.14826021180030258 0.19641787407730804
0 0.25326210287443274 0.3123258054198945 0.04841149773071109 0.04574114875772931
0 0.4862424357034796 0.192591621907015 0.02420574886535549 0.05381311618556375
0 0.518768910741301 0.16030375219567666 0.019667170953101408 0.05381311618556375
0 0.24040279878971255 0.19931826143021047 0.01361573373676251 0.024215902283503888
0 0.19426059001512858 0.01769899430393246 0.018154311649016645 0.03228786971133852
0 0.09743759455370651 0.2948365426595864 0.02420574886535549 0.037669181329894684
0 0.13979765506807867 0.2948365426595864 0.027231467473524968 0.037669181329894684
0 0.06718040847201212 0.20873555676268415 0.018154311649016645 0.03228786971133814
0 0.1587083963691377 0.5181609748296764 0.025718608169440254 0.037669181329894684
0 0.17913199697428142 0.3499949867497893 0.021180030257186067 0.03497852552061641
0 0.3493286686838124 0.5746647468245184 0.019667170953101408 0.03228786971133842
0 0.41513804841149776 0.44147728426524785 0.03025718608169439 0.029597213902060056
0 0.5331410741301059 0.3513403146544284 0.02723146747352502 0.04305049294845104
0 0.5293589258698941 0.25447670552041346 0.019667170953101408 0.04305049294845123
0 0.08987329803328294 0.5423768771131802 0.027231467473524968 0.04305049294845123
0 0.038436081694402414 0.4589665470255561 0.012102874432677746 0.04305049294845123
0 0.012717473524962204 0.44685859588380433 0.015128593040847195 0.029597213902060243
0 0.008935325264750386 0.3943908076028795 0.010590015128593035 0.021525246474225424
