0 0.022551059001512868 0.9217593462214054 0.04387291981845685 0.06457573942267665
0 0.025576777609682303 1.1262491877265481 0.052950075642965194 0.09148229751545862
0 0.49834531013615735 0.8235504091827515 0.03328290468986387 0.05650377199484202
0 0.497588880484115 0.8625649184172852 0.03782148260211795 0.04305049294845104
0 0.365213691376702 0.7239961442394581 0.02420574886535549 0.040359837139172766
0 0.10046331316187597 0.5316142538760672 0.02723146747352494 0.037669181329894684
0 0.19123487140695916 0.4589665470255561 0.021180030257186067 0.03228786971133814
0 0.10878403933434191 0.39977211922143585 0.016641452344931935 0.037669181329894684
0 0.1473619515885023 0.30290851008742087 0.015128593040847169 0.037669181329894684
0 0.1957734493192133 0.10783596391475185 0.03025718608169439 0.029597213902060056
