0 0.2963785930408471 1.263472633999736 0.07110438729198182 0.1076262323711277
0 0.386393721633888 0.8746728695590369 0.03933434190620277 0.11031688818040597
0 0.04751323751891077 0.38228285646112764 0.03630862329803329 0.045741148757729125
0 0.12088691376701971 0.35134031465442844 0.037821482602118 0.037669181329894684
0 0.2646085476550681 0.21815285209515792 0.03479576399394852 0.07802901846906764
0 0.28125 0.16299440800495485 0.019667170953101408 0.02690655809278197
0 0.3183150529500756 0.1199439150565038 0.015128593040847222 0.021525246474225424
0 0.27898071104387295 0.0849653895358872 0.0242057488653556 0.02690655809278197
0 0.24721066565809383 0.14550514524464664 0.015128593040847222 0.03497852552061641
0 0.4211894856278366 0.1159079313425864 0.02723146747352502 0.05112246037628566
0 0.4733831316187594 0.2100808846673233 0.022692889561270833 0.03497852552061641
0 0.5036403177004538 0.16030375219567666 0.01664145234493188 0.032287869711338325
0 0.5263332072617246 0.09303735696372192 0.019667170953101408 0.032287869711338325
0 0.49531959152798793 0.0257709617317669 0.054462934947049936 0.03228786971133814
0 0.44388237518910745 0.4683838423580298 0.027231467473524968 0.024215902283503888
0 0.3750472768532526 0.49798105626008987 0.016641452344931987 0.04574114875772931
0 0.4068173222390318 0.4360959726466915 0.019667170953101408 0.040359837139172766
0 0.424215204236006 0.2585126892343307 0.03328290468986387 0.04035983713917296
0 0.3432772314674735 0.3284697402755638 0.016641452344931987 0.024215902283503888
0 0.30696860816944027 0.42129736569566145 0.010590015128593033 0.02690655809278197
0 0.20333774583963693 0.35806695417762385 0.02420574886535557 0.024215902283503888
0 0.20258131618759453 0.3029085100874209 0.01361573373676251 0.021525246474225615
0 0.08003971255673224 0.30963514961061644 0.013615733736762524 0.029597213902060056
0 0.027089636913767014 0.24640473809257893 0.016641452344931907 0.021525246474225615
0 0.011204614220877466 0.43071466102813505 0.015128593040847195 0.03497852552061641
0 0.08155257186081696 0.6473124536750298 0.022692889561270833 0.05381311618556394
0 0.2638521180030257 1.1302851714404654 0.060514372163388834 0.03497852552061641
0 0.28957072617246604 0.956737871742022 0.02420574886535549 0.06995705104123301
0 0.17383698940998488 0.8935074602239843 0.04387291981845685 0.029597213902060243
0 0.1806448562783661 0.7213054884301798 0.04841149773071103 0.04574114875772931
0 0.03162821482602119 1.0589827924945934 0.06202723146747349 0.1076262323711277
0 0.224517776096823 0.4226426936003006 -0.03933434190620277 -0.04035983713917296
