0 0.39017586989409986 0.9096513950796535 0.06202723146747354 0.07264770685051128
0 0.07096255673222393 0.1441598173400076 0.031770045385779114 0.09686360913401498
0 0.15568267776096825 0.07420276629877458 0.049924357034795745 0.04305049294845104
0 0.25780068078668683 0.1199439150565038 0.039334341906202795 0.05381311618556394
0 0.35764939485627834 0.03518825706424076 0.030257186081694445 0.05650377199484202
0 0.3644572617246596 0.07689342210805275 0.052950075642965166 0.048431804567007394
0 0.4718702723146747 0.11187194762866917 0.07413010590015123 0.05919442780412011
0 0.4862424357034796 0.32712441237092466 0.030257186081694337 0.032287869711338325
0 0.2865450075642965 0.39977211922143596 0.03630862329803334 0.032287869711338325
0 0.28654500756429657 0.3002178542781427 0.018154311649016645 0.032287869711338325
0 0.2071198940998487 0.32712441237092466 0.025718608169440254 0.04843180456700759
0 0.18064485627836613 0.32443375656164647 0.015128593040847222 0.05381311618556394
0 0.14811838124054463 0.33788703560803746 0.0317700453857791 0.02690655809278197
0 0.13147692889561272 0.3029085100874209 0.013615733736762456 0.05381311618556375
0 0.08382186081694407 0.39170015179360124 0.03630862329803329 0.05381311618556394
0 0.1292076399394856 0.5504488445410145 0.030257186081694375 0.037669181329894684
