0 0.5868459140158184 0.42191730458862886 0.023653088042049963 0.03038213583328184
0 0.5723912491012323 0.44295109093474705 0.026281208935611047 0.03973048532044552
0 0.504717136092034 0.41023186772967424 0.030223390275952673 0.03038213583328189
0 0.44295629509334794 0.3985464308707196 0.03547963206307489 0.03973048532044557
0 0.43704302308283544 0.3377821592041559 0.01839684625492769 0.03973048532044552
0 0.47843592715642286 0.279354974909383 0.024967148488830505 0.06310135903835468
0 0.35425721493566065 0.34479342131952867 0.021024967148488827 0.03973048532044547
0 0.3095791597451219 0.24546720801841476 0.01051248357424444 0.023370873717909153
0 0.27935576946916924 0.292208955454233 0.01314060446780547 0.03739339794865462
0 0.27738467879899836 0.29805167388371034 0.011826544021024982 0.02103378634611821
0 0.2944674646071455 0.38335536295407874 0.0170827858081472 0.03739339794865462
0 0.15846220836535843 0.17652313055058277 0.021024967148488827 0.04440466006402741
0 0.1499208154612848 0.04214060667260518 0.017082785808147174 0.04206757269223632
0 0.11181306250464883 0.03746643192902338 0.022339027595269394 0.05609009692298208
