0 0.14860675501450427 0.3856924503258697 0.06438896189224706 0.09348349487163661
0 0.08815997446259888 0.3588159455502742 0.08015768725361368 0.06777553378193642
0 0.14729269456772373 0.22443342167229652 0.056504599211563734 0.051415922179400095
0 0.19854105199216524 0.059668761961037084 0.019710906701708285 0.03973048532044542
0 0.4751507760394715 0.18353439266595553 0.02102496714848888 0.025707961089700047
0 0.4613531413482757 0.14263536365961452 0.02233902759526937 0.03271922320507283
0 0.533626465921206 0.20690526638386464 0.009198423127463792 0.011685436858954576
0 0.5185147707832297 0.2150850721851329 0.013140604467805524 0.023370873717909055
0 0.5349405263679866 0.24313012064662382 0.014454664914586066 0.014022524230745473
0 0.5625357957503783 0.28052351859527846 0.009198423127463898 0.028045048461490946
0 0.5901310651327698 0.2653324506786376 0.009198423127463898 0.002337087371790896
0 0.6157552438449906 0.28402914965296483 0.01839684625492769 0.021033786346118258
0 0.6098419718344781 0.30623147968497855 0.011826544021024982 0.023370873717909153
