0 0.9087907234770537 0.4908613820564608 0.015768725361366715 0.018696698974327266
0 0.8483439429251483 0.4967041004859381 0.026281208935611047 0.03038213583328184
0 0.8076080690749512 0.5224120615756381 0.013140604467805524 0.03038213583328184
0 0.7576737720972903 0.5411087605499655 0.023653088042049963 0.025707961089700047
0 0.740590986289143 0.5095580810307883 0.01839684625492769 0.009348349487163489
0 0.7386198956189722 0.5551312847807108 0.01708278580814715 0.025707961089700047
0 0.7267933515979472 0.5118951684025791 0.009198423127463898 0.014022524230745282
0 0.7011691728857263 0.5025468189154154 0.015768725361366608 0.009348349487163584
0 0.7051113542260681 0.5376031294922792 0.018396846254927796 0.032719223205072735
0 0.697884021768775 0.5516256537230246 0.01708278580814715 0.03739339794865472
0 0.690656689311482 0.5457829352935473 0.01051248357424444 0.03038213583328184
0 0.6847434173009695 0.5235806052615336 0.01971090670170823 0.023370873717909153
0 0.6781731150670668 0.5364345858063836 0.019710906701708338 0.03505631057686382
