0 0.18145826618401806 0.07018565513409622 0.02233902759526937 0.03271922320507293
0 0.40944775370044384 0.11459031519812345 0.03942181340341657 0.042067572692236536
0 0.45938205067810484 0.13211847048655534 0.013140604467805524 0.0350563105768638
0 0.4258735092852008 0.20807381006976014 0.02233902759526937 0.032719223205072735
0 0.40616260258349246 0.2337817711594602 0.02759526938239159 0.032719223205072735
0 0.4442703555401285 0.2770178875375921 0.006570302233902762 0.011685436858954576
0 0.46660938313539785 0.3249281786593059 0.014454664914586066 0.032719223205072784
0 0.6532059665782363 0.3307708970887831 0.011826544021024874 0.03038213583328189
0 0.56713500731411 0.03629788824312784 0.042049934296977544 0.05375300955119099
0 0.7997237063942677 0.05733167458924619 0.042049934296977655 0.05842718429477298
0 0.7162808680237027 0.16951186843521004 0.03285151116951386 0.04440466006402741
0 0.873968121637369 0.22209633430050563 0.0433639947437582 0.042067572692236516
0 0.9304727208489327 0.21157944112744653 0.04073587385019722 0.0350563105768637
0 0.9160180559343467 0.2910404117683376 0.01971090670170823 0.05375300955119099
0 0.8890798167753455 0.3447934213195286 0.02628120893561094 0.049078834807609203
0 0.8536001847122704 0.35881594555027413 0.042049934296977655 0.05375300955119109
0 0.9291586604021522 0.39153516875534694 0.01971090670170823 0.04440466006402741
0 0.5664779770907199 0.6018730322165293 0.06176084099868599 0.03973048532044562
0 0.5375686472615476 0.542277304235861 0.07490144546649141 0.07011262115372756
0 0.5257421032405226 0.4967041004859381 0.024967148488830398 0.04440466006402722
0 0.47646483648625204 0.49202992574235627 0.026281208935611047 0.04440466006402731
0 0.4567539297845437 0.49787264417183363 0.03416557161629435 0.046741747435818305
0 0.431129751072323 0.4955355568000427 0.024967148488830505 0.05609009692298198
0 0.40090636079637026 0.5901875953575746 0.04599211563731933 0.04440466006402741
