0 0.12495366697245433 0.29805167388371034 0.05913272010512484 0.08179805801268203
0 0.6282388180894058 0.430097110389897 0.02233902759526942 0.04674174743581821
0 0.7931534041603651 0.5504571100371293 0.026281208935611047 0.05375300955119109
0 0.8450587918081969 0.570322352697352 0.014454664914586066 0.04206757269223632
0 0.8384884895742941 0.5901875953575748 0.04073587385019711 0.05375300955119109
0 0.847686912701758 0.5317604110628019 0.01971090670170823 0.053753009551190806
0 0.8792243634244913 0.5831763332422021 0.030223390275952673 0.06777553378193656
0 0.8963071492326384 0.5995359448447384 0.030223390275952673 0.05842718429477278
0 0.8963071492326384 0.6369293427933931 0.014454664914586066 0.08179805801268193
0 0.9015633910197606 0.6112213817036928 0.024967148488830398 0.03973048532044552
