0 0.23336365383184987 0.04564623773029161 0.03153745072273324 0.05375300955119099
0 0.1755449941735056 0.0795340046212598 0.02890932982917213 0.042067572692236516
0 0.22022304936404435 0.1893771110954328 0.028909329829172156 0.046741747435818305
0 0.8444017615848066 0.13328701417245084 0.01839684625492769 0.06076427166656379
0 0.8844806052116134 0.3038943923131876 0.02759526938239159 0.032719223205072735
0 0.9061626025834925 0.3272652660310968 0.013140604467805524 0.03739339794865458
0 0.9363859928594452 0.3097371107426649 0.02102496714848888 0.06310135903835468
0 0.9698945342523493 0.4324341977616879 0.04599211563731928 0.03739339794865462
0 0.9863202898371063 0.4756703141398199 0.018396846254927584 0.044404660064027504
0 0.9863202898371061 0.5516256537230246 0.02890932982917213 0.05141592217940019
