0 0.350315033595319 0.445288178306538 0.023653088042049963 0.04440466006402741
0 0.34243067091463575 0.46398487728086535 0.015768725361366608 0.03505631057686373
0 0.3332322477871718 0.3880295376976606 0.01576872536136666 0.03739339794865472
0 0.3345463082339524 0.41958021721683797 0.015768725361366608 0.025707961089700047
0 0.3444017615848065 0.3658272076656469 0.003942181340341625 0.021033786346118258
0 0.3457158220315871 0.3903666250694515 0.003942181340341679 0.009348349487163633
0 0.37725327275432036 0.41256895510146513 0.011826544021024982 0.03505631057686368
0 0.36017048694617315 0.43360274144758343 0.02233902759526937 0.05375300955119099
0 0.4232453883916397 0.41607458615915155 0.01445466491458612 0.04206757269223647
0 0.45346877866759233 0.4803444888834017 0.024967148488830453 0.05375300955119109
0 0.39565011900924807 0.46749050833855166 0.02759526938239159 0.04674174743581821
0 0.5257421032405227 0.4254229356463152 0.01971090670170823 0.03739339794865462
0 0.4725226551459103 0.3845239066399742 0.02365308804204991 0.030382135833281938
