0 0.4692375040289589 0.41724312984504697 0.030223390275952673 0.04440466006402736
0 0.4166750861577369 0.41841167353094244 0.024967148488830505 0.05141592217940019
0 0.3069510388515608 0.4137374987873606 0.028909329829172183 0.023370873717909153
0 0.2412480165125332 0.39737788718482425 0.03679369250985549 0.051415922179400095
0 0.22153710981082492 0.43243419776168796 0.07621550591327206 0.046741747435818305
0 0.19131371953487222 0.3728384697810196 0.031537450722733264 0.04440466006402736
0 0.22022304936404438 0.37517555715281053 0.01839684625492769 0.03505631057686373
0 0.17620202439689586 0.4149060424732561 0.024967148488830478 0.04440466006402741
0 0.17291687327994448 0.3927037124412424 0.018396846254927716 0.018696698974327266
0 0.1696317221629931 0.3786811882104969 0.017082785808147174 0.028045048461490946
0 0.19328481020504304 0.3705013824092287 0.019710906701708285 0.04440466006402731
0 0.12298257630228351 0.37517555715281053 0.03153745072273324 0.03973048532044557
0 0.1676606314928223 0.445288178306538 0.023653088042049936 0.016359611602536368
0 0.18802856841792084 0.5013782752295198 0.03810775295663603 0.035056310576863633
0 0.16240438970570006 0.5364345858063836 0.018396846254927716 0.03505631057686382
0 0.128895848312796 0.5048839062872063 0.022339027595269394 0.07478679589730916
0 0.11247009272803908 0.44645672199243347 0.034165571616294334 0.07946097064089104
0 0.10589979049413634 0.3973778871848242 0.03416557161629436 0.04206757269223642
0 0.06976312820767115 0.40789478035788335 0.038107752956636015 0.06310135903835468
0 0.09144512557955026 0.4593107025372835 0.03416557161629435 0.04440466006402741
0 0.11312712295142936 0.5130637120884746 0.024967148488830478 0.07244970852551835
0 0.017857740559839342 0.35531031449258776 0.026281208935611044 0.03271922320507283
0 0.13480912032330847 0.41841167353094244 0.026281208935611047 0.00934834948716368
