0 0.7425620769593139 0.0993992472814825 0.011826544021024982 0.021033786346118258
0 0.7103675960131903 0.052657499845664396 0.01839684625492769 0.025707961089700047
0 0.7412480165125332 0.08303963567894625 0.011826544021024982 0.01635961160253645
0 0.7530745605335583 0.07836546093536426 0.014454664914586066 0.03038213583328184
0 0.7570167418738999 0.046814781416187064 0.009198423127463898 0.028045048461491136
0 0.7655581347779735 0.03746643192902328 0.013140604467805524 0.01869669897432717
0 0.7727854672352665 0.016432645582905126 0.02233902759526942 0.028045048461490946
0 0.7530745605335583 0.03512934455723239 0.009198423127463898 0.046741747435818305
0 0.7346777142786305 0.024612451384173263 0.014454664914586066 0.025707961089700047
0 0.7465042582996555 0.01409555821111423 0.017082785808147257 0.028045048461490946
