0 0.285926071703072 0.6848396339151067 0.076215505913272 0.037393397948654435
0 0.2819838903627303 0.6661429349407795 0.04730617608409987 0.023370873717909153
0 0.23270662360845962 0.6743227407420477 0.0512483574244415 0.03973048532044562
0 0.24059098628914294 0.6497833233382431 0.05124835742444155 0.037393397948654816
0 0.235991774725411 0.6556260417677203 0.05519053876478318 0.025707961089700047
0 0.2333636538318499 0.6427720612228702 0.04467805519053874 0.023370873717909246
0 0.20248323333250692 0.6299180806780202 0.05650459921156375 0.025707961089700047
0 0.22547929115116658 0.6147270127613793 0.060446780551905395 0.05141592217940029
0 0.2379628653955818 0.5843448769280974 0.051248357424441525 0.06543844641014566
0 0.2708143765650956 0.6053786632742156 0.0433639947437582 0.046741747435818305
0 0.2826409205861206 0.5855134206139928 0.04599211563731928 0.03505631057686382
0 0.2701573463417053 0.5609740032101883 0.05781865965834426 0.051415922179400095
0 0.3949930887858578 0.5656481779537701 0.060446780551905395 0.051415922179400095
