0 0.5375686472615477 0.7245701192355523 0.03810775295663603 0.06543844641014547
0 0.5960443371432823 0.6474462359664522 0.05781865965834426 0.042067572692236516
0 0.6341520900999182 0.567985265325561 0.04993429697766091 0.03739339794865453
0 0.49880386408152144 0.580839245870411 0.026281208935611047 0.03973048532044562
0 0.42850163017876186 0.5668167216396655 0.04599211563731933 0.049078834807609203
0 0.4252164790618105 0.6182326438190656 0.03942181340341657 0.05375300955119109
0 0.3457158220315871 0.5539627410948156 0.038107752956635974 0.0467417474358184
0 0.4048485421367119 0.6030415759024248 0.0433639947437582 0.051415922179400005
0 0.4055055723601022 0.5843448769280974 0.03416557161629435 0.04206757269223642
0 0.41601805593434665 0.14263536365961446 0.013140604467805524 0.01402252423074552
0 0.42718756973198135 0.1496466257749873 0.009198423127463846 0.032719223205072645
0 0.4442703555401285 0.1379611889160326 0.003942181340341625 0.004674174743581769
0 0.4304727208489327 0.18002876160826914 0.013140604467805524 0.018696698974327266
0 0.4015633910197605 0.1800287616082692 0.01051248357424444 0.023370873717909153
0 0.49486168274117975 0.1952198295249101 0.002628120893561083 0.007011262115372689
0 0.481064048049984 0.22326487798640104 0.01445466491458612 0.021033786346118258
0 0.47252265514591035 0.18937711109543282 0.007884362680683304 0.009348349487163704
0 0.5093163476557659 0.2676695380504285 0.005256241787122166 0.021033786346118258
0 0.5106304081025465 0.24546720801841476 0.0026281208935611906 0.023370873717909153
0 0.5303413148042546 0.2688380817363239 0.0 0.01869669897432736
0 0.5329694356978157 0.2688380817363239 0.0 0.009348349487163584
0 0.5395397379317185 0.3015573049413967 0.007884362680683358 0.028045048461490897
0 0.5401967681551088 0.26533245067863753 0.003942181340341732 0.011685436858954576
0 0.538225677484938 0.23728740221714653 0.0026281208935611906 0.021033786346118258
0 0.576333430441574 0.26883808173632395 0.013140604467805524 0.05609009692298189
0 0.5730482793246225 0.28286060596706936 0.009198423127463792 0.023370873717909153
0 0.5901310651327697 0.22677050904408744 0.003942181340341732 0.03271922320507283
0 0.6013005789304046 0.2033996353261783 0.01051248357424444 0.02804504846149104
0 0.5796185815585254 0.17184895580700096 0.017082785808146934 0.025707961089700047
0 0.5993294882602336 0.1648376936916282 0.003942181340341625 0.03505631057686373
0 0.721537109810825 0.3132427418003513 0.014454664914586066 0.03739339794865462
0 0.6131271229514295 0.29805167388371034 0.00788436268068325 0.02103378634611821
0 0.578961551335135 0.3447934213195286 0.013140604467805524 0.021033786346118258
0 0.6045857300473558 0.35531031449258776 0.006570302233902816 0.014022524230745473
0 0.68605747774775 0.40789478035788335 0.01971090670170823 0.030382135833281938
0 0.7438761374060944 0.4032206056143015 0.024967148488830505 0.030382135833281792
