0 0.16174735948230978 0.4055576929860924 0.0433639947437582 0.05375300955119114
0 0.9666093831353979 0.42542293564631517 0.010512483574244332 0.023370873717909153
0 0.9567539297845438 0.5013782752295198 0.01708278580814715 0.035056310576863633
0 0.9587250204547146 0.4686590520244472 0.013140604467805524 0.025707961089700047
0 0.9107618141472245 0.3927037124412424 0.019710906701708338 0.03271922320507283
0 0.8765962425309302 0.40789478035788335 0.011826544021024982 0.030382135833281938
0 0.8614845473929538 0.37400701346691506 0.01839684625492769 0.03739339794865462
0 0.8299470966702206 0.33310798446057405 0.01051248357424444 0.025707961089700047
0 0.8200916433193665 0.3588159455502742 0.01971090670170823 0.025707961089700145
0 0.7984096459474873 0.36699575135154233 0.005256241787122166 0.03271922320507283
0 0.7911823134901943 0.3821868192681833 0.014454664914586066 0.03505631057686373
0 0.7754135881288275 0.38569245032586963 0.019710906701708338 0.03271922320507283
0 0.7675292254481443 0.3821868192681833 0.02759526938239159 0.03505631057686373
0 0.7563597116505096 0.35063613974900587 0.01051248357424444 0.03739339794865462
0 0.7228511702576056 0.38101827558228785 0.006570302233902708 0.03739339794865462
0 0.6578051781419681 0.37400701346691506 0.02890932982917213 0.03739339794865462
0 0.6466356643443335 0.4336027414475834 0.014454664914586066 0.03505631057686373
0 0.6223255460788932 0.41140041141556966 0.013140604467805524 0.03739339794865462
0 0.6124700927280391 0.36465866397975144 0.019710906701708338 0.03739339794865472
0 0.5829037326754767 0.3880295376976606 0.013140604467805524 0.009348349487163584
0 0.5809326420053059 0.4254229356463152 0.009198423127463898 0.03739339794865462
0 0.5612217353035976 0.3132427418003513 0.019710906701708445 0.03739339794865462
0 0.54282488904867 0.3319394407746786 0.02233902759526942 0.028045048461490946
0 0.5244280427937422 0.4265914793322107 0.03810775295663603 0.03505631057686373
0 0.4909195014008381 0.34479342131952867 0.02102496714848888 0.03505631057686373
0 0.47974998760320336 0.2945460428260239 0.017082785808147257 0.046741747435818305
0 0.4403281741997868 0.37050138240922875 0.0170827858081472 0.030382135833281938
0 0.45412580889098264 0.4254229356463152 0.028909329829172183 0.03739339794865462
0 0.4219313279448591 0.44295109093474705 0.05913272010512485 0.03505631057686373
0 0.38842278655195506 0.40088351824251056 0.018396846254927744 0.044404660064027456
0 0.3404595802444649 0.44645672199243347 0.043363994743758245 0.05609009692298208
0 0.34440176158480656 0.4032206056143015 0.04599211563731933 0.05375300955119099
0 0.32731897577665936 0.3751755571528106 0.014454664914586066 0.025707961089700096
0 0.3174635224258052 0.348299052377215 0.02890932982917213 0.05609009692298198
0 0.29183934371358444 0.39620934349892883 0.038107752956635974 0.021033786346118258
0 0.3023518272878289 0.4382769161911652 0.04599211563731928 0.025707961089700047
0 0.24847534896982626 0.3973778871848242 0.022339027595269394 0.04206757269223642
0 0.2497894094166068 0.3272652660310968 0.019710906701708313 0.03739339794865458
0 0.2517605000867776 0.294546042826024 0.013140604467805524 0.014022524230745473
