0 0.9732980011566544 0.042518182090908324 0.026819923371647507 0.02952848706146556
0 0.9873465324465651 0.08681091268310658 0.008939974457215836 0.049971285796326266
0 0.9675508747198729 0.07204666915237379 0.01532567049808432 0.015899954571558364
0 0.9771294187811754 0.12428937703035131 0.037037037037037014 0.05224270787797762
0 0.9713822923443938 0.18788919531658482 0.012771392081736969 0.038614175388070326
0 0.9126338887684041 0.026618227519349866 0.02554278416347383 0.038614175388070424
0 0.9043324839152751 0.32985307541978454 0.026819923371647507 0.04997128579632622
0 0.858994042025109 0.1401893316019097 0.028097062579821183 0.05224270787797762
0 0.8526083459842406 0.17653208490832883 0.01532567049808432 0.038614175388070236
0 0.8238727138003326 0.1992463057248408 0.019157088122605453 0.02952848706146556
0 0.7938599424082509 0.24694616943951592 0.01532567049808432 0.04769986371467509
0 0.7900285247837298 0.2730675233785046 0.017879948914431777 0.03634275330641916
0 0.7695942974529507 0.1629035524184217 0.02043422733077913 0.038614175388070326
0 0.7344729692281742 0.19016061739823603 0.0038314176245211337 0.015899954571558364
0 0.7440515132894768 0.14473217576521208 0.03320561941251588 0.03407133122476799
0 0.7325572604159135 0.09021804580558332 0.02043422733077902 0.07495692869448949
0 0.7268101339791321 0.10838942245879285 0.016602809706257996 0.04769986371467509
0 0.6942430841707029 0.14359646472438642 0.022988505747126374 0.05451412995962879
0 0.6846645401094003 0.0993037341321881 0.019157088122605345 0.056785552041279955
0 0.6891345273380082 0.07091095811154821 0.028097062579821183 0.059056974122930934
0 0.7165930203137425 0.022075383356047532 0.024265644955300154 0.05224270787797743
0 0.6073976180148919 0.015261117111093932 0.017879948914431672 0.024985642898163227
0 0.594626225933155 0.035703915845954635 0.028097062579821183 0.038614175388070236
0 0.6367718198028868 0.07431809123402497 0.01021711366538951 0.06587124036788444
