0 0.383898256584496 0.0175325391927451 0.020434227330779077 0.024985642898163227
0 0.3564397636087617 0.056146714580815424 0.014048531289910592 0.02952848706146537
0 0.3500540675678932 0.01526111711109393 0.011494252873563187 0.034071331224767895
0 0.3430298019229379 0.014125406070268349 0.007662835249042106 0.027257064979814394
0 0.2612928925998217 0.028889649601001034 0.020434227330779077 0.04315701955137276
0 0.24532865249765057 0.07658951331567612 0.00383141762452108 0.01135711040825603
0 0.23702724764452157 0.05501100353998984 0.010217113665389538 0.027257064979814203
0 0.22042443793826355 0.05614671458081534 0.017879948914431672 0.038614175388070236
0 0.23128012120773994 0.02207538335604753 0.019157088122605373 0.04769986371467509
0 0.1361332501988 0.009582561906965917 0.033205619412515965 0.027257064979814203
0 0.102927630786284 0.02093967231522185 0.025542784163473817 0.03634275330641906
