0 0.36410259885780377 0.49339546529867045 0.01149425287356324 0.01817137665320953
0 0.3545240547965011 0.5195168192376594 0.028097062579821183 0.0204427987348607
0 0.30407705607364033 0.47749551072711216 0.024265644955300102 0.018171376653209437
0 0.33919838429841687 0.5138382640335313 0.017879948914431672 0.01817137665320953
0 0.3002456384491192 0.4933954652986705 0.0191570881226054 0.013628532489907197
0 0.27917284151425337 0.5002097315436241 0.017879948914431672 0.013628532489907197
0 0.3430298019229379 0.47635979968628656 0.02554278416347378 0.01589995457155827
0 0.35516262440058793 0.4491027347064723 0.019157088122605345 0.024985642898163133
0 0.321957004988072 0.4650026892780306 0.02171136653895275 0.020442798734860795
0 0.3015227776572929 0.4286599359716115 0.019157088122605345 0.015899954571558364
0 0.2868356767632955 0.4207099586858323 0.02043422733077902 0.0272570649798143
0 0.27981141111834024 0.44683131262482106 0.03448275862068961 0.02952848706146556
0 0.2549071965589532 0.4491027347064723 0.02043422733077897 0.038614175388070326
0 0.27023286705703753 0.4411527574206931 0.022988505747126426 0.040885597469721494
0 0.23511153883226102 0.4263885138899603 0.008939974457215836 0.029528487061465467
0 0.22936441239547942 0.4445598905431698 0.01277139208173689 0.020442798734860795
0 0.23128012120773997 0.4718169555229842 0.01660280970625797 0.024985642898163036
0 0.2134001722933083 0.44228846846151865 0.02426564495530013 0.020442798734860795
0 0.20765304585652664 0.4297956470124371 0.010217113665389538 0.013628532489907197
0 0.19935164100339767 0.4479670236656466 0.01149425287356324 0.03179990914311673
0 0.17636313525627126 0.4706812444821586 0.008939974457215836 0.045428441633023925
0 0.17891741367261862 0.4275242249307859 0.011494252873563187 0.022714220816511962
0 0.17827884406853178 0.3957243157876692 0.025542784163473803 0.03179990914311673
0 0.16231460396636066 0.3843672053794132 0.01660280970625797 0.022714220816511962
