0 0.9943707980915203 0.23218192590878312 0.01532567049808432 0.03179990914311673
0 0.9726594315525675 0.21514626029639913 0.03320561941251599 0.024985642898163133
0 0.9554180522422226 0.2526247246436439 0.03959131545338448 0.03634275330641916
0 0.9311524072869226 0.2866960558684118 0.037037037037037125 0.03179990914311673
0 0.9560566218463096 0.2957817441950166 0.012771392081736862 0.009085688326604814
0 0.9094410407479698 0.21060341613309674 0.021711366538952698 0.034071331224767895
0 0.9790451275934361 0.14473217576521208 0.017879948914431672 0.061328396204582386
0 0.9483937865972674 0.14132504264273532 0.028097062579821183 0.031799909143116825
0 0.9017782054989277 0.15722499721429362 0.021711366538952698 0.05905697412293112
0 0.8953925094580593 0.1424607536835609 0.019157088122605453 0.04315701955137267
0 0.9522252042217885 0.11633939974457204 0.02809706257982129 0.027257064979814394
0 0.8647411684618906 0.1481393088876888 0.011494252873563293 0.031799909143116825
0 0.8506926371719801 0.1356464874386073 0.019157088122605453 0.011357110408256125
0 0.8366441058820694 0.12088224390787447 0.026819923371647507 0.02271422081651187
0 0.8302584098412009 0.13564648743860716 0.011494252873563187 0.006814266244953503
0 0.8494154979638064 0.1583607082551193 0.0063856960408684845 0.015899954571558364
0 0.8526083459842405 0.19016061739823603 0.005108556832694809 0.02952848706146556
0 0.8328126882575484 0.16971781866337526 0.014048531289910538 0.0204427987348607
