0 0.31812558736355095 0.09589660100971134 0.011494252873563187 0.027257064979814394
0 0.30663133448998775 0.07772522435650181 0.006385696040868431 0.009085688326604672
0 0.2951370816164245 0.09589660100971134 0.014048531289910592 0.018171376653209722
0 0.2989684992409456 0.07658951331567623 0.006385696040868431 0.024985642898163227
0 0.26193146220390856 0.07772522435650181 0.014048531289910592 0.03179990914311673
0 0.2702328670570376 0.0584181366624666 0.012771392081736915 0.02952848706146575
0 0.2893899551796429 0.016396828151919517 0.007662835249042106 0.027257064979814394
0 0.28044998072242705 0.02888964960100113 0.010217113665389565 0.038614175388070236
0 0.26384717101616906 0.03343249376430356 0.01021711366538951 0.015899954571558364
0 0.23830438685269528 0.04706102625421066 0.030651340996168612 0.02952848706146556
0 0.2676785886406902 0.011853983988617084 0.00766283524904216 0.01817137665320953
0 0.9860693932383914 0.4752240886454609 0.03448275862068977 0.08177119493944299
0 0.8768739909395407 0.4491027347064723 0.04597701149425285 0.04769986371467519
0 0.9547794826381358 0.7375733390761742 0.03320561941251599 0.024985642898163133
0 0.9535023434299621 0.7625589819743372 0.02043422733077902 0.038614175388070236
0 0.9407309513482253 0.684194920157371 0.017879948914431672 0.02271422081651206
0 0.9024167751030145 0.6342236343610447 0.01532567049808432 0.02271422081651187
0 0.9183810152051856 0.6694306766266381 0.014048531289910645 0.015899954571558364
0 0.9247667112460541 0.6898734753614989 0.021711366538952698 0.056785552041279955
0 0.9017782054989276 0.6830592091165454 0.037037037037037014 0.04769986371467509
0 0.8870911046049302 0.7262162286679181 0.015325670498084212 0.038614175388070424
0 0.891561091833538 0.6876020532798478 0.014048531289910645 0.020442798734860892
0 0.8890068134171907 0.6364950564426959 0.011494252873563187 0.027257064979814394
0 0.8985853574784934 0.5683523939931601 0.022988505747126374 0.05451412995962869
0 0.9151881671847513 0.5547238615032529 0.025542784163473723 0.03634275330641916
0 0.863464029253717 0.5751666602381136 0.016602809706257996 0.040885597469721494
0 0.8628254596496301 0.5865237706463695 0.012771392081736969 0.04542844163302402
0 0.8289812706330273 0.5808452154422417 0.006385696040868377 0.024985642898163133
0 0.8245112834044194 0.6046951472995791 0.005108556832694809 0.01817137665320953
0 0.797052790428685 0.6296807901977424 0.03959131545338448 0.0545141299596286
0 0.834728397069809 0.6455807447693006 0.01532567049808432 0.03179990914311673
0 0.8449455107351984 0.6376307674835215 0.00766283524904216 0.011357110408255839
0 0.8909225222294512 0.6081022804220559 0.012771392081736969 0.038614175388070236
0 0.8430298019229379 0.5365524848500431 0.037037037037037014 0.01817137665320953
0 0.825788422612593 0.5365524848500431 0.02298850574712648 0.04088559746972159
0 0.8168484481553772 0.56835239399316 0.02298850574712648 0.022714220816511962
0 0.800884208053206 0.5513167283807759 0.026819923371647507 0.03407133122476809
0 0.8059927648859009 0.5002097315436241 0.044699872286079176 0.049971285796326356
0 0.7893899551796429 0.5445024621358224 0.0063856960408684845 0.0068142662449535985
0 0.7734257150774717 0.5388239069316945 0.012771392081736969 0.013628532489907197
0 0.7491600701221716 0.5308739296459152 0.02043422733077902 0.024985642898163227
0 0.7638471710161692 0.4809026438495889 0.03448275862068967 0.038614175388070236
0 0.7906670943878166 0.47976693280876337 0.037037037037037014 0.03179990914311673
0 0.7536300573507796 0.40935284827757634 0.031928480204342205 0.045428441633023925
0 0.7242558555627846 0.4911240432170193 0.019157088122605345 0.02271422081651187
0 0.7095687546687872 0.45364557886977463 0.028097062579821183 0.038614175388070424
0 0.7210630075423504 0.43433849117573947 0.03320561941251599 0.05905697412293103
0 0.7063759066483529 0.39686002682849475 0.029374201787994856 0.056785552041279864
0 0.6757245656521843 0.43206706909408826 0.026819923371647507 0.045428441633023925
0 0.6552903383214054 0.382095783297762 0.026819923371647507 0.03179990914311673
0 0.6808331224848791 0.33212449750143574 0.019157088122605453 0.03179990914311673
0 0.6386875286151473 0.3082745656440981 0.031928480204342316 0.04315701955137267
0 0.6220847189088894 0.3116816987665749 0.03448275862068967 0.0545141299596286
