0 0.7951370816164245 0.21741768237805031 0.07662835249042149 0.09767114951100131
0 0.32387271380033256 0.1401893316019097 0.022988505747126426 0.05224270787797762
0 0.28108855032651386 0.15381786409181686 0.014048531289910592 0.04769986371467519
0 0.3059927648859009 0.201517727806492 0.038314176245210746 0.08404261702109415
0 0.268317158244777 0.21401054925557353 0.024265644955300154 0.0272570649798143
0 0.2708714366611244 0.26171041297024866 0.0191570881226054 0.03179990914311673
0 0.25171434853851904 0.277610367541807 0.03448275862068967 0.045428441633023973
0 0.22489442516687147 0.25830327984777185 0.026819923371647507 0.034071331224767895
0 0.2025444890238319 0.27533894546015586 0.015325670498084294 0.022714220816511962
0 0.25746147497530064 0.08226806851980414 0.02554278416347378 0.06359981828623346
0 0.15976032555001327 0.195839172602364 0.01660280970625797 0.06814266244953589
0 0.1718931480276633 0.12769651015282812 0.030651340996168588 0.02725706497981449
0 0.1718931480276633 0.09362517892806017 0.015325670498084294 0.03179990914311673
0 0.07291485939420227 0.016396828151919514 0.03192848020434227 0.03634275330641906
