0 0.8232341441962456 0.5706238160748112 0.1302681992337165 0.1680852340421886
0 0.4598880394708306 0.8443301769137802 0.1468710089399745 0.1022139936743037
0 0.4190195848092725 0.42638851388996035 0.04980842911877393 0.12492821449081576
0 0.21340017229330827 0.2412676142353879 0.05236270753512131 0.05905697412293112
0 0.12591613653341044 0.21173912717392238 0.07407407407407408 0.03634275330641916
0 0.14315751584375527 0.16971781866337526 0.06768837803320561 0.04769986371467509
0 0.19615879298296343 0.14132504264273532 0.028097062579821207 0.040885597469721494
0 0.2197858683341767 0.2003820167656664 0.02171136653895275 0.02271422081651187
0 0.16870030000722908 0.12769651015282812 0.03448275862068964 0.03634275330641916
0 0.17764027446444494 0.08567520164228098 0.0421455938697318 0.038614175388070424
0 0.1591217559459264 0.06750382498907147 0.015325670498084266 0.0204427987348607
0 0.21595445070965566 0.01298969502944267 0.014048531289910618 0.015899954571558364
0 0.01863644304682041 0.1606321303367704 0.028097062579821207 0.05224270787797762
0 0.10420476999445771 0.057282425621641014 0.045977011494252894 0.045428441633023925
0 0.1265547061374973 0.02775393856017545 0.06513409961685825 0.03179990914311654
0 0.13485611099062628 0.04365389313173382 0.045977011494252866 0.01817137665320953
0 0.6118676052434999 0.800037446321582 0.03959131545338437 0.17262807820549084
