0 0.6789174136726186 0.020939672315221945 0.03320561941251599 0.04088559746972159
0 0.6022890611821972 0.04138247105008264 0.02554278416347383 0.07722835077614065
0 0.5550349104797706 0.10271086725466484 0.03320561941251588 0.03179990914311673
0 0.5441792272102943 0.16858210762254966 0.024265644955300154 0.02271422081651187
0 0.5556734800838574 0.23218192590878312 0.011494252873563187 0.03179990914311673
0 0.5282149871081231 0.300324588358319 0.017879948914431672 0.03634275330641921
0 0.5033107725487361 0.29351032211336536 0.029374201787994856 0.05451412995962874
0 0.5045879117569099 0.22196052654135273 0.019157088122605345 0.020442798734860795
0 0.5141664558182125 0.13791790952025845 0.03831417624521069 0.05224270787797752
0 0.5218292910672547 0.1129322666220953 0.01532567049808432 0.034071331224767895
0 0.5301306959203836 0.05387529249916426 0.021711366538952805 0.04769986371467509
0 0.5109736077977783 0.04478960417255949 0.03448275862068956 0.06587124036788462
0 0.5026722029446493 0.02888964960100113 0.028097062579821183 0.038614175388070236
0 0.5243835694836021 0.00731113982531475 0.017879948914431672 0.02271422081651187
0 0.48606939323839127 0.023211094396873116 0.028097062579821235 0.036342753306419256
0 0.4994793549242151 0.0652324029074201 0.014048531289910645 0.0204427987348607
0 0.4994793549242151 0.14359646472438645 0.014048531289910645 0.018171376653209722
0 0.4713822923443939 0.17198924074502647 0.024265644955300102 0.029528487061465467
0 0.4720208619484807 0.2458104583986903 0.02809706257982129 0.045428441633023876
0 0.44647807778500687 0.02207538335604753 0.035759897828863345 0.07041408453118715
0 0.4094410407479698 0.07999664643815288 0.01532567049808432 0.02271422081651187
0 0.37559685173136703 0.12883222119365376 0.02171136653895275 0.015899954571558364
0 0.41327245837249094 0.13564648743860724 0.030651340996168588 0.03407133122476809
0 0.4400923817441384 0.20833199405144556 0.020434227330779077 0.04315701955137276
0 0.04290208800212053 0.04138247105008265 0.03575989782886335 0.049971285796326266
0 0.17061600881948963 0.03683962688678022 0.04853128991060026 0.04542844163302374
0 0.32451128340441937 0.028889649601001034 0.026819923371647507 0.04769986371467509
0 0.38198254777223545 0.00731113982531475 0.044699872286079176 0.013628532489907197
0 0.30854704330224825 0.07658951331567614 0.05874840357598977 0.05224270787797743
0 0.0818548338514181 0.08113235747897857 0.02426564495530013 0.06587124036788462
0 0.026299278295862552 0.14246075368356081 0.020434227330779056 0.10221399367430398
0 0.10931332682715246 0.16971781866337532 0.043422733077905486 0.056785552041279864
0 0.2944985120123377 0.17653208490832883 0.03320561941251594 0.02952848706146556
0 0.35196977638015375 0.2060605719697944 0.022988505747126426 0.06587124036788462
0 0.29258280320007707 0.2412676142353879 0.019157088122605345 0.045428441633023925
0 0.24788293091399793 0.2537604356844695 0.024265644955300154 0.04769986371467509
0 0.189773096942095 0.23558905903125993 0.022988505747126426 0.09312830534769893
0 0.13868752861514735 0.29918887731749333 0.04597701149425288 0.05224270787797752
0 0.2127616026892214 0.30373172148079575 0.012771392081736915 0.034071331224767895
0 0.3660183076700644 0.2946460331541909 0.03320561941251594 0.056785552041279906
0 0.3819825477722355 0.27420323441933026 0.02171136653895275 0.038614175388070424
0 0.396031079062146 0.3468887410321685 0.03959131545338448 0.056785552041279816
0 0.41901958480927254 0.42525280284913475 0.05491698595146874 0.06814266244953589
0 0.31301703053085617 0.33553163062391245 0.014048531289910592 0.04769986371467509
0 0.293221372804164 0.328717364378959 0.03320561941251594 0.07041408453118701
0 0.1872188185257476 0.3366673416647381 0.04342273307790547 0.03634275330641902
0 0.20446019783609243 0.3548387183179476 0.026819923371647507 0.08631403910274542
0 0.2050987674401793 0.3900457605835411 0.035759897828863345 0.07041408453118705
0 0.17380885683992386 0.4354742022165651 0.03192848020434229 0.06587124036788472
0 0.260015753391648 0.4275242249307859 0.017879948914431672 0.045428441633023835
0 0.3225955745921589 0.26398183505189987 0.035759897828863345 0.08177119493944304
