0 0.10931332682715246 0.3809600722569364 0.07407407407407407 0.07495692869448939
0 0.04162494879394685 0.4082171372367508 0.06896551724137932 0.056785552041279864
0 0.6029276307862841 0.41275998140005316 0.04214559386973182 0.06587124036788462
0 0.5518420624593364 0.49680259842114743 0.04214559386973172 0.056785552041279955
0 0.12336185811706306 0.602423725217928 0.033205619412515965 0.07268550661283842
0 0.611229035639413 0.16517497450007287 0.00766283524904216 0.038614175388070326
0 0.6022890611821972 0.2798817896234582 0.02298850574712648 0.04088559746972159
0 0.05248063206342321 0.3514315851954709 0.037037037037037035 0.056785552041279955
0 0.017997873442733563 0.3128174098074006 0.03448275862068966 0.06587124036788458
0 0.03907067037759947 0.4956668873803217 0.03575989782886335 0.04542844163302374
0 0.24149723487312946 0.39913144891014596 0.034482758620689696 0.04315701955137276
0 0.21340017229330827 0.4241170918083091 0.03192848020434226 0.02952848706146556
0 0.28619710715920865 0.1197465328670488 0.019157088122605345 0.024985642898163216
0 0.15784461673775274 0.17653208490832883 0.025542784163473803 0.038614175388070236
0 0.31684844815537727 0.1935677505207128 0.02171136653895275 0.045428441633023925
0 0.33472839706980895 0.294646033154191 0.024265644955300102 0.034071331224767895
0 0.41646530639292506 0.24581045839869026 0.02937420178799491 0.0272570649798143
0 0.30343848646955346 0.22650337070465515 0.0408684546615581 0.05224270787797752
0 0.36601830767006427 0.184482062194108 0.03065134099616864 0.03179990914311673
0 0.260015753391648 0.2537604356844695 0.03320561941251599 0.029528487061465516
0 0.3040770560736404 0.30373172148079575 0.029374201787994856 0.04315701955137276
0 0.260015753391648 0.32758165333813327 0.035759897828863345 0.03179990914311673
0 0.23766581724860839 0.2810175006642838 0.02171136653895275 0.034071331224767895
0 0.19807450179522398 0.18221064011245683 0.03703703703703704 0.022714220816511962
0 0.2153158811055688 0.1969748836431896 0.030651340996168588 0.03407133122476799
0 0.16742316079905542 0.2060605719697944 0.0421455938697318 0.04769986371467509
0 0.20062878021157135 0.22536765966382954 0.03703703703703704 0.03179990914311673
0 0.21020732427287403 0.25830327984777185 0.03831417624521072 0.034071331224767895
0 0.1406032374274079 0.2810175006642838 0.03192848020434226 0.024985642898163227
0 0.1757245656521844 0.3457530299913429 0.028097062579821207 0.022714220816511962
0 0.1520974903009711 0.3582458514404245 0.03448275862068967 0.04315701955137276
0 0.2025444890238319 0.3945886047468436 0.02043422733077905 0.024985642898163133
0 0.1310246933661052 0.31622454292987734 0.03831417624521073 0.022714220816511917
0 0.10612047880671822 0.2844246337867606 0.031928480204342274 0.049971285796326356
0 0.0888790994963734 0.23558905903125987 0.033205619412515965 0.04769986371467509
0 0.0818548338514181 0.6876020532798478 0.05747126436781609 0.09767114951100135
