0 0.4515866346177016 0.7818660696683724 0.06385696040868452 0.07268550661283812
0 0.29066709438781657 0.7636946930151627 0.09450830140485311 0.17262807820549084
0 0.5563120496879443 0.38663862746106437 0.10472541507024256 0.09539972742935018
0 0.3545240547965012 0.534281062768392 0.030651340996168588 0.11811394824586216
0 0.4509480650136148 0.28669605586841185 0.05491698595146869 0.0908568832660479
0 0.2651243102243428 0.26852467921520223 0.07662835249042149 0.10448541575595496
0 0.2612928925998217 0.3457530299913429 0.07662835249042146 0.03634275330641916
0 0.18466454010940023 0.3378030527055637 0.033205619412515965 0.06587124036788458
0 0.10101192197402348 0.2299105038271319 0.08812260536398468 0.08631403910274542
0 0.06525202414516013 0.47863122176793776 0.0855683269476373 0.06587124036788462
