0 0.7293644123954794 0.35370300727712206 0.03959131545338437 0.06132839620458229
0 0.6131447444516737 0.7069091409738829 0.07279693486590025 0.09085688326604795
0 0.7268101339791321 0.22423194862300394 0.05236270753512134 0.056785552041279955
0 0.6635917431745344 0.3025960104399702 0.061302681992337175 0.05905697412293117
0 0.6227232885129762 0.29123890003171427 0.07151979565772669 0.05451412995962874
0 0.5716377201860287 0.31395312084822613 0.04597701149425285 0.045428441633023876
0 0.5416249487939468 0.3752815170528084 0.016602809706257996 0.05905697412293112
0 0.6578446167377527 0.35256729623629646 0.05236270753512134 0.045428441633023925
0 0.710207324272874 0.294646033154191 0.04725415070242653 0.04769986371467514
0 0.5499263536470759 0.4774955107271122 0.05874840357598971 0.06814266244953579
0 0.5192750126509073 0.40708142619592513 0.017879948914431672 0.049971285796326266
0 0.4720208619484807 0.4150314034817043 0.04597701149425296 0.038614175388070236
0 0.3877296742090171 0.34575302999134283 0.06385696040868458 0.03179990914311673
0 0.3481383587556327 0.4411527574206931 0.053639846743295014 0.05451412995962869
0 0.29194423359599025 0.353703007277122 0.07918263090676884 0.04769986371467509
0 0.2095687546687872 0.3571101403995988 0.039591315453384394 0.03634275330641916
0 0.1884959577339213 0.38777433850188997 0.03065134099616856 0.038614175388070326
0 0.22042443793826358 0.4297956470124371 0.061302681992337175 0.05905697412293112
0 0.22681013397913202 0.5161096861151825 0.038314176245210746 0.045428441633023925
0 0.14635036386418948 0.6353593454018703 0.05874840357598978 0.06132839620458229
0 0.1699774392154028 0.6830592091165455 0.06257982120051085 0.06587124036788462
0 0.1578446167377527 0.5138382640335313 0.053639846743295014 0.05451412995962879
0 0.13613325019879996 0.4400170463798674 0.05619412515964239 0.0613283962045822
0 0.10675904841080508 0.4843097769720658 0.06130268199233716 0.04088559746972159
0 0.09079480830863394 0.45591700095142584 0.0421455938697318 0.038614175388070326
0 0.0690834417696812 0.4388813353390419 0.05491698595146871 0.045428441633023925
0 0.04545636641846792 0.47522408864546095 0.061302681992337175 0.049971285796326266
0 0.03587782235716523 0.4843097769720658 0.006385696040868451 -0.013628532489907197
0 0.10739761801489194 0.3275816533381333 0.039591315453384436 0.049971285796326266
