0 0.6259161365334105 0.44569560158399546 0.05236270753512134 0.03179990914311673
0 0.6725317176317501 0.47635979968628656 0.0383141762452108 0.07041408453118705
0 0.08440911226776548 0.6739735207899406 0.0421455938697318 0.038614175388070236
0 0.1476275030723632 0.36960296184868036 0.017879948914431672 0.04769986371467509
0 0.19232737535844235 0.43888133533904183 0.022988505747126426 0.04088559746972159
0 0.2044601978360924 0.39913144891014596 0.02171136653895275 0.02952848706146556
0 0.19041166654618183 0.3525672962362965 0.016602809706257996 0.022714220816511962
0 0.1252775669293236 0.3786886501752852 0.01660280970625801 0.038614175388070326
0 0.15848318634183958 0.5263310854826129 0.026819923371647507 0.04315701955137267
0 0.20126734981565822 0.49225975425784496 0.033205619412515965 0.047699863714675
0 0.10165049157811032 0.5240596634009616 0.017879948914431672 0.015899954571558364
