0 0.7734257150774718 0.23558905903125987 0.4521072796934866 0.4656415267384951
0 0.12591613653341044 0.23218192590878312 0.030651340996168588 0.02271422081651187
0 0.12783184534567096 0.25716756880694625 0.02426564495530013 0.018171376653209486
0 0.13996466782332104 0.2855603448275862 0.01277139208173689 0.020442798734860795
0 0.0888790994963734 0.1992463057248408 0.015325670498084294 0.015899954571558364
0 0.14124180703149475 0.3696029618486804 0.028097062579821183 0.020442798734860795
0 0.1182533012843683 0.34348160790969173 0.017879948914431683 0.02271422081651182
0 0.19041166654618183 0.36619582872620365 0.016602809706257996 0.027257064979814394
0 0.22234014675052408 0.35256729623629646 0.02171136653895275 0.03179990914311673
0 0.2223401467505241 0.32190309813400536 0.00383141762452108 0.011357110408255934
0 0.23447296922817418 0.30827456564409816 0.017879948914431672 0.015899954571558364
0 0.2555457661630401 0.3525672962362965 0.008939974457215836 0.022714220816511962
0 0.25426862695486635 0.38663862746106437 0.021711366538952698 0.0272570649798143
