0 0.4982022157160414 0.5774380823197647 0.09323116219667943 0.15445670155228142
0 0.305354195281814 0.44228846846151865 0.014048531289910592 0.05678555204127977
0 0.305354195281814 0.4036742930734483 0.021711366538952698 0.011357110408255934
0 0.297052790428685 0.4513741567881234 0.028097062579821183 0.03407133122476799
0 0.2529914877466927 0.38891004954271563 0.02171136653895275 0.01817137665320953
0 0.2223401467505241 0.49339546529867045 0.026819923371647507 0.01817137665320953
0 0.2389429564567821 0.5354167738092177 0.016602809706257996 0.05224270787797743
0 0.20893018506470035 0.46500268927803057 0.012771392081736915 0.011357110408255839
0 0.1240004277211499 0.49339546529867045 0.016602809706257996 0.01817137665320953
0 0.14443465505192896 0.5058882867477521 0.011494252873563213 0.0204427987348607
0 0.16742316079905542 0.5331453517275664 0.01149425287356324 0.029528487061465658
0 0.14251894623966843 0.5274667965234385 0.005108556832694782 0.0045428441633022405
0 0.16550745198679487 0.5558595725440785 0.022988505747126426 0.02952848706146556
