0 0.8047156256777271 0.8250230892197451 0.1085568326947637 0.13628532489907177
0 0.38262111737632226 0.21968910445970158 0.06385696040868463 0.056785552041279864
0 0.578023416226897 0.23104621486795748 0.035759897828863345 0.038614175388070326
0 0.4752137099689149 0.30600314356244707 0.04469987228607923 0.05224270787797752
0 0.6214461493048026 0.30259601043997014 0.061302681992337175 0.05451412995962869
0 0.602927630786284 0.3514315851954709 0.04725415070242653 0.03861417538807019
0 0.698074501795224 0.3298530754197845 0.06641123882503187 0.03179990914311673
0 0.7223401467505242 0.3911814716243668 0.053639846743295014 0.05905697412293112
0 0.6540131991132316 0.42865993597161145 0.03448275862068967 0.05224270787797752
0 0.5595048977083786 0.43093135805326266 0.03959131545338437 0.04315701955137276
0 0.5179978734427335 0.4491027347064723 0.03831417624521069 0.038614175388070326
