0 0.0690834417696812 0.6296807901977424 0.12388250319284802 0.595112585392613
0 0.5211907214631678 0.6444450337284751 0.09833971902937425 0.10221399367430388
0 0.6680617304031422 0.37868865017528525 0.024265644955300047 0.024985642898163133
0 0.6718931480276633 0.41616711452252997 0.01660280970625789 0.022714220816511962
0 0.6718931480276633 0.44683131262482106 0.03448275862068956 0.04315701955137276
0 0.6508203510927975 0.43206706909408826 0.03065134099616864 0.045428441633023925
0 0.3047156256777272 0.018668250233570778 0.040868454661558154 0.045428441633023925
0 0.30982418251042193 0.1186108218262232 0.028097062579821183 0.0408855974697214
0 0.31301703053085617 0.17426066282667768 0.014048531289910592 0.02952848706146556
0 0.2772571327019928 0.1515464420101657 0.014048531289910592 0.015899954571558364
0 0.26831715824477703 0.2106034161330968 0.016602809706257996 0.020442798734860795
0 0.27406428468155863 0.2787460785826326 0.030651340996168588 0.020442798734860747
0 0.27981141111834024 0.32303880917483085 0.0191570881226054 0.03179990914311673
0 0.2472443613099111 0.020939672315221945 0.03320561941251599 0.02271422081651187
0 0.2248944251668715 0.056146714580815334 0.01660280970625797 0.024985642898163227
0 0.18211026169305283 0.026618227519349866 0.010217113665389538 0.024985642898163036
0 0.1489046422805369 0.06409669186659461 0.051085568326947633 0.04542844163302374
0 0.18530310971348707 0.19470346156153842 0.03192848020434226 0.024985642898163133
0 0.2389429564567821 0.14700359784686323 0.021711366538952778 0.024985642898163324
0 0.18466454010940023 0.33893876374638926 0.022988505747126426 0.03634275330641916
0 0.15465176871731848 0.29578174419501657 0.024265644955300102 0.027257064979814394
