0 0.2236172859586978 0.21173912717392238 0.029374201787994884 0.05451412995962869
0 0.19041166654618186 0.33893876374638926 0.037037037037037014 0.05905697412293103
0 0.12463899732523676 0.45250986782894903 0.017879948914431697 0.03179990914311673
0 0.1789174136726186 0.44228846846151865 0.02171136653895275 0.038614175388070326
0 0.1872188185257476 0.3900457605835412 0.01277139208173689 0.0204427987348607
0 0.24788293091399793 0.40140287099179717 0.026819923371647507 0.07041408453118705
0 0.2651243102243428 0.42184566972665793 0.02043422733077902 0.034071331224767895
0 0.2727871454733849 0.4956668873803217 0.012771392081736915 0.0408855974697214
0 0.2376658172486084 0.4729526665638098 0.024265644955300154 0.03634275330641916
0 0.2165930203137425 0.47863122176793776 0.030651340996168588 0.047699863714675
0 0.22042443793826358 0.5092954198702289 0.02043422733077905 0.027257064979814394
0 0.22170157714643726 0.5331453517275664 0.020434227330779077 0.029528487061465658
