0 0.10484333959854454 0.7750518034234188 0.15964240102171137 0.2907420264513531
0 0.2497986397262585 0.06182526978494335 0.02554278416347386 0.059056974122930934
0 0.22808727318730573 0.03683962688678022 0.03320561941251602 0.03179990914311673
0 0.20062878021157138 0.050468159376687416 0.02426564495530013 0.018171376653209344
0 0.17891741367261862 0.05955384770329218 0.026819923371647507 0.009085688326604861
0 0.15465176871731848 0.0924894678872345 0.02171136653895275 0.01135711040825603
0 0.20062878021157135 0.18675348427575925 0.014048531289910618 0.0045428441633024305
0 0.1967973625870503 0.2526247246436439 0.02426564495530013 0.040885597469721494
0 0.22170157714643726 0.2287747927863063 0.01021711366538951 0.020442798734860795
0 0.17827884406853178 0.17766779594915444 0.01021711366538951 0.013628532489907197
0 0.18785738812983444 0.15495357513264252 0.011494252873563213 0.009085688326604766
0 0.19488165377478978 0.1424607536835609 0.020434227330779077 0.011357110408255934
0 0.21850872912600303 0.1640392634592473 0.014048531289910618 0.009085688326604766
0 0.12910898455384467 0.2083319940514456 0.014048531289910618 0.024985642898163227
