0 0.4758522795730018 0.6944163195248014 0.32439335887611753 0.2839277602063991
0 0.4713822923443939 0.5445024621358224 0.06257982120051095 0.05678555204128005
0 0.26767858864069016 0.5876594816871953 0.017879948914431672 0.03407133122476799
0 0.2472443613099111 0.6024237252179282 0.02298850574712648 0.031799909143116825
0 0.24341294368539 0.6274093681160912 0.028097062579821207 0.04088559746972159
0 0.1712545784235765 0.5694881050339856 0.04980842911877396 0.061328396204582386
0 0.1999902106074845 0.45250986782894903 0.025542784163473803 0.022714220816511962
0 0.22170157714643726 0.44796702366564667 0.017879948914431672 0.022714220816511962
0 0.16933886961131595 0.37868865017528525 0.03831417624521072 0.029528487061465467
0 0.2236172859586978 0.3491601631138197 0.02426564495530013 0.06132839620458225
0 0.16742316079905542 0.29464603315419097 0.01660280970625797 0.015899954571558364
0 0.1853031097134871 0.4207099586858323 0.026819923371647507 0.03634275330641916
0 0.23958152606086894 0.2560318577661207 0.035759897828863345 0.04315701955137276
0 0.189773096942095 0.6717020987082895 0.030651340996168588 0.04769986371467509
