0 0.5262992782958625 0.4127599814000531 0.06257982120051085 0.08404261702109425
0 0.2881128159714692 0.08908233476475765 0.030651340996168588 0.05905697412293112
0 0.28300425913877447 0.13905362056108406 0.02554278416347383 0.07268550661283842
0 0.2549071965589532 0.08453949060145531 0.02043422733077897 0.027257064979814394
0 0.26320860141208224 0.11974653286704894 0.026819923371647507 0.043157019551372855
0 0.21148446348104774 0.17198924074502647 0.04853128991060023 0.056785552041279864
0 0.1827488312971397 0.19470346156153842 0.04980842911877396 0.038614175388070326
0 0.17508599604809755 0.2696603902560279 0.016602809706257996 0.034071331224767895
0 0.20765304585652666 0.2662532571335511 0.017879948914431672 0.03634275330641916
0 0.11506045326393408 0.2980531662766678 0.03448275862068967 0.05451412995962869
0 0.03970923998168631 0.17312495178585197 0.0421455938697318 0.07722835077614075
0 0.24852150051808478 0.03911104896843148 0.02554278416347383 0.059056974122930934
0 0.23383439962408734 0.026618227519349866 0.014048531289910618 0.038614175388070424
0 0.20765304585652666 0.034568204805129045 0.0408684546615581 0.06359981828623346
0 0.0959033651413287 0.03683962688678022 0.03959131545338441 0.04542844163302374
0 0.16870030000722908 0.03229678272347788 0.03959131545338442 0.05905697412293112
0 0.32387271380033256 0.02093967231522195 0.03320561941251594 0.049971285796326266
