0 0.42923669847466206 0.8727229529344204 0.08301404853128987 0.13174248073576916
0 0.1450732246560158 0.3014602993991446 0.06385696040868455 0.034071331224767944
0 0.13549468059471315 0.31736025397070294 0.05491698595146872 0.024985642898163084
0 0.1699774392154028 0.3332602085422613 0.070242656449553 0.024985642898163133
0 0.18211026169305286 0.35029587415464525 0.033205619412515965 0.013628532489907197
0 0.17636313525627123 0.39572431578766915 0.011494252873563213 0.03634275330641916
0 0.0914333779127208 0.32076738709317976 0.012771392081736901 0.040885597469721494
0 0.10675904841080508 0.3264459422973077 0.012771392081736901 0.024985642898163133
0 0.11314474445167355 0.3423458968688661 0.03831417624521073 0.024985642898163133
0 0.14698893346827635 0.3480244520729941 0.021711366538952726 0.049971285796326356
0 0.1265547061374973 0.36165298456290124 0.052362707535121324 0.03634275330641916
0 0.10228906118219717 0.3911814716243668 0.05491698595146872 0.04088559746972159
0 0.13102469336610523 0.4002671599509715 0.01277139208173689 0.05905697412293112
0 0.15912175594592642 0.4036742930734484 0.020434227330779077 0.056785552041279864
0 0.10995189643123932 0.45932413407390266 0.03703703703703703 0.03179990914311673
0 0.02757641750403624 0.6046951472995792 0.051085568326947633 0.045428441633023925
0 0.5595048977083785 0.27079610129685344 0.031928480204342316 0.11357110408255973
