0 0.36346402925371696 0.4116242703592275 0.02043422733077902 0.03634275330641916
0 0.2887513855755561 0.40253858203262277 0.03448275862068961 0.040885597469721494
0 0.28811281597146926 0.44569560158399546 0.03320561941251594 0.05905697412293112
0 0.2280872731873057 0.30373172148079575 0.015325670498084294 0.034071331224767895
0 0.21659302031374247 0.43660991325739074 0.010217113665389538 0.01817137665320953
0 0.19360451456661606 0.4559170009514258 0.028097062579821207 0.015899954571558364
0 0.16359174317453432 0.47068124448215853 0.024265644955300102 0.03179990914311664
0 0.15018178148871056 0.4275242249307859 0.022988505747126426 0.03179990914311673
0 0.1603988951541001 0.33780305270556366 0.028097062579821207 0.034071331224767895
0 0.14635036386418948 0.4945311763394961 0.012771392081736915 0.020442798734860892
0 0.1520974903009711 0.5308739296459153 0.008939974457215836 0.015899954571558364
0 0.12208471890888938 0.4116242703592275 0.03320561941251598 0.03634275330641916
0 0.1252775669293236 0.4774955107271122 0.02681992337164752 0.027257064979814394
