0 0.3168484481553772 0.7137234072188365 0.6194125159642401 0.5542269879228916
0 0.8174870177594641 0.39572431578766915 0.09067688378033203 0.08177119493944308
0 0.8385598146943299 0.32871736437895893 0.056194125159642366 0.09767114951100131
0 0.694243084170703 0.22877479278630633 0.01532567049808432 0.029528487061465467
0 0.6846645401094003 0.35143158519547085 0.019157088122605345 0.024985642898163227
0 0.6450732246560158 0.25943899088859745 0.016602809706257996 0.0272570649798143
0 0.2785342719101665 0.035703915845954635 0.05236270753512134 0.038614175388070236
0 0.03587782235716523 0.4002671599509715 0.0574712643678161 0.09085688326604785
0 0.056950619292031136 0.37073867288950596 0.015325670498084299 0.03179990914311673
0 0.05120349285524953 0.34234589686886613 0.01149425287356322 0.01135711040825603
0 0.10165049157811032 0.2991888773174934 0.015325670498084294 0.024985642898163133
0 0.08824052989228656 0.3219030981340053 0.016602809706257982 0.02952848706146556
0 0.1418803766355816 0.3855029164202388 0.008939974457215836 0.024985642898163133
0 0.22106300754235042 0.4173028255633555 0.01660280970625797 0.020442798734860795
0 0.20893018506470035 0.4377456242982163 0.012771392081736915 0.0204427987348607
0 0.20893018506470035 0.4615955561555538 0.02043422733077905 0.03634275330641906
