0 0.1182533012843683 0.7159948293004876 0.22988505747126436 0.5542269879228916
0 0.5652520241451602 0.27079610129685344 0.017879948914431672 0.03179990914311678
0 0.400501066290754 0.2855603448275862 0.0408684546615581 0.05224270787797752
0 0.2497986397262585 0.25716756880694625 0.02554278416347386 0.013628532489907197
0 0.2593771837875612 0.3025960104399702 0.024265644955300154 0.027257064979814394
0 0.27917284151425337 0.3264459422973077 0.022988505747126374 0.034071331224767895
0 0.16423031277862116 0.2639818350518998 0.022988505747126426 0.01817137665320958
0 0.1884959577339213 0.2753389454601558 0.02043422733077905 0.03179990914311678
0 0.17508599604809752 0.29010318899088866 0.014048531289910592 0.020442798734860747
0 0.20637590664835298 0.30713885460327256 0.012771392081736915 0.018171376653209628
0 0.12910898455384467 0.26738896817437663 0.021711366538952736 0.020442798734860795
0 0.16359174317453432 0.30827456564409816 0.024265644955300102 0.02952848706146542
0 0.13038612376201836 0.29237461107253987 0.02426564495530014 0.024985642898163133
0 0.09462622593315502 0.25943899088859745 0.03703703703703703 0.013628532489907055
