0 0.47265943155256746 0.056146714580815424 0.021711366538952805 0.0613283962045821
0 0.4343452553073568 0.10384657829549053 0.044699872286079176 0.05224270787797743
0 0.4605266090749175 0.1878891953165848 0.02043422733077902 0.04769986371467509
0 0.4388152425359647 0.1708535297042008 0.02554278416347383 0.045428441633023925
0 0.3666568772741512 0.10725371141796737 0.037037037037037014 0.03634275330641906
0 0.3615483204414564 0.14586788680603766 0.029374201787994856 0.022714220816512153
0 0.37304257331501967 0.17993921803080565 0.024265644955300102 0.0272570649798143
0 0.3864525350008434 0.17426066282667763 0.012771392081736915 0.038614175388070326
0 0.3558011940046748 0.2571675688069463 0.028097062579821235 0.05451412995962869
0 0.32514985300850624 0.24808188048034147 0.012771392081736915 0.045428441633023925
0 0.3162098785512904 0.22423194862300394 0.020434227330779077 0.034071331224767895
0 0.2887513855755561 0.24467474735786468 0.024265644955300102 0.038614175388070326
0 0.30088420805320615 0.28442463378676064 0.0408684546615581 0.06814266244953594
0 0.3015227776572929 0.32985307541978454 0.021711366538952805 0.022714220816511917
0 0.276618563097906 0.266253257133551 0.02554278416347383 0.03179990914311673
0 0.29002852478372976 0.09589660100971134 0.03959131545338442 0.04997128579632645
0 0.18913452733800815 0.20492486092896883 0.039591315453384394 0.03179990914311673
0 0.08504768187185234 0.12883222119365367 0.04597701149425288 0.04315701955137294
0 0.060143467312465365 0.18788919531658482 0.03448275862068966 0.020442798734860795
0 0.19168880575435554 0.5240596634009617 0.03448275862068964 0.04769986371467519
