0 0.8768739909395407 0.5251953744417872 0.03320561941251588 0.07722835077614065
0 0.661037464758187 0.012989695029442668 0.0434227330779055 0.04315701955137276
0 0.5301306959203836 0.3230388091748309 0.04725415070242653 0.09539972742935018
0 0.15401319911323166 0.16744639658172403 0.053639846743295014 0.038614175388070326
0 0.30726990409407456 0.34121018582804047 0.007662835249042106 0.0272570649798143
0 0.36027118123328267 0.38323149433858755 0.019157088122605453 0.024985642898163227
0 0.33919838429841687 0.4173028255633555 0.017879948914431672 0.034071331224767895
0 0.15273605990505795 0.38777433850189 0.017879948914431672 0.024985642898163133
0 0.10356620039037086 0.4820383548904145 0.02171136653895275 0.004542844163302336
0 0.12719327574158415 0.534281062768392 0.015325670498084294 0.02271422081651187
0 0.11761473168028146 0.545638173176648 0.02426564495530014 0.03634275330641906
0 0.11633759247210777 0.5694881050339856 0.016602809706257996 0.024985642898163133
0 0.21723158991782934 0.5456381731766481 0.019157088122605345 0.040885597469721306
