0 0.3321741186534615 0.4513741567881235 0.21072796934865903 0.2839277602063994
0 0.5199135822549942 0.47749551072711216 0.052362707535121226 0.10448541575595496
0 0.6533746295091448 0.15154644201016562 0.06896551724137923 0.07041408453118715
0 0.6233618581170631 0.14700359784686323 0.05236270753512134 0.061328396204582386
0 0.6303861237620184 0.10043944517301368 0.017879948914431672 0.03179990914311673
0 0.6284704149497577 0.27193181233767905 0.029374201787994856 0.05224270787797743
0 0.5971805043495025 0.24126761423538792 0.0434227330779055 0.040885597469721494
0 0.557589188896118 0.17766779594915444 0.030651340996168532 0.049971285796326266
0 0.5709991505819417 0.1424607536835609 0.057471264367816036 0.06587124036788472
0 0.5690834417696812 0.09703231205053693 0.025542784163473723 0.038614175388070236
0 0.5448177968143811 0.018668250233570684 0.030651340996168532 0.0
0 0.5467335056266417 0.12428937703035131 0.024265644955300154 0.05224270787797762
0 0.532684974336731 0.0924894678872346 0.011494252873563293 0.006814266244953503
0 0.5320464047326442 0.1663106855408985 0.005108556832694702 0.013628532489907197
0 0.5294921263162967 0.21628197133722477 0.02298850574712648 0.03179990914311673
0 0.5045879117569099 0.184482062194108 0.019157088122605345 0.045428441633023925
0 0.4886236716547387 0.19470346156153845 0.012771392081736969 0.04315701955137267
0 0.46946658353213333 0.22309623758217836 0.02554278416347383 0.03634275330641906
0 0.4681894443239596 0.2503533025619927 0.028097062579821235 0.03634275330641911
0 0.4643580266994386 0.28442463378676064 0.02554278416347383 0.03179990914311678
0 0.479045127593436 0.4048100041142739 0.06257982120051085 0.07268550661283822
0 0.5122507470059521 0.0856752016422809 0.016602809706257996 0.02952848706146556
0 0.4879851020506518 0.050468159376687416 0.014048531289910697 0.02271422081651206
0 0.4899008108629123 0.07999664643815288 0.020434227330779077 0.02271422081651187
0 0.4490323562013543 0.091353756846409 0.03320561941251594 0.05905697412293112
0 0.470743722740307 0.09362517892806009 0.022988505747126426 0.027257064979814217
0 0.45861090026265694 0.15041073096934007 0.047254150702426584 0.05905697412293103
0 0.42668242005831464 0.17653208490832883 0.026819923371647507 0.02952848706146556
0 0.4119953191643172 0.1435964647243865 0.028097062579821183 0.03634275330641916
0 0.40816390153979615 0.06863953602989704 0.03831417624521069 0.04088559746972159
0 0.3602711812332827 0.060689558744117765 0.04980842911877393 0.04315701955137276
0 0.32387271380033256 0.04365389313173381 0.056194125159642415 0.08177119493944299
0 0.35899404202510904 0.12656079911200255 0.03192848020434226 0.04315701955137267
0 0.28044998072242705 0.18334635115328243 0.022988505747126426 0.06587124036788462
0 0.2204244379382636 0.16290355241842155 0.04853128991060028 0.047699863714675286
0 0.2625700318079954 0.09248946788723458 0.0408684546615581 0.056785552041279955
0 0.25363005735077954 0.18561777323493361 0.030651340996168612 0.02952848706146556
0 0.2823656895346876 0.2480818804803415 0.031928480204342316 0.02271422081651187
0 0.2874742463673823 0.30259601043997014 0.04469987228607923 0.06814266244953585
0 0.28044998072242705 0.3673315397670292 0.022988505747126426 0.038614175388070236
0 0.23575010843634786 0.44683131262482106 0.025542784163473803 0.034071331224767895
0 0.19615879298296343 0.3457530299913429 0.03831417624521072 0.07268550661283822
0 0.14826607267645003 0.3321244975014357 0.05236270753512134 0.040885597469721494
0 0.07227628979011542 0.3775529391344596 0.04597701149425287 0.08177119493944299
0 0.10739761801489194 0.20606057196979435 0.039591315453384436 0.08858546118439659
