0 0.07163772018602857 0.07431809123402497 0.13154533844189015 0.1294710586541179
0 0.07483056820646282 0.24013190319456232 0.09961685823754791 0.15218527947063015
0 0.4024167751030145 0.04251818209090823 0.13920817369093227 0.07041408453118715
0 0.4266824200583147 0.1629035524184217 0.14687100893997446 0.1476424353073277
0 0.5499263536470758 0.2855603448275862 0.15325670498084287 0.1340139028174205
0 0.776618563097906 0.09021804580558332 0.11877394636015322 0.07495692869448949
0 0.722978716354611 0.0243468054376987 0.1417624521072797 0.0613283962045821
0 0.6406032374274079 0.1356464874386073 0.16091954022988503 0.11129968200090865
0 0.5595048977083785 0.11406797766292093 0.1417624521072797 0.09085688326604795
0 0.5703605809778549 0.1663106855408984 0.12771392081736904 0.09539972742935038
0 0.5058650509650835 0.1947034615615384 0.09067688378033208 0.06132839620458229
