0 0.7121230330851347 0.36051727352207563 0.05108556832694766 0.06132839620458229
0 0.3768739909395407 0.5808452154422417 0.04980842911877388 0.06587124036788462
0 0.6520974903009711 0.15949641929594488 0.040868454661558154 0.01817137665320953
0 0.5237449998795152 0.22536765966382954 0.04214559386973172 0.03179990914311673
0 0.5473720752307285 0.2753389454601558 0.02554278416347383 0.04088559746972154
0 0.5888790994963734 0.25943899088859745 0.037037037037037014 0.022714220816511962
0 0.7006287802115715 0.26398183505189987 0.03320561941251599 0.027257064979814394
0 0.6929659449625293 0.2855603448275862 0.022988505747126374 0.034071331224767944
0 0.619530440492542 0.37073867288950607 0.05747126436781615 0.07722835077614051
0 0.5013950637364756 0.306003143562447 0.04597701149425291 0.08404261702109425
0 0.5416249487939468 0.3423458968688661 0.04214559386973172 0.038614175388070326
0 0.5684448721655944 0.3491601631138197 0.031928480204342316 0.024985642898163133
0 0.6552903383214054 0.28556034482758624 0.037037037037037125 0.02952848706146556
0 0.553757771271597 0.3889100495427155 0.056194125159642255 0.03634275330641916
0 0.5211907214631678 0.4445598905431698 0.04725415070242653 0.05224270787797743
0 0.49437079809152035 0.4615955561555538 0.03448275862068972 0.03179990914311673
0 0.495647937299694 0.5058882867477521 0.044699872286079176 0.04315701955137276
0 0.48862367165473863 0.36392440664455245 0.05108556832694772 0.040885597469721494
0 0.4988407853201282 0.4002671599509715 0.03320561941251599 0.013628532489907197
0 0.4509480650136148 0.31622454292987734 0.05491698595146869 0.040885597469721494
0 0.44136952095231213 0.382095783297762 0.04853128991060026 0.040885597469721494
0 0.41838101520518567 0.44115275742069304 0.030651340996168588 0.03179990914311673
0 0.4349838249114436 0.5286025075642642 0.03320561941251599 0.038614175388070326
0 0.4356223945155305 0.5024811536252752 0.03192848020434226 0.03179990914311673
0 0.38070540856406176 0.4093528482775763 0.026819923371647507 0.03179990914311673
