0 0.2996070688450324 0.5774380823197649 0.05874840357598977 0.05905697412293112
0 0.2331958300200005 0.5547238615032529 0.06896551724137934 0.06359981828623355
0 0.5997347827658498 0.2673889681743767 0.035759897828863345 0.05224270787797757
0 0.516082164630473 0.22423194862300394 0.031928480204342316 0.034071331224767895
0 0.5250221390876889 0.2537604356844695 0.026819923371647507 0.034071331224767895
0 0.4899008108629123 0.2310462148679575 0.0408684546615581 0.04769986371467505
0 0.4809608364056965 0.1481393088876889 0.0383141762452108 0.045428441633023925
0 0.44392379936865944 0.16176784137759606 0.02554278416347383 0.027257064979814394
0 0.4145495975806646 0.16290355241842167 0.030651340996168588 0.034071331224767895
0 0.4241281416419672 0.12656079911200238 0.024265644955300047 0.024985642898163036
0 0.3819825477722355 0.009582561906965917 0.03448275862068967 0.027257064979814203
0 0.33472839706980895 0.02207538335604753 0.03448275862068967 0.024985642898163036
0 0.31429416973902985 0.03456820480512905 0.026819923371647507 0.018171376653209344
0 0.3162098785512904 0.05273958145833868 0.012771392081736915 0.009085688326604861
0 0.31812558736355095 0.06977524707072252 0.016602809706257996 0.020442798734860892
0 0.3398369539025037 0.0924894678872345 0.03448275862068967 0.03407133122476809
0 0.33089697944528784 0.11066084454044411 0.024265644955300154 0.02952848706146556
0 0.28172711993060073 0.1197465328670488 0.022988505747126426 0.024985642898163216
0 0.30216134726137983 0.1197465328670489 0.02554278416347378 0.015899954571558364
0 0.29130566399190344 0.1640392634592473 0.016602809706257996 0.022714220816511962
0 0.35707833321284854 0.1935677505207128 0.02554278416347383 0.01817137665320953
0 0.3494154979638064 0.23218192590878312 0.03831417624521069 0.03634275330641906
0 0.25171434853851904 0.11406797766292087 0.03448275862068967 0.03634275330641906
0 0.28172711993060073 0.04933244833586183 0.022988505747126426 0.024985642898163227
0 0.305354195281814 0.05273958145833858 0.021711366538952698 0.027257064979814394
0 0.2625700318079954 0.05501100353998975 0.028097062579821235 0.02271422081651206
0 0.2574614749753006 0.039111048968431386 0.035759897828863345 0.03179990914311673
0 0.17061600881948963 0.032296782723477885 0.02554278416347383 0.027257064979814394
