0 0.2836428287428613 0.3491601631138197 0.03192848020434226 0.06587124036788462
0 0.23830438685269523 0.3832314943385876 0.028097062579821207 0.05224270787797743
0 0.23702724764452157 0.33212449750143574 0.028097062579821207 0.05451412995962865
0 0.29641422082459823 0.5002097315436241 0.016602809706257996 0.04088559746972159
0 0.2740642846815585 0.4968025984211474 0.017879948914431724 0.04769986371467509
0 0.24852150051808478 0.48203835489041463 0.022988505747126454 0.045428441633023925
0 0.25107577893443217 0.5161096861151825 0.02043422733077905 0.045428441633023925
0 0.2555457661630401 0.5092954198702287 0.011494252873563187 0.01817137665320953
0 0.2555457661630401 0.5808452154422417 0.026819923371647507 0.06587124036788462
0 0.2165930203137425 0.5422310400541712 0.015325670498084294 0.04315701955137257
0 0.2012673498156582 0.4684098224005073 0.015325670498084294 0.03634275330641906
0 0.16806173040314226 0.5365524848500434 0.010217113665389538 0.02271422081651187
0 0.2082916154606135 0.5581309946257297 0.019157088122605345 0.029528487061465658
0 0.18083312248487915 0.56835239399316 0.015325670498084266 0.0272570649798143
0 0.19615879298296343 0.5978808810546257 0.005108556832694782 0.027257064979814203
0 0.12144614930480253 0.5615381277482066 0.03959131545338442 0.027257064979814394
