0 0.6757245656521844 0.08453949060145532 0.05491698595146869 0.07722835077614047
0 0.28811281597146915 0.09703231205053697 0.028097062579821183 0.08858546118439678
0 0.1699774392154028 0.2401319031945623 0.037037037037037014 0.09312830534769902
0 0.09271051712089448 0.5195168192376592 0.051085568326947633 0.07041408453118715
0 0.10612047880671824 0.23218192590878312 0.02426564495530013 0.03179990914311673
0 0.025022139087688862 0.17993921803080565 0.04086845466155811 0.05451412995962869
0 0.5761077074146365 0.11974653286704894 0.044699872286079176 0.05224270787797752
0 0.5697220113737681 0.0584181366624666 0.057471264367816036 0.04769986371467509
0 0.5384321007735127 0.028889649601001034 0.048531289910600205 0.04769986371467509
0 0.5160821646304731 0.08908233476475774 0.05491698595146869 0.045428441633023925
