0 0.24532865249765054 0.4615955561555538 0.02171136653895275 0.045428441633023835
0 0.21978586833417674 0.5535881504624273 0.02426564495530013 0.06587124036788472
0 0.21276160268922142 0.5115668419518801 0.022988505747126426 0.04997128579632645
0 0.19296594496252922 0.4945311763394961 0.029374201787994884 0.07041408453118696
0 0.16103746475818695 0.5876594816871951 0.02171136653895275 0.05224270787797752
0 0.10803618761897876 0.5728952381564625 0.025542784163473803 0.07268550661283822
0 0.06652916335333381 0.5899309037688464 0.02426564495530013 0.05224270787797772
0 0.03523925275307839 0.5070239977885777 0.02554278416347382 0.0545141299596286
0 0.013527886214125644 0.36278869560372684 0.017879948914431672 0.08404261702109425
0 0.028853556712209932 0.05046815937668741 0.04086845466155811 0.07268550661283812
