0 0.11889187088845515 0.3696029618486804 0.02171136653895275 0.04315701955137267
0 0.21978586833417674 0.5081597088294033 0.029374201787994884 0.056785552041279955
0 0.5914333779127209 0.25830327984777185 0.024265644955300154 0.02952848706146556
0 0.6163375924721078 0.3196316760523541 0.03320561941251599 0.04315701955137276
0 0.5626977457288128 0.35597442935877327 0.04597701149425275 0.029528487061465467
0 0.5646134545410734 0.3287173643789589 0.031928480204342205 0.04315701955137276
0 0.545456366418468 0.30146029939914454 0.024265644955300154 0.011357110408255934
0 0.5218292910672546 0.3400744747872149 0.028097062579821183 0.024985642898163133
0 0.5346006831489916 0.1969748836431896 0.03065134099616864 0.038614175388070326
0 0.6259161365334105 0.21173912717392238 0.021711366538952698 0.045428441633023835
0 0.512250747005952 0.25035330256199273 0.03448275862068967 0.05905697412293108
0 0.5518420624593364 0.4275242249307859 0.029374201787994964 0.08177119493944308
0 0.33919838429841687 0.271931812337679 0.030651340996168588 0.024985642898163227
0 0.38134397816814863 0.36392440664455245 0.03320561941251599 0.0272570649798143
0 0.36346402925371696 0.40821713723675074 0.0408684546615581 0.07041408453118705
