0 0.17253171763175018 0.5649452608706833 0.047254150702426584 0.05224270787797762
0 0.2376658172486084 0.5410953290133456 0.024265644955300154 0.049971285796326266
0 0.834728397069809 0.31736025397070294 0.0434227330779055 0.05224270787797748
0 0.5882405298922866 0.2446747473578647 0.01532567049808432 0.03407133122476799
0 0.6240004277211499 0.11179655558126961 0.022988505747126374 0.04088559746972159
0 0.6591217559459264 0.05501100353998975 0.014048531289910645 0.0408855974697214
0 0.602927630786284 0.15608928617346812 0.019157088122605345 0.020442798734860795
0 0.64826607267645 0.1515464420101657 0.028097062579821183 0.02952848706146556
0 0.5473720752307285 0.17539637386750329 0.012771392081736862 0.01817137665320953
0 0.5633363153328996 0.17993921803080565 0.008939974457215836 0.022714220816511962
0 0.5282149871081232 0.2583032798477719 0.012771392081736862 0.038614175388070326
0 0.5403478095857732 0.20492486092896878 0.016602809706257996 0.022714220816511962
0 0.5678063025615074 0.23558905903125993 0.01021711366538951 0.024985642898163133
0 0.495647937299694 0.21401054925557356 0.011494252873563187 0.03634275330641916
0 0.46499659630352536 0.11406797766292087 0.037037037037037014 0.027257064979814394
0 0.4113567495602304 0.14018933160190963 0.029374201787994856 0.043157019551372855
0 0.44647807778500687 0.21968910445970158 0.015325670498084266 0.03407133122476799
0 0.4139110279765777 0.22877479278630633 0.024265644955300154 0.024985642898163133
0 0.4075253319357093 0.2571675688069463 0.026819923371647507 0.040885597469721494
0 0.4036939143111882 0.2878317669092374 0.019157088122605345 0.04769986371467509
0 0.44200809055639895 0.3514315851954709 0.03192848020434226 0.02952848706146556
0 0.35899404202510904 0.15495357513264238 0.019157088122605345 0.03179990914311692
0 0.3570783332128485 0.13678219847943285 0.0408684546615581 0.0590569741229313
