0 0.562059176124726 0.2514890136028183 0.04214559386973182 0.17944234445044444
0 0.39858535747849344 0.18107492907163125 0.019157088122605345 0.03407133122476799
0 0.3711268645027591 0.16631068554089845 0.02554278416347383 0.0272570649798143
0 0.39666964866623294 0.06863953602989695 0.028097062579821235 0.013628532489907006
0 0.35835547242102217 0.04933244833586183 0.02554278416347383 0.024985642898163227
0 0.35771690281693536 0.030025360641826714 0.011494252873563187 0.004542844163302336
0 0.33153554904937466 0.09476088996888576 0.028097062579821183 0.02952848706146556
0 0.36984972529458543 0.07658951331567623 0.015325670498084266 0.024985642898163227
0 0.3781511301477144 0.10043944517301377 0.01660280970625794 0.02271422081651187
0 0.3609097508373696 0.21173912717392238 0.012771392081736915 0.013628532489907101
0 0.5563120496879443 0.8772657970977227 0.07407407407407414 0.10448541575595487
