0 0.6853031097134871 0.7750518034234188 0.07662835249042138 0.1271996365724669
0 0.03460068314899155 0.8625015535669899 0.06257982120051087 0.22032794192016586
0 0.5652520241451602 0.3696029618486804 0.0383141762452108 0.07041408453118705
0 0.6661460215908818 0.08794662372393217 0.06130268199233728 0.07495692869448949
0 0.40113963589484086 0.05273958145833858 0.03959131545338442 0.06359981828623346
0 0.22234014675052413 0.46727411135968183 0.06257982120051091 0.07495692869448949
0 0.13613325019879996 0.5433667510949969 0.07662835249042146 0.07722835077614056
0 0.1929659449625292 0.4502384457472978 0.02171136653895275 0.03634275330641916
0 0.16295317357044747 0.4604598451147282 0.015325670498084294 0.024985642898163227
0 0.05375777127159691 0.29010318899088866 0.024265644955300134 0.020442798734860747
