0 0.6987130713993108 0.26284612401107427 0.01660280970625789 0.02952848706146556
0 0.7223401467505242 0.09476088996888576 0.01532567049808432 0.04315701955137257
0 0.6955202233788766 0.1129322666220953 0.00766283524904216 0.006814266244953503
0 0.6533746295091448 0.13337506535695615 0.03320561941251599 0.024985642898163133
0 0.6431575158437554 0.09816802309136252 0.048531289910600205 0.018171376653209354
0 0.5812162642473313 0.27306752337850465 0.024265644955300154 0.01817137665320953
0 0.553757771271597 0.25035330256199273 0.02554278416347383 0.040885597469721494
0 0.5486492144389021 0.3389387637463893 0.02298850574712648 0.045428441633023835
0 0.5671677329574207 0.46045984511472826 0.03703703703703691 0.056785552041279955
0 0.47074372274030696 0.3355316306239125 0.02554278416347383 0.04315701955137276
0 0.5339621135449047 0.26738896817437663 0.021711366538952698 0.024985642898163227
0 0.5633363153328996 0.2798817896234582 0.008939974457215836 0.022714220816511962
0 0.4924550892792598 0.26057470192942306 0.015325670498084212 0.029528487061465467
0 0.5307692655244706 0.19470346156153842 0.010217113665389403 0.038614175388070326
0 0.5218292910672546 0.14813930888768886 0.02298850574712648 0.04088559746972159
0 0.4860693932383913 0.17880350698998007 0.017879948914431724 0.024985642898163133
0 0.4809608364056965 0.0856752016422809 0.020434227330779077 0.02952848706146556
0 0.449670925805441 0.21628197133722477 0.02681992337164756 0.05905697412293112
0 0.37751256054362753 0.1413250426427352 0.020434227330779077 0.036342753306419354
