0 0.42476671124605414 0.3593815624812501 0.3754789272030652 0.35434184473758645
0 0.26576287982842955 0.14700359784686334 0.10089399744572157 0.08404261702109425
0 0.32706556182076674 0.23445334799043435 0.03959131545338437 0.05905697412293103
0 0.22681013397913202 0.19583917260236403 0.028097062579821207 0.05905697412293103
0 0.18913452733800815 0.22196052654135273 0.03703703703703704 0.056785552041279864
0 0.13230183257427888 0.23218192590878312 0.033205619412515965 0.07268550661283828
0 0.03907067037759946 0.014125406070268347 0.043422733077905486 0.03634275330641906
0 0.05439634087568375 0.1049822893363162 0.0280970625798212 0.06359981828623346
0 0.06014346731246536 0.12428937703035131 0.021711366538952743 0.06132839620458229
0 0.12400042772114991 0.12656079911200252 0.008939974457215836 0.03407133122476799
0 0.06844487216559436 0.21287483821474795 0.03320561941251597 0.03407133122476799
0 0.09079480830863396 0.24240332527621347 0.03192848020434226 0.06132839620458229
0 0.08440911226776548 0.26171041297024866 0.044699872286079176 0.05451412995962869
0 0.10612047880671825 0.31736025397070294 0.037037037037037056 0.06587124036788462
0 0.04737207523072846 0.35597442935877327 0.05236270753512134 0.03407133122476799
0 0.04545636641846791 0.311681698766575 0.033205619412515965 0.03634275330641902
0 0.005226481360996651 0.2151462602963992 0.006385696040868454 0.034071331224767895
0 0.012889316610038799 0.06636811394824578 0.016602809706257982 0.02271422081651206
