0 0.429236698474662 0.085675201642281 0.037037037037037014 0.05678555204127977
0 0.3162098785512904 0.11747511078539763 0.020434227330779077 0.034071331224767895
0 0.26193146220390856 0.2037891498881432 0.02171136653895275 0.029528487061465467
0 0.2549071965589532 0.18675348427575925 0.02043422733077897 0.022714220816511962
0 0.22617156437504518 0.1969748836431896 0.024265644955300102 0.038614175388070326
0 0.24788293091399796 0.14359646472438642 0.03192848020434229 0.04997128579632645
0 0.23319583002000047 0.07545380227485045 0.030651340996168588 0.03179990914311673
0 0.24213580447721633 0.04024676000925707 0.03320561941251599 0.05224270787797743
0 0.27661856309790595 0.2435390363170391 0.0408684546615581 0.03634275330641916
0 0.8979467878744066 0.2299105038271319 0.03959131545338437 0.09085688326604775
