0 0.3111013217185956 0.5569952835849041 0.051085568326947606 0.06814266244953598
0 0.48926224125882556 0.21514626029639913 0.04469987228607929 0.038614175388070326
0 0.4400923817441384 0.2469461694395159 0.028097062579821183 0.02952848706146556
0 0.4758522795730018 0.29351032211336536 0.030651340996168588 0.03634275330641916
0 0.49181651967517287 0.3480244520729941 0.019157088122605345 0.040885597469721494
0 0.19360451456661606 0.30600314356244696 0.033205619412515965 0.038614175388070326
0 0.1533746295091448 0.288967477950063 0.0012771392081737023 0.04088559746972154
0 0.14188037663558156 0.4491027347064723 0.04214559386973182 0.038614175388070326
0 0.0818548338514181 0.35483871831794767 0.049808429118773936 0.045428441633023786
0 0.054396340875683756 0.41162427035922755 0.04597701149425287 0.049971285796326356
0 0.020552151859080943 0.4615955561555538 0.031928480204342274 0.03634275330641906
0 0.027576417504036242 0.4661384003188561 0.04086845466155811 0.03634275330641906
0 0.021829291067254633 0.4899883321761938 0.037037037037037035 0.034071331224767895
0 0.00969646858960457 0.5183811081968336 0.01277139208173691 0.06359981828623346
0 0.014166455818212487 0.41275998140005316 0.02681992337164751 0.04769986371467509
