0 0.3749582821272802 0.10952513349961844 0.02554278416347383 0.049971285796326266
0 0.36984972529458543 0.14246075368356087 0.030651340996168588 0.024985642898163227
0 0.3436683715270248 0.15722499721429367 0.044699872286079176 0.0272570649798143
0 0.3947539398539724 0.22991050382713196 0.044699872286079176 0.045428441633023925
0 0.3583554724210222 0.25376043568446943 0.02043422733077902 0.024985642898163084
0 0.32195700498807206 0.19583917260236403 0.016602809706257996 0.05905697412293103
0 0.32387271380033256 0.2844246337867606 0.012771392081736915 0.049971285796326356
0 0.2753414238897323 0.13451077639778172 0.0408684546615581 0.08177119493944308
0 0.260015753391648 0.22536765966382952 0.017879948914431672 0.013628532489907197
0 0.251714348538519 0.06296098082576904 0.047254150702426556 0.034071331224767895
0 0.20701447625243982 0.2662532571335511 0.03192848020434229 0.03634275330641916
0 0.22170157714643723 0.16063213033677048 0.030651340996168588 0.02952848706146556
0 0.12591613653341044 0.20833199405144556 0.028097062579821194 0.038614175388070236
0 0.14826607267645006 0.27420323441933026 0.0421455938697318 0.04315701955137267
0 0.10548190920263137 0.3116816987665749 0.030651340996168574 0.049971285796326266
