0 0.20956875466878722 0.17426066282667765 0.03448275862068964 0.04315701955137267
0 0.16678459119496858 0.16744639658172408 0.025542784163473803 0.02952848706146556
0 0.14698893346827635 0.15381786409181689 0.029374201787994884 0.034071331224767895
0 0.26959429745295066 0.1924320394798872 0.044699872286079176 0.034071331224767895
0 0.32514985300850624 0.21401054925557356 0.03320561941251594 0.03634275330641916
0 0.3545240547965011 0.19016061739823606 0.028097062579821183 0.06132839620458229
0 0.3653797380659775 0.1049822893363161 0.03703703703703707 0.04088559746972159
0 0.3602711812332827 0.1583607082551193 0.02937420178799491 0.02952848706146556
0 0.3845368261885828 0.16631068554089845 0.03192848020434226 0.0272570649798143
0 0.3641025988578038 0.010718272947791596 0.02937420178799491 0.034071331224767895
0 0.2944985120123377 0.031161071682652298 0.035759897828863345 0.02952848706146556
0 0.2708714366611244 0.060689558744117765 0.02171136653895275 0.02952848706146537
0 0.1853031097134871 0.22082481550052713 0.026819923371647507 0.0272570649798143
0 0.1827488312971397 0.09703231205053693 0.02426564495530013 0.038614175388070236
0 0.11059046603532614 0.04024676000925707 0.015325670498084294 0.024985642898163036
0 0.11250617484758671 0.06750382498907145 0.04214559386973181 0.04315701955137276
