0 0.39666964866623294 0.026618227519349866 0.03320561941251594 0.05224270787797743
0 0.14635036386418948 0.3434816079096917 0.05108556832694766 0.0545141299596286
0 0.16231460396636063 0.22650337070465512 0.03703703703703704 0.034071331224767895
0 0.272148575869298 0.2026534388473176 0.03192848020434226 0.040885597469721494
0 0.23958152606086894 0.15041073096934005 0.0434227330779055 0.036342753306419256
0 0.21084589387696087 0.127696510152828 0.03959131545338442 0.040885597469721674
0 0.2421358044772163 0.05841813666246659 0.030651340996168588 0.03407133122476771
0 0.2357501084363479 0.061825269784943446 0.04597701149425291 0.0408855974697214
0 0.2606543229957348 0.21741768237805034 0.03959131545338445 0.04769986371467509
0 0.2983299296368587 0.26398183505189987 0.0408684546615581 0.045428441633023925
0 0.23575010843634786 0.24240332527621347 0.025542784163473803 0.02952848706146556
0 0.16423031277862118 0.09476088996888576 0.028097062579821207 0.02952848706146556
0 0.22617156437504515 0.21628197133722477 0.02171136653895275 0.02271422081651187
0 0.28044998072242705 0.1697178186633753 0.028097062579821235 0.024985642898163133
0 0.9713822923443939 0.11861082182622334 0.028097062579821395 0.10902825991925748
