0 0.3998624966866671 0.18788919531658485 0.04725415070242663 0.056785552041279864
0 0.3685725860864117 0.15495357513264246 0.0434227330779055 0.05451412995962879
0 0.3998624966866671 0.1117965555812697 0.026819923371647507 0.027257064979814394
0 0.1757245656521844 0.1651749745000728 0.035759897828863345 0.05224270787797772
0 0.19807450179522398 0.17880350698998002 0.02426564495530013 0.034071331224767895
0 0.2555457661630401 0.06409669186659461 0.024265644955300154 0.04997128579632645
0 0.29577565122051136 0.03683962688678021 0.030651340996168532 0.06814266244953579
0 0.3436683715270248 0.01185398398861718 0.03448275862068967 0.03179990914311673
0 0.20637590664835295 0.08340377956062964 0.030651340996168588 0.047699863714675106
0 0.15848318634183955 0.028889649601001127 0.02171136653895275 0.034071331224767895
0 0.2140387418973951 0.26966039025602784 0.03065134099616856 0.056785552041279864
0 0.1252775669293236 0.22536765966382952 0.02426564495530013 0.03634275330641906
0 0.09973478276584978 0.2230962375821783 0.026819923371647507 0.05451412995962869
0 0.12910898455384467 0.2651175460927255 0.03703703703703704 0.038614175388070326
0 0.2529914877466927 0.1435964647243865 0.02937420178799494 0.02725706497981449
