0 0.6572060471336658 0.4275242249307859 0.02043422733077902 0.018171376653209628
0 0.6271932757415842 0.4275242249307859 0.037037037037037125 0.018171376653209628
0 0.6131447444516736 0.45478128991060024 0.019157088122605345 0.01817137665320953
0 0.5448177968143811 0.4150314034817043 0.01532567049808432 0.015899954571558364
0 0.5709991505819417 0.44455989054316986 0.014048531289910645 0.0068142662449535985
0 0.5818548338514182 0.4638669782372051 0.012771392081736862 0.018171376653209628
0 0.5793005554350708 0.4809026438495889 0.01532567049808432 0.020442798734860892
0 0.5569506192920313 0.46727411135968183 0.016602809706257996 0.015899954571558364
0 0.5371549615653389 0.4911240432170193 0.015325670498084212 0.009085688326604861
0 0.5167207342345599 0.4786312217679378 0.03320561941251599 0.020442798734860795
0 0.4994793549242151 0.47635979968628656 0.014048531289910645 0.01589995457155827
0 0.44073095134822526 0.4286599359716115 0.0191570881226054 0.024985642898163133
0 0.42540528085014095 0.4445598905431699 0.019157088122605345 0.02952848706146556
0 0.3564397636087617 0.5445024621358224 0.008939974457215836 0.024985642898163227
0 0.21914729873008987 0.4377456242982163 0.02043422733077905 0.034071331224767895
0 0.10931332682715246 0.41389569244087876 0.028097062579821207 0.027257064979814394
0 0.0748305682064628 0.3684672508078548 0.04597701149425287 0.049971285796326266
0 0.012889316610038797 0.6853306311981966 0.019157088122605366 0.06132839620458229
