0 0.6463503638641894 0.3275816533381333 0.04214559386973182 0.07268550661283828
0 0.3072699040940745 0.26398183505189987 0.017879948914431617 0.03634275330641906
0 0.6022890611821972 0.4672741113596817 0.03831417624521069 0.06587124036788462
0 0.6303861237620183 0.43660991325739074 0.03831417624521069 0.07268550661283832
0 0.6010119219740235 0.3355316306239125 0.0383141762452108 0.02952848706146556
0 0.5486492144389021 0.2764746565009814 0.028097062579821183 0.03407133122476804
0 0.5186364430468204 0.26966039025602784 0.031928480204342205 0.024985642898163133
0 0.48415368442613077 0.19811059468401523 0.047254150702426584 0.049971285796326266
0 0.4720208619484807 0.4173028255633556 0.05108556832694766 0.024985642898163133
0 0.5033107725487361 0.48544548801289134 0.05747126436781615 0.04769986371467509
