0 0.3845368261885828 0.40594571515509953 0.03448275862068961 0.04769986371467509
0 0.36857258608641175 0.4400170463798675 0.038314176245210746 0.02952848706146556
0 0.582493403455505 0.3014602993991446 0.031928480204342205 0.034071331224767944
0 0.6086747572230656 0.3968600268284948 0.02298850574712648 0.015899954571558364
0 0.631663262970192 0.13678219847943288 0.035759897828863345 0.04088559746972169
0 0.6412418070314948 0.10271086725466494 0.04725415070242663 0.049971285796326266
0 0.619530440492542 0.06636811394824578 0.026819923371647507 0.07268550661283812
0 0.5524806320634232 0.03911104896843148 0.06385696040868452 0.036342753306419256
0 0.6629531735704475 0.19811059468401518 0.03448275862068956 0.040885597469721494
0 0.7446900828935638 0.17653208490832886 0.03448275862068967 0.06132839620458229
0 0.7702328670570375 0.20946770509227122 0.008939974457215836 0.022714220816511962
0 0.532684974336731 0.3184959650115286 0.026819923371647507 0.027257064979814394
0 0.5192750126509073 0.36278869560372684 0.03320561941251588 0.020442798734860795
0 0.6884959577339214 0.3616529845629012 0.008939974457215836 0.013628532489907197
0 0.652736059905058 0.3696029618486804 0.021711366538952805 0.034071331224767895
0 0.6738088568399239 0.4445598905431699 0.01021711366538951 0.02952848706146556
0 0.5984576435576761 0.4422884684615187 0.02043422733077902 0.03407133122476799
0 0.6137833140557605 0.21855339341887592 0.01532567049808432 0.03179990914311673
0 0.6214461493048025 0.20151772780649196 0.02043422733077902 0.04315701955137276
0 0.5486492144389022 0.1890249063574104 0.017879948914431672 0.0272570649798143
0 0.46244231788717793 0.13564648743860722 0.03448275862068967 0.05678555204128004
0 0.43562239451553053 0.14700359784686318 0.024265644955300102 0.047699863714675286
