0 0.764485740620256 0.5831166375238928 0.3703703703703704 0.4701843709017974
0 0.3915610918335381 0.11066084454044413 0.03065134099616864 0.04315701955137257
0 0.3449455107351984 0.1061180003771417 0.021711366538952698 0.05678555204127977
0 0.3666568772741512 0.17993921803080565 0.07279693486590036 0.049971285796326356
0 0.3398369539025036 0.21060341613309674 0.021711366538952698 0.034071331224767895
0 0.2555457661630401 0.27761036754180707 0.03703703703703704 0.05451412995962874
0 0.2778957023060797 0.30941027668492377 0.02298850574712648 0.03634275330641911
0 0.26704001903660335 0.17085352970420087 0.024265644955300102 0.040885597469721494
0 0.29002852478372976 0.17880350698998007 0.016602809706257996 0.024985642898163133
0 0.3174870177594641 0.06409669186659461 0.022988505747126426 0.04542844163302374
0 0.24788293091399793 0.14132504264273527 0.03959131545338445 0.04997128579632645
0 0.19105023615026867 0.19016061739823603 0.022988505747126426 0.02952848706146556
0 0.15145892069688427 0.085675201642281 0.0434227330779055 0.05678555204127977
0 0.18338740090122654 0.11633939974457214 0.035759897828863345 0.04088559746972159
0 0.1182533012843683 0.1651749745000728 0.030651340996168598 0.05224270787797772
0 0.10675904841080508 0.061825269784943446 0.015325670498084306 0.0408855974697214
0 0.2421358044772163 0.03002536064182671 0.030651340996168588 0.06359981828623346
