0 0.24405151328947686 0.2878317669092374 0.016602809706257996 0.06132839620458234
0 0.19743593219113711 0.33326020854226124 0.030651340996168588 0.07041408453118705
0 0.3960310790621461 0.12088224390787457 0.011494252873563187 0.03179990914311673
0 0.3596326116291959 0.12996793223447928 0.020434227330779077 0.06359981828623355
0 0.33025840984120103 0.10384657829549052 0.015325670498084266 0.04315701955137276
0 0.29705279042868504 0.0993037341321882 0.022988505747126426 0.05224270787797743
0 0.42348957203788046 0.09021804580558332 0.012771392081736915 0.038614175388070424
0 0.4145495975806646 0.06409669186659452 0.010217113665389565 0.04088559746972159
0 0.38581396539675655 0.05841813666246659 0.011494252873563187 0.03407133122476771
0 0.454140913034049 0.028889649601001034 0.022988505747126426 0.0613283962045821
0 0.4279595592664884 0.03002536064182671 0.02171136653895275 0.07268550661283812
