0 0.49628650690378084 0.20719628301061999 0.02554278416347383 0.027257064979814394
0 0.3091856129063351 0.0856752016422809 0.031928480204342316 0.04315701955137258
0 0.3117398913226825 0.1220179549487001 0.026819923371647507 0.043157019551372855
0 0.29577565122051136 0.049332448335861735 0.03320561941251599 0.05224270787797743
0 0.2664014494325165 0.024346805437698696 0.030651340996168588 0.04769986371467509
0 0.30854704330224825 0.2060605719697944 0.03320561941251599 0.02952848706146556
0 0.30471562567772714 0.2435390363170391 0.028097062579821235 0.03634275330641916
0 0.28428139834694816 0.18675348427575922 0.02554278416347378 0.03179990914311673
0 0.25235291814260585 0.09703231205053692 0.03320561941251599 0.034071331224767895
0 0.26384717101616906 0.26852467921520223 0.02554278416347383 0.045428441633023876
0 0.25363005735077954 0.2526247246436439 0.025542784163473803 0.013628532489907101
0 0.23702724764452154 0.21968910445970155 0.030651340996168588 0.038614175388070326
0 0.2153158811055688 0.19356775052071284 0.022988505747126426 0.040885597469721494
0 0.21850872912600303 0.156089286173468 0.019157088122605373 0.043157019551372855
0 0.2357501084363479 0.1333750653569561 0.03575989782886339 0.03407133122476809
0 0.22489442516687147 0.1129322666220953 0.026819923371647507 0.034071331224767895
0 0.20893018506470035 0.09135375684640891 0.03831417624521072 0.045428441633023925
0 0.23000298199956623 0.07431809123402497 0.03703703703703704 0.038614175388070424
0 0.1520974903009711 0.13223935431613046 0.03959131545338442 0.06359981828623355
0 0.1546517687173185 0.06863953602989695 0.03448275862068967 0.03634275330641906
0 0.04481779681438106 0.16176784137759598 0.021711366538952743 0.04542844163302412
0 0.08249340345550495 0.08113235747897857 0.02298850574712644 0.034071331224767895
