0 0.4305138376828357 0.6717020987082895 0.037037037037037014 0.08404261702109435
0 0.6706160088194896 0.2991888773174934 0.019157088122605345 0.029528487061465467
0 0.6872188185257477 0.36960296184868036 0.024265644955300154 0.04769986371467509
0 0.6661460215908817 0.3718743839303316 0.028097062579821183 0.056785552041279864
0 0.6297475541579315 0.3730100949711573 0.026819923371647507 0.045428441633023925
0 0.5690834417696812 0.37755293913445964 0.025542784163473723 0.040885597469721494
0 0.46818944432395965 0.009582561906966013 0.03575989782886339 0.03179990914311673
0 0.27917284151425337 0.15495357513264252 0.02554278416347383 0.06814266244953589
0 0.19232737535844235 0.27761036754180707 0.03831417624521069 0.08177119493944304
0 0.12655470613749728 0.061825269784943446 0.05747126436781609 0.03179990914311673
0 0.2874742463673824 0.0924894678872345 0.016602809706257996 0.04769986371467509
0 0.24660579170582425 0.27079610129685344 0.031928480204342316 0.03179990914311678
0 0.20126734981565822 0.21401054925557353 0.035759897828863345 0.040885597469721494
0 0.19488165377478975 0.04592531521338498 0.022988505747126426 0.027257064979814203
0 0.1801945528807923 0.014125406070268253 0.021711366538952726 0.01817137665320953
0 0.16614602159088174 0.04138247105008274 0.02426564495530013 0.06359981828623346
0 0.1508203510927974 0.024346805437698696 0.03448275862068964 0.024985642898163036
0 0.15401319911323166 0.13905362056108414 0.017879948914431672 0.03634275330641916
0 0.102927630786284 0.16858210762254966 0.028097062579821194 0.03634275330641906
0 0.08887909949637342 0.10725371141796727 0.045977011494252866 0.049971285796326266
0 0.07674627701872336 0.14246075368356081 0.016602809706257982 0.07041408453118723
0 0.1252775669293236 0.24467474735786468 0.039591315453384436 0.0613283962045822
0 0.06716773295742066 0.23899619215373674 0.017879948914431676 0.045428441633023925
0 0.04992635364707583 0.33780305270556366 0.03192848020434228 0.04769986371467509
0 0.03396211354490469 0.3219030981340053 0.025542784163473817 0.04315701955137267
0 0.0563120496879443 0.45364557886977463 0.03448275862068966 0.038614175388070424
0 0.09079480830863394 0.38777433850188997 0.014048531289910592 0.0613283962045822
