0 0.22042443793826358 0.446831312624821 0.033205619412515965 0.0204427987348607
0 0.14826607267645003 0.4161671145225299 0.026819923371647507 0.01817137665320953
0 0.1489046422805369 0.446831312624821 0.015325670498084294 0.0204427987348607
0 0.0888790994963734 0.41730282556335546 0.02043422733077905 0.015899954571558364
0 0.08824052989228656 0.6444450337284752 0.029374201787994884 0.04315701955137276
0 0.33855981469433 0.6433093226876495 0.05747126436781609 0.045428441633023925
0 0.6546517687173186 0.4945311763394962 0.07151979565772669 0.08404261702109425
0 0.7217015771464372 0.42411709180830914 0.09067688378033203 0.08858546118439659
0 0.962442317887178 0.173124951785852 0.07407407407407414 0.09085688326604785
0 0.9490323562013543 0.09021804580558332 0.019157088122605453 0.06132839620458248
0 0.8257884226125931 0.17312495178585205 0.017879948914431672 0.049971285796326356
0 0.6578446167377527 0.31622454292987734 0.019157088122605345 0.013628532489907101
0 0.664868882382708 0.3343959195830869 0.02043422733077902 0.03634275330641906
0 0.6393260982192341 0.36733153976702926 0.02043422733077902 0.02952848706146556
0 0.652736059905058 0.3889100495427156 0.016602809706257996 0.0272570649798143
0 0.6329404021783658 0.40708142619592513 0.028097062579821183 0.02271422081651187
