0 0.5844091122677655 0.5240596634009617 0.07407407407407403 0.04769986371467519
0 0.36282545964963014 0.5399596179725201 0.031928480204342316 0.07041408453118705
0 0.5397092399816863 0.4366099132573907 0.02298850574712648 0.022714220816511962
0 0.2715100062652112 0.5899309037688464 0.020434227330779077 0.05224270787797772
0 0.23511153883226102 0.4207099586858323 0.01149425287356324 0.022714220816511962
0 0.2338343996240873 0.40140287099179717 0.008939974457215836 0.0068142662449535985
0 0.21787015952191618 0.3911814716243668 0.010217113665389538 0.01817137665320953
0 0.20062878021157135 0.35370300727712206 0.003831417624521053 0.011357110408255934
0 0.19935164100339767 0.4002671599509716 0.014048531289910592 0.022714220816511962
0 0.18658024892166075 0.36619582872620365 0.011494252873563213 0.01817137665320953
0 0.17125457842357647 0.3968600268284948 0.014048531289910618 0.015899954571558364
0 0.17253171763175015 0.40935284827757634 0.014048531289910592 0.01817137665320953
