0 0.1676606314928223 0.3366136155182604 0.04993429697766098 0.03739339794865462
0 0.647949724791114 0.09472507253790072 0.024967148488830613 0.039730485320445416
0 0.728764442268118 0.11459031519812361 0.03679369250985549 0.03739339794865473
0 0.8076080690749511 0.13328701417245079 0.023653088042049856 0.028045048461491136
0 0.7366488049488014 0.16834332474931457 0.023653088042049963 0.03739339794865465
0 0.7300785027148986 0.20924235375565559 0.023653088042049963 0.035056310576863633
0 0.7543886209803388 0.21508507218513287 0.022339027595269314 0.018696698974327266
0 0.7261363213745569 0.25715264487736933 0.03153745072273332 0.028045048461490946
0 0.8503150335953191 0.21041089744155103 0.011826544021024982 0.023370873717909153
0 0.881195454094662 0.22677050904408744 0.018396846254927796 0.03271922320507283
0 0.8279760060000496 0.26416390699274206 0.011826544021024874 0.014022524230745473
0 0.8825095145414426 0.2758493438516966 0.026281208935611047 0.03739339794865462
