0 0.22022304936404435 0.34128779026184225 0.049934296977660955 0.060764271666563875
0 0.243219107182704 0.3880295376976606 0.05387647831800264 0.08413514538447293
0 0.21168165645997078 0.3693328387233332 0.043363994743758225 0.046741747435818305
0 0.20773947511962915 0.3436248776336332 0.05913272010512485 0.07011262115372736
0 0.18474341730096946 0.3962093434989288 0.04730617608409987 0.05375300955119109
0 0.18802856841792082 0.38335536295407874 0.03547963206307489 0.03739339794865462
0 0.22350820048099576 0.4067262366719879 0.032851511169513785 0.04674174743581821
0 0.15714814791857784 0.39153516875534694 0.04204993429697768 0.05375300955119099
0 0.12298257630228351 0.34245633394773767 0.04730617608409991 0.05375300955119104
0 0.1722598430565542 0.3471305086913195 0.02759526938239159 0.06310135903835468
0 0.15386299680162646 0.3564788581784833 0.024967148488830478 0.06310135903835468
0 0.12495366697245433 0.3085685670567694 0.045992115637319315 0.07478679589730924
0 0.15977626881213897 0.2863662370247558 0.055190538764783206 0.10516893173059119
