0 0.8102361899685122 0.47216468308213355 0.021024967148488772 0.07011262115372746
0 0.9488695671038605 0.012927014525218782 0.019710906701708338 0.016359611602536465
0 0.9488695671038605 0.03980351930081428 0.014454664914586171 0.01869669897432736
0 0.9232453883916397 0.023443907698277814 0.013140604467805524 0.01869669897432736
0 0.9409852044231772 0.049151868787977865 0.003942181340341732 0.014022524230745568
0 0.9298156906255425 0.06901711144820068 0.01051248357424444 0.025707961089700047
0 0.9133899350407856 0.026949538755964255 0.0013140604467805415 0.007011262115372689
0 0.8930219981156869 0.046814781416187064 0.015768725361366608 0.014022524230745377
0 0.8430877011380261 0.01993827664059147 0.031537450722733215 0.03038213583328184
0 0.8542572149356608 0.07135419881999157 0.006570302233902708 0.016359611602536465
0 0.8614845473929538 0.10290487833916895 0.005256241787122274 0.01402252423074539
0 0.809579159745122 0.13211847048655534 0.014454664914586066 0.025707961089700238
0 0.8135213410854636 0.11575885888401898 0.0013140604467805415 0.002337087371791087
0 0.7911823134901943 0.08187109199305069 0.01708278580814715 0.028045048461491123
0 0.7583308023206805 0.0549945872174553 0.006570302233902708 0.011685436858954672
0 0.762272983661022 0.13912973260192807 0.02759526938239159 0.049078834807609294
0 0.7504464396399972 0.032792257185441494 0.01708278580814715 0.01869669897432717
0 0.7228511702576056 0.007084296095741446 0.02233902759526942 0.023370873717909343
0 0.7267933515979472 0.18820856740953731 0.022339027595269314 0.025707961089700047
0 0.7110246262365806 0.18002876160826914 0.03285151116951386 0.03271922320507283
0 0.6624043897057 0.13679264523013718 0.03285151116951386 0.044404660064027504
0 0.6683176617162127 0.12277012099939176 0.00788436268068325 0.011685436858954481
0 0.6663465710460418 0.10056779096737806 0.006570302233902708 0.014022524230745759
0 0.633495059876528 0.05382604353155975 0.006570302233902816 0.014022524230745759
0 0.640722392333821 0.09823070359558717 0.00788436268068325 0.03739339794865472
0 0.6131271229514295 0.0818710919930507 0.013140604467805524 0.014022524230745365
0 0.6282388180894058 0.11225322782633254 0.011826544021024982 0.014022524230745377
0 0.6052427602707461 0.11575885888401898 0.005256241787122274 0.002337087371791087
0 0.6236396065256739 0.128612839428869 0.01051248357424444 0.023370873717908962
0 0.6564911176951876 0.16133206263394181 0.015768725361366608 0.009348349487163609
0 0.6321809994297475 0.14847808208909175 0.01971090670170823 0.016359611602536534
0 0.6058997904941363 0.1543208005185691 0.006570302233902816 0.009348349487163704
0 0.5940732464731114 0.15665788789035995 0.009198423127463898 0.04206757269223647
0 0.5769904606649643 0.14614099471730085 0.011826544021024874 0.03505631057686373
0 0.578961551335135 0.11575885888401896 0.007884362680683358 0.02570796108970006
0 0.5999865184836239 0.05733167458924619 0.005256241787122166 0.016359611602536465
0 0.5947302766965017 0.03512934455723239 0.021024967148488772 0.023370873717908962
0 0.5888170046859893 0.05148895615976885 0.01708278580814715 0.023370873717908962
0 0.5658209468673295 0.06668002407640977 0.023653088042049856 0.03038213583328184
0 0.5553084632930853 0.07018565513409622 0.005256241787122166 0.03271922320507293
0 0.5106304081025465 0.05616313090335065 0.01839684625492769 0.028045048461491136
0 0.5474241006124019 0.0818710919930507 0.013140604467805524 0.023370873717908962
0 0.5388827077083282 0.09005089779431893 0.014454664914586066 0.021033786346118258
0 0.540853798378499 0.10407342202506449 0.007884362680683358 0.0070112621153728795
0 0.5605647050802073 0.12861283942886897 0.02890932982917213 0.028045048461491064
0 0.5638498561971587 0.14497245103140546 0.05124835742444155 0.05609009692298189
0 0.523771012570352 0.1601635189480464 0.01839684625492769 0.016359611602536465
0 0.5369116170381574 0.16483769369162818 0.002628120893561083 0.021033786346118258
0 0.535597556591377 0.1765231305505828 0.01839684625492769 0.011685436858954576
0 0.5178577405598394 0.1730174994928964 0.019710906701708338 0.03739339794865472
0 0.49091950140083807 0.1239386646852872 0.023653088042049963 0.046741747435818305
0 0.5112874383259366 0.128612839428869 0.022339027595269314 0.023370873717908962
0 0.530998345027645 0.11342177151222808 0.02233902759526942 0.016359611602536465
0 0.5152296196662783 0.09939924728148251 0.02759526938239159 0.03038213583328184
0 0.5172007103364491 0.08654526673663249 0.018396846254927796 0.014022524230745377
