0 0.35294315448888014 0.16834332474931457 0.01576872536136666 0.014022524230745473
0 0.350315033595319 0.21157944112744648 0.026281208935611047 0.04440466006402741
0 0.42455944883842023 0.1648376936916282 0.011826544021025035 0.016359611602536392
0 0.4186461768279078 0.17184895580700094 0.018396846254927744 0.030382135833281865
0 0.43047272084893273 0.18353439266595548 0.002628120893561083 0.0116854368589546
0 0.40944775370044384 0.20223109164028286 0.023653088042049963 0.03505631057686373
0 0.41536102571095634 0.19638837321080554 0.02233902759526937 0.028045048461490946
0 0.4462414462102993 0.20223109164028286 0.010512483574244386 0.011685436858954576
0 0.45938205067810484 0.19288274215311918 0.013140604467805524 0.03973048532044552
0 0.46463829246522703 0.24079303327483298 0.01051248357424444 0.046741747435818305
0 0.4186461768279078 0.2466357517043102 0.018396846254927744 0.025707961089700047
