0 0.6564911176951876 0.1309499268006599 0.015768725361366608 0.03271922320507293
0 0.6650325105992613 0.15198371314677817 0.006570302233902708 0.018696698974327335
0 0.6315239692063571 0.13912973260192812 0.013140604467805524 0.021033786346118234
0 0.6183833647385517 0.1531522568326737 0.02890932982917224 0.03038213583328184
0 0.6637184501524808 0.06668002407640977 0.03285151116951376 0.039730485320445805
0 0.6282388180894057 0.038634975614918736 0.006570302233902708 0.007011262115372689
0 0.6118130625046488 0.08303963567894625 0.0 0.01635961160253645
0 0.538225677484938 0.15782643157625545 0.01051248357424444 0.030382135833281913
0 0.5684490677608908 0.08070254830715515 0.031537450722733215 0.06777553378193656
0 0.6058997904941364 0.2033996353261783 0.003942181340341732 0.014022524230745473
0 0.6374372412168696 0.2513099264478921 0.003942181340341732 0.016359611602536368
0 0.6210114856321128 0.26416390699274206 0.0 0.014022524230745473
0 0.6269247576426251 0.24079303327483292 0.003942181340341625 0.014022524230745473
0 0.7044543240026777 0.28519769333886025 0.014454664914586066 0.023370873717909153
0 0.6229825763022835 0.2910404117683376 0.014454664914586066 0.007011262115372689
0 0.6190403949619419 0.3015573049413967 0.01708278580814715 0.028045048461490897
0 0.619040394961942 0.33310798446057405 0.022339027595269314 0.025707961089700047
0 0.6223255460788932 0.34713050869131956 0.0341655716162944 0.030382135833281938
0 0.6361231807700891 0.3775126445246015 0.03810775295663603 0.03038213583328184
