0 0.5802756117819157 0.07602837356357355 0.04730617608409982 0.03038213583328184
0 0.5507092517293531 0.044477694044396165 0.024967148488830505 0.042067572692236516
0 0.6394083318870405 0.15198371314677814 0.031537450722733215 0.051415922179400074
0 0.18014420573723755 0.03746643192902328 0.03810775295663603 0.01869669897432717
0 0.08684591401581832 0.028118082441859607 0.017082785808147188 0.03739339794865453
0 0.08421779312225722 0.04214060667260518 0.014454664914586066 0.01869669897432736
0 0.0822467024520864 0.13796118891603268 0.04730617608409987 0.06543844641014566
0 0.07304827932462253 0.01058992715342779 0.01839684625492773 0.03038213583328203
0 0.9567539297845438 0.1905456547813283 0.03810775295663603 0.04440466006402731
0 0.909447753700444 0.21625361587102837 0.02759526938239159 0.049078834807609203
0 0.9160180559343467 0.2548155575055784 0.01708278580814715 0.00934834948716368
0 0.8746251518607594 0.2700066254222194 0.02628120893561094 0.03505631057686368
0 0.8529431544888803 0.3821868192681833 0.02233902759526942 0.03973048532044552
0 0.8575423660526121 0.35180468343490134 0.013140604467805524 0.03505631057686373
0 0.8733110914139787 0.35063613974900587 0.007884362680683358 0.03739339794865462
0 0.8871087261051747 0.3366136155182605 0.01708278580814715 0.023370873717909104
0 0.9061626025834925 0.3284338097169922 0.015768725361366608 0.03505631057686373
0 0.9593820506781049 0.23261322747356475 0.011826544021024982 0.03038213583328184
0 0.9449273857635188 0.27935497490938305 0.006570302233902816 0.03038213583328184
0 0.9383570835296161 0.3775126445246015 0.03285151116951376 0.03038213583328184
0 0.962010171571666 0.3518046834349014 0.017082785808147257 0.021033786346118258
0 0.921274297721469 0.3623215766079605 0.024967148488830505 0.042067572692236516
0 0.9055055723601022 0.3658272076656469 0.01708278580814715 0.021033786346118258
0 0.9081336932536633 0.3868609940117651 0.017082785808147257 0.016359611602536465
0 0.9035344816899314 0.3880295376976606 0.04467805519053874 0.03739339794865472
0 0.8982782399028093 0.40789478035788335 0.03942181340341657 0.04440466006402731
