0 0.3562283056058315 0.17184895580700094 0.04073587385019711 0.03505631057686373
0 0.4022204212431508 0.128612839428869 0.006570302233902762 0.0140225242307454
0 0.43770005330622574 0.15782643157625548 0.011826544021024982 0.0397304853204454
0 0.667003601269432 0.07602837356357336 0.018396846254927796 0.035056310576863633
0 0.7445331676294847 0.14730953840319638 0.039421813403416675 0.042067572692236516
0 0.6341520900999182 0.08537672305073714 0.01839684625492769 0.021033786346118234
0 0.6538629968016266 0.10757905308275084 0.005256241787122166 0.01869669897432736
0 0.6367802109934794 0.07135419881999167 0.01051248357424444 0.011685436858954481
0 0.6486067550145044 0.06784856776230523 0.0 0.023370873717909153
0 0.6413794225572113 0.13679264523013723 0.022339027595269314 0.021033786346118258
0 0.46660938313539785 0.13445555785834631 0.024967148488830505 0.016359611602536392
0 0.46792344358217847 0.11692740256991441 0.009198423127463846 0.028045048461490956
0 0.46463829246522703 0.12744429574297364 0.007884362680683358 0.011685436858954672
0 0.4731796853693006 0.11575885888401898 0.003942181340341732 0.011685436858954672
0 0.4495265973272507 0.08654526673663258 0.02233902759526937 0.028045048461490946
0 0.4331008417424938 0.0795340046212599 0.018396846254927744 0.014022524230745568
0 0.4422992648699577 0.09939924728148251 0.013140604467805524 0.03038213583328184
0 0.4547828391143729 0.128612839428869 0.011826544021024928 0.023370873717908962
0 0.4974898036347408 0.09355652885200517 0.0 0.0
0 0.4896054409540575 0.09121944148021448 0.015768725361366552 0.032719223205072916
0 0.46595235291200754 0.0818710919930507 0.010512483574244386 0.014022524230745365
0 0.4626672017950562 0.1017363346532736 0.02233902759526937 0.03038213583328184
0 0.4422992648699577 0.08654526673663258 0.018396846254927744 0.028045048461490946
0 0.438357083529616 0.059668761961036994 0.031537450722733215 0.04440466006402741
0 0.4606961111248854 0.0701856551340962 0.00525624178712222 0.01869669897432717
0 0.44032817419978687 0.07252274250588701 0.01971090670170823 0.01869669897432736
0 0.4239024186150299 0.07485982987767802 0.007884362680683358 0.0
0 0.45281174844420213 0.12043303362760097 0.018396846254927744 0.025707961089700047
0 0.48697732006049643 0.10991614045454172 0.007884362680683358 0.028045048461490956
