0 0.571734218877842 0.981649730132553 0.02759526938239159 0.03739339794865472
0 0.5296842845808644 0.9395821574403165 0.024967148488830505 0.051415922179400095
0 0.5217999219001811 0.9909980796197166 0.030223390275952566 0.042067572692236516
0 0.46463829246522703 0.9524361379851665 0.03679369250985543 0.06310135903835477
0 0.45478283911437295 0.8484357499404708 0.030223390275952725 0.11685436858954586
0 0.3995923003495897 0.7163903134342842 0.024967148488830453 0.04440466006402741
0 0.4061626025834925 0.6918508960304794 0.043363994743758245 0.07478679589730924
0 0.4547828391143729 0.55279419740892 0.0170827858081472 0.03973048532044552
0 0.3963071492326384 0.5562998284666064 0.02890932982917213 0.07011262115372727
0 0.4147039954875661 0.5177378868320565 0.018396846254927744 0.025707961089699954
0 0.40024933057298 0.48034448888340175 0.013140604467805577 0.03505631057686382
0 0.40024933057298 0.46398487728086535 0.013140604467805577 0.025707961089700145
0 0.3976212096794189 0.49553555680004263 0.005256241787122166 0.00934834948716368
0 0.39827823990280914 0.44762526567832894 0.003942181340341625 0.016359611602536465
0 0.39696417945602863 0.43710837250526974 0.011826544021024982 0.028045048461490946
0 0.4239024186150299 0.44879380936422436 0.005256241787122166 0.004674174743581792
0 0.43770005330622574 0.46749050833855166 0.011826544021024982 0.02804504846149104
0 0.4514976879974215 0.46749050833855166 0.01051248357424444 0.02804504846149104
0 0.3568853358292218 0.5259176926333246 0.007884362680683358 0.023370873717909153
0 0.3595134567227829 0.5165693431461609 0.002628120893561137 0.009348349487163775
0 0.3726540611905884 0.5224120615756382 0.00525624178712222 0.035056310576863536
0 0.35425721493566065 0.48385011994108806 0.010512483574244386 0.032719223205072735
0 0.37593921230753974 0.48034448888340175 0.006570302233902762 0.03505631057686382
0 0.3765962425309301 0.46749050833855166 0.015768725361366608 0.04674174743581821
0 0.3595134567227829 0.4394454598770607 0.010512483574244386 0.042067572692236516
0 0.3115502504152927 0.4826815762551927 0.011826544021024982 0.030382135833281938
0 0.324033824659708 0.4651534209667608 0.0 0.01869669897432736
0 0.3378314593509038 0.4628163335949699 0.006570302233902762 0.03739339794865462
0 0.3404595802444649 0.42425439196041975 0.011826544021024928 0.03038213583328184
0 0.3292900664468302 0.43710837250526974 0.0 0.028045048461490946
0 0.32074867354275655 0.4464567219924334 0.003942181340341679 0.028045048461490946
0 0.27475655790543724 0.44996235305011983 0.006570302233902708 0.021033786346118258
0 0.2964385552773164 0.4324341977616879 0.0 0.03739339794865462
0 0.3076080690749511 0.43126565407579254 0.009198423127463846 0.025707961089700145
0 0.3168064922024149 0.40789478035788335 0.009198423127463898 0.030382135833281938
0 0.36082751716956346 0.4931984694282517 0.018396846254927744 0.014022524230745473
0 0.3759392123075398 0.5726594400691428 0.003942181340341625 0.00934834948716387
0 0.4160180559343466 0.5714908963832473 0.01051248357424444 0.03973048532044542
