0 0.49880386408152144 0.5598054595242928 0.03679369250985549 0.03973048532044562
0 0.5158866498896686 0.5434458479217564 0.023653088042049963 0.021033786346118258
0 0.44295629509334794 0.5668167216396656 0.03547963206307489 0.03038213583328184
0 0.4087907234770536 0.567985265325561 0.032851511169513806 0.03739339794865453
0 0.3562283056058315 0.5352660421204882 0.03810775295663603 0.028045048461490946
0 0.31614946197902466 0.5270862363192201 0.04993429697766101 0.04440466006402731
0 0.3128643108620733 0.5013782752295199 0.02759526938239164 0.021033786346118258
0 0.3260049153298788 0.5025468189154154 0.01445466491458612 0.023370873717909153
0 0.3181205526491955 0.5598054595242928 0.03810775295663603 0.03973048532044562
0 0.25176050008677764 0.5165693431461609 0.04730617608409987 0.051415922179400095
0 0.2898682530434137 0.524749148947429 0.060446780551905395 0.025707961089700047
0 0.28264092058612056 0.5586369158383974 0.04073587385019711 0.02804504846149085
0 0.25110346986338733 0.5656481779537701 0.024967148488830478 0.04206757269223632
0 0.27015734634170535 0.567985265325561 0.026281208935611047 0.023370873717909153
0 0.2655581347779734 0.5971988574729474 0.024967148488830398 0.03038213583328184
