0 0.4639812622418368 0.10757905308275084 0.04599211563731933 0.04206757269223632
0 0.47317968536930066 0.015264101897009679 0.032851511169513806 0.035056310576863633
0 0.6518919061314558 0.059668761961036994 0.017082785808147257 0.049078834807609203
0 0.7005121426623362 0.019938276640591474 0.01971090670170823 0.053753009551190806
0 0.7734424974586568 0.06200584933282799 0.013140604467805524 0.04440466006402722
0 0.5986724580368433 0.12277012099939166 0.03679369250985538 0.035056310576863633
0 0.5677920375375005 0.12277012099939177 0.030223390275952673 0.049078834807609203
0 0.5415108286018894 0.197556916896701 0.02233902759526942 0.03973048532044564
0 0.5605647050802074 0.1998940042684919 0.013140604467805524 0.021033786346118258
0 0.5822467024520865 0.1882085674095374 0.024967148488830505 0.03505631057686373
0 0.5901310651327698 0.1753545868646873 0.014454664914586066 0.028045048461490946
0 0.6111560322812586 0.1823658489800601 0.019710906701708338 0.046741747435818305
0 0.6229825763022835 0.23261322747356467 0.014454664914586066 0.03505631057686373
0 0.5940732464731114 0.22677050904408746 0.009198423127463898 0.04206757269223642
0 0.5921021558029406 0.20106254795438733 0.013140604467805524 0.046741747435818326
0 0.5539944028463046 0.22677050904408746 0.021024967148488772 0.04674174743581821
0 0.5618787655269878 0.2863662370247558 0.02102496714848888 0.04440466006402736
0 0.5802756117819157 0.307400023370874 0.01051248357424444 0.025707961089700047
0 0.5894740349093794 0.3097371107426649 0.015768725361366608 0.04440466006402731
0 0.5776474908883545 0.26299536330684664 0.015768725361366608 0.03973048532044552
0 0.5901310651327698 0.27935497490938305 0.009198423127463898 0.016359611602536465
0 0.5901310651327698 0.26533245067863753 0.01708278580814715 0.030382135833281938
0 0.5967013673666726 0.2594897322491603 0.011826544021024982 0.03739339794865462
0 0.6104990020578682 0.2501413827619966 0.015768725361366608 0.02804504846149104
0 0.873968121637369 0.01876973295469602 0.01971090670170823 0.028045048461490946
0 0.8864516958817843 0.032792257185441494 0.021024967148488664 0.028045048461490755
0 0.9232453883916397 0.06784856776230522 0.018396846254927796 0.032719223205072735
0 0.919303207051298 0.11809594625580998 0.015768725361366608 0.03973048532044562
0 0.9331008417424939 0.12043303362760086 0.009198423127463898 0.04907883480760921
