0 0.3260049153298788 0.01876973295469602 0.011826544021024928 0.01869669897432736
0 0.32731897577665936 0.01409555821111423 0.009198423127463846 0.009348349487163777
0 0.3108932201919024 0.011758470839323333 0.01051248357424444 0.014022524230745568
0 0.3016947970644386 0.024612451384173357 0.007884362680683304 0.03038213583328203
0 0.29906667617087745 0.016432645582905126 0.0 0.03739339794865453
0 0.2905252832668039 0.025780995070068806 0.011826544021024982 0.014022524230745377
0 0.2727854672352665 0.01876973295469602 0.0 -0.004674174743581983
0 0.3141783713088538 0.03162371349954595 0.0170827858081472 0.03038213583328184
0 0.30103776684104827 0.04330915035850062 0.003942181340341679 0.007011262115372498
0 0.28461201125629143 0.040972062986709724 0.010512483574244386 0.016359611602536465
0 0.27015734634170535 0.0549945872174552 0.0 0.007011262115372689
0 0.31417837130885384 0.07252274250588711 0.009198423127463846 0.014022524230745377
0 0.2918393437135844 0.06551148039051442 0.0013140604467805415 0.009348349487163584
0 0.2727854672352665 0.07719691724946891 0.0 0.0
0 0.285926071703072 0.07836546093536435 0.00525624178712222 0.0070112621153726766
0 0.2905252832668039 0.09472507253790072 0.011826544021024982 0.011685436858954672
0 0.2951244948305358 0.09589361622379627 0.00525624178712222 0.009348349487163584
0 0.30432291795799965 0.08654526673663249 0.01051248357424444 0.004674174743581792
