0 0.7445331676294845 0.6638058475689886 0.0683311432325887 0.05609009692298198
0 0.22022304936404438 0.008252839781636894 0.015768725361366632 0.04440466006402741
0 0.19591293109860416 0.03396080087133694 0.022339027595269394 0.025707961089699857
0 0.20182620310911664 0.05850021827514154 0.023653088042049936 0.023370873717909343
0 0.18277232663079865 0.06317439301872353 0.030223390275952697 0.046741747435818305
0 0.16634657104604172 0.074859829877678 0.023653088042049936 0.028045048461490755
0 0.1781731150670667 0.1309499268006599 0.021024967148488827 0.01869669897432717
0 0.2412480165125332 0.07252274250588711 0.005256241787122193 0.014022524230745377
0 0.2727854672352664 0.14964662577498725 0.03679369250985543 0.03739339794865472
0 0.6052427602707461 0.09238798516610983 0.05781865965834437 0.06777553378193656
0 0.9534687786675924 0.15782643157625553 0.00788436268068325 0.049078834807609106
0 0.9790929573798132 0.11926448994170541 0.02759526938239159 0.03739339794865472
0 0.9495265973272506 0.320254003915724 0.04993429697766091 0.051415922179400095
0 0.9468984764336897 0.40789478035788335 0.04204993429697776 0.030382135833281938
0 0.9462414462102994 0.42542293564631517 0.07490144546649141 0.051415922179400095
0 0.9488695671038604 0.4815130325692972 0.07490144546649141 0.07478679589730916
0 0.904848542136712 0.4569736151654926 0.04730617608409982 0.03973048532044562
0 0.8660837589566858 0.48618720731287896 0.03285151116951376 0.051415922179400095
0 0.8437447313614163 0.5048839062872064 0.02759526938239159 0.05609009692298189
0 0.8792243634244912 0.3705013824092287 0.01708278580814715 0.04440466006402731
0 0.9022204212431509 0.3459619650054241 0.02890932982917224 0.03739339794865462
0 0.8726540611905885 0.20339963532617827 0.04073587385019722 0.03739339794865462
0 0.7471612885230456 0.17769167423647825 0.04730617608409993 0.05141592217940019
0 0.7248222609277765 0.2080738100697601 0.04467805519053874 0.042067572692236516
0 0.598015427813453 0.22209633430050563 0.04073587385019711 0.051415922179400095
0 0.2662151650013637 0.17184895580700096 0.018396846254927744 0.021033786346118258
0 0.2662151650013637 0.2150850721851329 0.018396846254927744 0.023370873717909055
0 0.2484753489698262 0.23027614010177383 0.017082785808147174 0.021033786346118258
0 0.3733110914139787 0.2524784701337875 0.030223390275952725 0.03739339794865462
0 0.3246908548830983 0.25832118856326486 0.009198423127463846 0.011685436858954528
0 0.285926071703072 0.24546720801841476 0.026281208935610992 0.03739339794865472
0 0.3062940086281705 0.2711751691081148 0.02759526938239164 0.023370873717909153
0 0.331261157117001 0.3027258486272922 0.01708278580814715 0.03038213583328184
0 0.30497994818138996 0.2840291496529649 0.011826544021024982 0.011685436858954576
0 0.3654267287332954 0.35764740186437866 0.02233902759526937 0.023370873717909153
0 0.5730482793246225 0.29688313019781487 0.0433639947437583 0.028045048461490946
0 0.42653053950859104 0.3144112854862468 0.02365308804204991 0.049078834807609203
0 0.42850163017876186 0.34362487763363314 0.0512483574244415 0.051415922179400095
0 0.45084065777403126 0.4008835182425106 0.01971090670170823 0.016359611602536465
0 0.43178678129571324 0.39387225612713783 0.03416557161629435 0.049078834807609203
0 0.4199602372746883 0.3985464308707197 0.01576872536136666 0.03038213583328184
0 0.3903938772221259 0.4149060424732561 0.01971090670170823 0.03038213583328184
0 0.36739781940346616 0.39504079981303336 0.021024967148488827 0.023370873717909153
0 0.6525489363548459 0.25715264487736933 0.0341655716162944 0.042067572692236516
0 0.6466356643443335 0.3038943923131876 0.03810775295663603 0.032719223205072735
0 0.6157552438449905 0.3179169165439331 0.02890932982917213 0.028045048461490946
0 0.7826409205861207 0.28052351859527846 0.052562417871222095 0.046741747435818305
0 0.7524175303101679 0.29805167388371034 0.02890932982917213 0.03973048532044552
0 0.8036658877346096 0.3775126445246015 0.03679369250985549 0.06310135903835477
0 0.6656895408226515 0.37517555715281053 0.04993429697766101 0.03505631057686373
0 0.6913137195348723 0.3962093434989287 0.030223390275952673 0.03505631057686378
0 0.7228511702576056 0.39971497455661514 0.04862023653088047 0.028045048461490946
0 0.6479497247911141 0.41607458615915155 0.01971090670170823 0.03271922320507283
0 0.6637184501524807 0.4371083725052698 0.0433639947437582 0.014022524230745568
0 0.68605747774775 0.47099613939623813 0.04073587385019711 0.05375300955119109
0 0.7129957169067515 0.4791759451975063 0.052562417871221984 0.03739339794865472
0 0.6420364527806015 0.4534679841078062 0.0341655716162943 0.03271922320507283
0 0.6098419718344781 0.49436701311414716 0.03810775295663603 0.049078834807609106
0 0.457410960007934 0.445288178306538 0.01708278580814715 0.030382135833281938
0 0.46463829246522703 0.46632196465265624 0.026281208935611047 0.030382135833281938
0 0.5369116170381575 0.5434458479217563 0.060446780551905346 0.049078834807609203
0 0.7031402635558972 0.5352660421204881 0.04599211563731928 0.04674174743581821
0 0.7064254146728487 0.5130637120884745 0.03942181340341646 0.04440466006402741
0 0.7951244948305358 0.4967041004859381 0.048620236530880365 0.04440466006402722
0 0.7281074120447277 0.5726594400691428 0.04073587385019711 0.00934834948716387
0 0.9751507760394714 0.6357607991074975 0.04073587385019711 0.03739339794865453
