0 0.9291586604021522 0.5785021584986202 0.07227332457293022 0.07712388326910033
0 0.7425620769593138 0.5796707021845156 0.04073587385019711 0.046741747435818305
0 0.8516290940420996 0.636929342793393 0.01708278580814715 0.035056310576863633
0 0.873968121637369 0.7502780803252523 0.014454664914586066 0.06076427166656368
0 0.8647696985099053 0.7841658472162206 0.02233902759526953 0.03973048532044542
0 0.8529431544888801 0.7818287598444296 0.02759526938239159 0.04440466006402741
0 0.8437447313614164 0.7759860414149525 0.011826544021024982 0.023370873717909153
0 0.8529431544888803 0.6918508960304794 0.009198423127463792 0.023370873717909055
0 0.8490009731485385 0.7140532260624931 0.014454664914586066 0.035056310576863633
0 0.8246908548830982 0.6661429349407794 0.015768725361366608 0.03739339794865453
0 0.8260049153298789 0.7350870124086114 0.00788436268068325 0.0070112621153728795
0 0.8062940086281706 0.6825025465433158 0.03679369250985549 0.05141592217940019
0 0.809579159745122 0.5855134206139929 0.03285151116951386 0.07244970852551835
0 0.39565011900924807 0.23611885853125114 0.06176084099868594 0.05609009692298198
0 0.2412480165125332 0.03279225718544159 0.03416557161629433 0.05609009692298208
0 0.9068196328068828 0.05966876196103699 0.03547963206307484 0.03505631057686382
