0 0.2576737720972901 0.032792257185441494 0.0170827858081472 0.01869669897432717
0 0.2649011045545831 0.08771381042252803 0.03942181340341657 0.053753009551190806
0 0.26490110455458316 0.1765231305505828 0.028909329829172183 0.05375300955119111
0 0.2221941400342152 0.07719691724946891 0.006570302233902762 0.01869669897432755
0 0.31089322019190246 0.1589949752621509 0.015768725361366608 0.03271922320507281
0 0.37331109141397867 0.08187109199305079 0.01445466491458612 0.04206757269223631
0 0.36542672873329535 0.16717478106341913 0.0170827858081472 0.030382135833281938
0 0.36345563806312453 0.19638837321080557 0.01051248357424444 0.014022524230745568
0 0.38579466565839393 0.20807381006976008 0.007884362680683304 0.014022524230745473
0 0.40616260258349246 0.25715264487736933 0.019710906701708285 0.046741747435818305
0 0.38250951454144255 0.26065827593505575 0.030223390275952673 0.03505631057686373
0 0.45609689956115346 0.022275364012382365 0.030223390275952618 0.025707961089700047
0 0.4784359271564228 0.04330915035850062 0.011826544021024928 0.021033786346118258
0 0.41930320705129803 0.0842081793648416 0.043363994743758245 0.051415922179400095
0 0.4528117484442021 0.09005089779431893 0.015768725361366608 0.03038213583328183
0 0.4468984764336896 0.15782643157625553 0.024967148488830453 0.049078834807609106
0 0.4725226551459104 0.16016351894804637 0.031537450722733264 0.025707961089700047
0 0.5165436801130588 0.16951186843521 0.045992115637319385 0.05842718429477298
0 0.500117924528302 0.2337817711594602 0.03942181340341657 0.03739339794865477
0 0.4994608943049117 0.2501413827619966 0.030223390275952777 0.05609009692298198
0 0.4712085946991298 0.24079303327483298 0.02365308804204991 0.0233708737179092
0 0.4896054409540575 0.31441128548624675 0.03679369250985549 0.03505631057686373
0 0.500117924528302 0.37400701346691506 0.05781865965834437 0.03739339794865462
0 0.5421678588252796 0.4114004114155697 0.03942181340341657 0.0654384464101457
0 0.526399133463913 0.4861872073128789 0.0341655716162944 0.06543844641014557
0 0.47252265514591035 0.5095580810307883 0.04730617608409982 0.023370873717909153
0 0.5369116170381575 0.5738279837550384 0.04467805519053874 0.049078834807609203
0 0.59078809535616 0.5469514789794427 0.052562417871222095 0.028045048461490946
0 0.6584622083653584 0.5656481779537702 0.05124835742444144 0.032719223205072735
0 0.6532059665782363 0.6018730322165293 0.05124835742444155 0.03038213583328203
0 0.6032716696005753 0.6205697311908566 0.024967148488830505 0.030382135833281938
0 0.6354661505466987 0.6322551680498112 0.0341655716162943 0.025707961089699954
0 0.7425620769593139 0.47099613939623813 0.05650459921156372 0.05375300955119109
0 0.726136321374557 0.567985265325561 0.04467805519053874 0.05609009692298208
0 0.7162808680237027 0.6930194397163748 0.03285151116951386 0.035056310576863633
0 0.8319181873403914 0.5527941974089201 0.048620236530880365 0.049078834807609294
0 0.8306041268936109 0.5995359448447384 0.03285151116951376 0.03505631057686382
0 0.6453216038975529 0.04564623773029161 0.02759526938239159 0.03973048532044562
0 0.6545200270250169 0.20573672269796925 0.04862023653088047 0.02337087371790913
0 0.7708143765650958 0.19872546058259646 0.04993429697766101 0.05609009692298189
0 0.8378314593509039 0.15665788789036003 0.04467805519053874 0.03739339794865453
0 0.8805384238712718 0.18820856740953734 0.05124835742444155 0.05375300955119099
0 0.8667407891800759 0.1998940042684919 0.03942181340341657 0.03038213583328184
0 0.9278445999553716 0.1110846841404372 0.014454664914586066 0.04907883480760904
0 0.8641126682865149 0.04915186878797796 0.052562417871222095 0.05141592217940011
