0 0.9560968995611535 0.7935141967033843 0.07095926412614989 0.05842718429477278
0 0.9666093831353979 0.8612897304853208 0.052562417871222095 0.03038213583328184
0 0.7984096459474873 0.9302338079531528 0.04993429697766101 0.046741747435818305
0 0.7793557694691693 0.9010202158057663 0.04073587385019711 0.049078834807609203
0 0.7543886209803389 0.8799864294596481 0.0433639947437582 0.03038213583328184
0 0.7294214724915083 0.8764807984019618 0.035479632063074945 0.023370873717909153
0 0.7353347445020207 0.8390874004533072 0.04993429697766101 0.051415922179400095
0 0.8016947970644386 0.8075367209341298 0.06176084099868589 0.05375300955119119
0 0.6867145079711404 0.7619635171842069 0.03679369250985549 0.02804504846149085
0 0.6440075434507724 0.6579631291395112 0.03810775295663603 0.03973048532044562
0 0.6387513016636501 0.6789969154856295 0.02759526938239148 0.049078834807609106
0 0.6091849416110877 0.6684800223125703 0.013140604467805524 0.009348349487163775
0 0.6150982136216002 0.6883452649727931 0.019710906701708338 0.021033786346118258
0 0.6032716696005753 0.6345922554216021 0.02233902759526942 0.025707961089700047
0 0.5763334304415739 0.6509518670241385 0.015768725361366608 0.021033786346118067
0 0.5507092517293531 0.6264124496203339 0.024967148488830505 0.03271922320507293
0 0.5553084632930851 0.6053786632742156 0.02890932982917213 0.028045048461491136
0 0.6098419718344781 0.5796707021845156 0.030223390275952673 0.023370873717909153
0 0.5848748233456476 0.5142322557743699 0.009198423127463792 0.014022524230745568
0 0.5907880953561601 0.5282547800051155 0.01051248357424444 0.014022524230745377
0 0.5875029442392088 0.5574683721525019 0.01708278580814715 0.011685436858954576
0 0.5861888837924281 0.5352660421204882 0.017082785808147257 0.01869669897432736
0 0.5625357957503783 0.5282547800051155 0.011826544021024982 0.0
0 0.5559654935164755 0.5305918673769064 0.006570302233902708 0.004674174743581792
0 0.5704201584310615 0.5469514789794429 0.009198423127463792 0.004674174743581792
0 0.5855318535690378 0.5761650711268292 0.018396846254927796 0.03973048532044562
0 0.5500522215059629 0.5855134206139928 0.002628120893561083 0.007011262115372689
0 0.5323124054744255 0.580839245870411 0.006570302233902708 0.021033786346118067
0 0.5461100401656213 0.567985265325561 0.026281208935611047 0.023370873717909153
0 0.5395397379317185 0.5796707021845156 0.01839684625492769 0.01869669897432717
0 0.5355975565913769 0.5948617701011566 0.021024967148488772 0.044404660064027504
0 0.5296842845808644 0.606547206960111 0.019710906701708338 0.03505631057686382
0 0.5362545868147672 0.6416035175369749 0.009198423127463898 0.03038213583328184
0 0.5099733778791561 0.6182326438190657 0.01971090670170823 0.03505631057686373
0 0.504717136092034 0.6345922554216021 0.014454664914586171 0.025707961089700047
0 0.5244280427937422 0.5154007994602655 0.003942181340341732 0.02103378634611816
0 0.5277131939106935 0.5446143916076519 0.015768725361366608 0.01869669897432736
0 0.5172007103364492 0.5446143916076519 0.013140604467805631 0.009348349487163775
0 0.5250850730171325 0.5621425468960838 0.005256241787122274 0.016359611602536465
0 0.5204858614534006 0.5247491489474291 0.011826544021024982 0.021033786346118258
0 0.5112874383259366 0.596030313787052 0.014454664914586066 0.028045048461490946
0 0.4863202898371062 0.6042101195883202 0.011826544021024982 0.025707961089700238
0 0.4646382924652271 0.56564817795377 0.02890932982917213 0.046741747435818305
0 0.47974998760320336 0.580839245870411 0.017082785808147257 0.025707961089700238
0 0.4850062293903256 0.5738279837550382 0.01708278580814715 0.025707961089700047
0 0.49486168274117975 0.5586369158383974 0.02890932982917213 0.01869669897432717
0 0.4935476222943992 0.5644796342678747 0.018396846254927796 0.03038213583328184
0 0.4935476222943992 0.542277304235861 0.02102496714848888 0.023370873717909153
0 0.4942046525177895 0.5446143916076519 0.011826544021024982 0.032719223205072735
0 0.47449374581608117 0.550457110037129 0.02759526938239164 0.035056310576863633
0 0.46201017157166596 0.5235806052615336 0.026281208935611047 0.023370873717909153
0 0.45741096000793396 0.5446143916076519 0.006570302233902762 0.01869669897432736
0 0.4514976879974215 0.5586369158383974 0.005256241787122166 0.01869669897432717
0 0.43178678129571324 0.5586369158383974 0.007884362680683304 0.03271922320507293
0 0.43047272084893273 0.5726594400691428 0.023653088042049963 0.03739339794865453
0 0.4606961111248854 0.593693226415261 0.00525624178712222 0.028045048461490946
0 0.4219313279448591 0.5317604110628018 0.009198423127463846 0.025707961089700238
0 0.44295629509334794 0.5305918673769063 0.006570302233902762 0.023370873717909153
0 0.4390141137530063 0.5025468189154154 0.011826544021024982 0.03739339794865472
