0 0.7123386866833611 0.3658272076656469 0.014454664914586066 0.021033786346118258
0 0.7090535355664098 0.3319394407746786 0.013140604467805524 0.028045048461490946
0 0.7018262031091167 0.4289285667040016 0.024967148488830505 0.030382135833281938
0 0.8174635224258053 0.37400701346691506 0.01971090670170823 0.03739339794865462
0 0.7977526157240971 0.3716699260951241 0.02759526938239159 0.04206757269223642
0 0.7938104343837553 0.404389149300197 0.003942181340341732 0.03739339794865462
0 0.8161494619790247 0.39971497455661514 0.0013140604467805415 0.014022524230745568
0 0.8371744291275136 0.39620934349892883 0.011826544021024982 0.021033786346118258
0 0.8279760060000496 0.4114004114155697 0.003942181340341625 0.009348349487163584
0 0.8135213410854637 0.43360274144758343 0.02233902759526942 0.05375300955119099
0 0.7990666761708776 0.4628163335949699 0.03810775295663603 0.03739339794865462
0 0.8319181873403914 0.48618720731287896 0.024967148488830505 0.051415922179400095
0 0.8779103029777107 0.5037153626013108 0.01708278580814715 0.021033786346118258
0 0.9830351387201548 0.6053786632742155 0.03285151116951386 0.051415922179400005
