0 0.5559654935164755 0.2735122564799058 0.030223390275952777 0.04206757269223637
0 0.6177263345151613 0.2922089554542331 0.014454664914586066 0.01869669897432736
0 0.5960443371432823 0.2863662370247558 0.005256241787122166 0.016359611602536368
0 0.5809326420053058 0.3132427418003514 0.006570302233902816 0.0233708737179092
0 0.5572795539632559 0.32259109128751495 0.003942181340341625 0.004674174743581935
0 0.5973583975900628 0.34713050869131956 0.002628120893561083 0.016359611602536368
0 0.5927591860263309 0.3541417708066923 0.0013140604467806489 0.007011262115372689
0 0.6058997904941364 0.376344100838706 0.0013140604467806489 0.014022524230745568
0 0.6065568207175267 0.3880295376976606 0.0 0.009348349487163584
0 0.602614639377185 0.4032206056143015 0.0 0.007011262115372784
