0 0.7241652307043861 0.10056779096737796 0.06438896189224708 0.03739339794865453
0 0.6913137195348723 0.22326487798640107 0.05387647831800264 0.05375300955119099
0 0.7839549810329013 0.18937711109543282 0.04993429697766101 0.03271922320507283
0 0.7576737720972901 0.16016351894804634 0.06307490144546653 0.03505631057686368
0 0.8391455197976844 0.1858714800377465 0.06570302233902761 0.03505631057686373
0 0.8509720638187094 0.23611885853125109 0.07095926412614978 0.046741747435818305
0 0.8003807366176581 0.28987186808244214 0.06176084099868589 0.03739339794865467
0 0.7681862556715346 0.23027614010177377 0.052562417871222095 0.03505631057686373
0 0.7898682530434137 0.24546720801841476 0.05650459921156372 0.023370873717909153
0 0.7366488049488014 0.22443342167229657 0.04993429697766101 0.05609009692298203
0 0.7169378982470931 0.24780429539020568 0.04467805519053874 0.046741747435818305
0 0.7300785027148986 0.27234371279401026 0.05519053876478318 0.049078834807609203
0 0.6893426288647014 0.3167483728580377 0.06307490144546653 0.03038213583328184
0 0.683429356854189 0.28753478071065125 0.0433639947437582 0.04206757269223647
0 0.671602812833164 0.28519769333886025 0.048620236530880365 0.051415922179400095
0 0.6571481479185779 0.2922089554542331 0.05913272010512491 0.0654384464101457
0 0.6361231807700891 0.28402914965296483 0.05124835742444155 0.04907883480760925
