0 0.8306041268936109 0.8683009926006936 0.05650459921156372 0.07712388326910033
0 0.7924963739369748 0.8531099246840526 0.0433639947437582 0.08413514538447284
0 0.7162808680237027 0.8460986625686798 0.07227332457293033 0.08413514538447303
0 0.7221941400342152 0.7958512840751752 0.07884362680683314 0.07712388326910033
0 0.6604332990355293 0.7689747792995797 0.04993429697766101 0.07946097064089133
0 0.571734218877842 0.6567945854536158 0.02759526938239159 0.023370873717909246
0 0.5861888837924281 0.7269072066073432 0.03547963206307484 0.042067572692236516
0 0.5999865184836238 0.7152217697483888 0.02365308804205007 0.042067572692236606
0 0.6052427602707462 0.690682352344584 0.04467805519053874 0.05375300955119109
0 0.6091849416110878 0.677828371799734 0.031537450722733215 0.042067572692236516
0 0.6256106971958447 0.6556260417677204 0.03285151116951376 0.03038213583328184
0 0.6361231807700891 0.6334237117357067 0.04862023653088047 0.042067572692236516
