0 0.9574109600079341 0.5481200226653382 0.026281208935611047 0.03973048532044542
0 0.9482125368804702 0.6380978864792884 0.031537450722733215 0.05609009692298208
0 0.8798813936478815 0.6310866243639158 0.02890932982917213 0.023370873717909153
0 0.8647696985099051 0.6579631291395113 0.01708278580814715 0.035056310576863633
0 0.8608275171695635 0.7082105076330159 0.035479632063074945 0.042067572692236516
0 0.8332322477871719 0.6848396339151067 0.04073587385019711 0.037393397948654435
0 0.8417736406912455 0.6603002165113022 0.06570302233902751 0.03973048532044542
0 0.7465042582996555 0.759626429812416 0.04862023653088047 0.05609009692298208
0 0.6532059665782363 0.6614687601971976 0.02759526938239159 0.03739339794865453
0 0.6210114856321127 0.5925246827293656 0.021024967148488772 0.04907883480760939
0 0.5861888837924282 0.5855134206139929 0.030223390275952566 0.025707961089700145
0 0.5940732464731114 0.5411087605499655 0.02759526938239159 0.035056310576863536
0 0.5638498561971589 0.5890190516716792 0.014454664914586171 0.028045048461490946
0 0.5401967681551088 0.5726594400691429 0.01708278580814715 0.042067572692236516
0 0.545453009942231 0.5387716731781744 0.02759526938239159 0.03973048532044552
0 0.578961551335135 0.5154007994602654 0.021024967148488772 0.030382135833281938
0 0.5842177931222573 0.5364345858063836 0.023653088042049963 0.03505631057686382
0 0.5421678588252796 0.4873557509987745 0.01839684625492769 0.025707961089699954
0 0.5612217353035976 0.44295109093474705 0.03285151116951376 0.03973048532044552
0 0.5290272543574741 0.4382769161911652 0.026281208935611047 0.03038213583328184
0 0.5158866498896686 0.41607458615915155 0.02102496714848888 0.04206757269223647
0 0.49289059207100894 0.3927037124412424 0.02233902759526937 0.018696698974327266
0 0.48369216894354505 0.3623215766079605 0.027595269382391534 0.032719223205072784
0 0.49617574318796026 0.3307708970887831 0.026281208935611047 0.03038213583328189
0 0.45018362755064095 0.37283846978101964 0.031537450722733215 0.030382135833281983
0 0.4547828391143729 0.41841167353094244 0.014454664914586066 0.023370873717909055
0 0.4416422346465674 0.4336027414475834 0.014454664914586066 0.03505631057686373
0 0.47909295737981317 0.4394454598770607 0.023653088042049963 0.03271922320507283
