0 0.530998345027645 0.4394454598770607 0.024967148488830505 0.042067572692236516
0 0.3903938772221259 0.14146681997371907 0.011826544021024982 0.030382135833281913
0 0.3943360585624675 0.16600623737752368 0.009198423127463846 0.00934834948716368
0 0.40681963280688277 0.18704002372364187 0.010512483574244386 0.023370873717909153
0 0.41076181414722446 0.19872546058259646 0.015768725361366608 0.01869669897432736
0 0.4055055723601022 0.21508507218513287 0.015768725361366608 0.018696698974327266
0 0.39367902833907725 0.22209633430050568 0.02365308804204991 0.03739339794865462
0 0.3667407891800759 0.2372874022171466 0.006570302233902762 0.007011262115372784
0 0.3424306709146357 0.1788602179223737 0.01839684625492769 0.025707961089700145
0 0.4055055723601022 0.34362487763363314 0.013140604467805524 0.023370873717909153
