0 0.9633242320184466 0.2372874022171466 0.030223390275952673 0.06777553378193646
0 0.8496580033719288 0.11459031519812352 0.013140604467805524 0.023370873717909163
0 0.8687118798502468 0.10290487833916895 0.003942181340341625 0.03271922320507255
0 0.8352033384573427 0.07485982987767802 0.0 0.0
0 0.85228612426549 0.05265749984566421 0.005256241787122166 0.03038213583328184
0 0.8371744291275136 0.0304551698136506 0.011826544021024982 0.042067572692236516
0 0.7878971623732428 0.01876973295469602 0.010512483574244332 0.032719223205072735
0 0.7543886209803388 0.06551148039051434 0.019710906701708338 0.018696698974327373
0 0.8588564264993928 0.011758470839323335 0.01051248357424444 0.028045048461490946
0 0.8779103029777107 0.01876973295469602 0.006570302233902816 0.028045048461490946
0 0.8923649678922969 0.059668761961036994 0.0013140604467806489 0.04440466006402741
0 0.7576737720972901 0.12861283942886909 0.01051248357424444 0.0420675726922363
