0 0.3266619455532691 0.0304551698136506 0.04993429697766091 0.042067572692236516
0 0.32337679443631767 0.09121944148021438 0.035479632063074945 0.07946097064089104
0 0.26227298366102203 0.11342177151222808 0.026281208935611047 0.07712388326910014
0 0.29709558550070664 0.1519837131467782 0.0433639947437582 0.07011262115372736
0 0.23993395606575266 0.1811973052941646 0.03153745072273324 0.049078834807609224
0 0.2320495933850693 0.18119730529416458 0.023653088042049936 0.030382135833281938
0 0.27015734634170535 0.1963883732108055 0.02890932982917213 0.03739339794865465
0 0.25964486276746096 0.22677050904408744 0.013140604467805524 0.014022524230745473
0 0.3043229179579997 0.2559841011914739 0.015768725361366608 0.03038213583328184
0 0.31877758287258573 0.2922089554542331 0.026281208935611047 0.05609009692298189
0 0.3095791597451219 0.32259109128751495 0.0341655716162944 0.06543844641014557
0 0.2839549810329012 0.29688313019781487 0.035479632063074945 0.03739339794865458
