0 0.6058997904941363 0.10991614045454164 0.035479632063075056 0.03271922320507293
0 0.6091849416110878 0.17184895580700096 0.023653088042049963 0.03973048532044562
0 0.6400653621104307 0.09589361622379626 0.030223390275952673 0.01869669897432717
0 0.6722598430565543 0.0818710919930507 0.04467805519053874 0.023370873717908962
0 0.6972269915453847 0.10991614045454164 0.042049934296977655 0.042067572692236516
0 0.7478183187464361 0.10991614045454164 0.02233902759526942 0.03271922320507293
0 0.7846120112562915 0.1040734220250643 0.030223390275952673 0.03038213583328184
0 0.8398025500210747 0.10524196571095985 0.03285151116951376 0.042067572692236516
0 0.8430877011380261 0.02110682032648692 0.031537450722733215 0.023370873717909153
0 0.8634556380631245 0.07602837356357345 0.022339027595269314 0.039730485320445603
0 0.9074766630302732 0.02928662612775515 0.028909329829172024 0.03973048532044562
0 0.9416422346465675 0.14614099471730085 0.023653088042049856 0.03505631057686373
