0 0.6269247576426252 0.18119730529416467 0.02233902759526942 0.02570796108970007
0 0.6361231807700891 0.2010625479543874 0.009198423127463898 0.004674174743581888
0 0.6354661505466989 0.20690526638386464 0.005256241787122166 0.016359611602536368
0 0.6334950598765279 0.22209633430050563 0.01708278580814715 0.028045048461490946
0 0.6919707497582626 0.18704002372364187 0.0341655716162943 0.018696698974327384
0 0.6781731150670668 0.19755691689670102 0.019710906701708338 0.016359611602536465
0 0.702483233332507 0.21157944112744653 0.015768725361366608 0.016359611602536368
0 0.6972269915453848 0.23027614010177383 0.023653088042049963 0.021033786346118258
0 0.7116816564599708 0.23845594590304203 0.015768725361366608 0.00934834948716368
0 0.6854004475243598 0.23495031484535567 0.013140604467805524 0.011685436858954576
0 0.7202230493640445 0.17418604317879186 0.017082785808147257 0.002337087371790896
0 0.7346777142786305 0.1718489558070009 0.014454664914586066 0.011685436858954552
0 0.7379628653955819 0.18937711109543282 0.013140604467805524 0.009348349487163704
0 0.7386198956189721 0.2033996353261783 0.024967148488830505 0.01869669897432724
0 0.7524175303101679 0.23027614010177383 0.015768725361366608 0.021033786346118258
0 0.7918393437135846 0.2501413827619966 0.021024967148488772 0.02804504846149104
0 0.766872195224754 0.14029827628782357 0.01839684625492769 0.023370873717909153
0 0.7760706183522179 0.12043303362760077 0.018396846254927796 0.011685436858954672
0 0.8016947970644387 0.13445555785834631 0.0433639947437583 0.016359611602536392
0 0.8181205526491956 0.11692740256991452 0.0341655716162944 0.01869669897432717
0 0.821405703766147 0.13445555785834631 0.01971090670170823 0.016359611602536392
0 0.7688432858949249 0.3167483728580377 0.011826544021024982 0.04440466006402741
0 0.7379628653955819 0.5083895373448927 0.013140604467805524 0.021033786346118067
