0 0.917103875997012 0.06863953602989704 0.03448275862068967 0.02271422081651187
0 0.8685725860864116 0.09703231205053693 0.01660280970625789 0.006814266244953503
0 0.7932213728041639 0.04819673729503625 0.0012771392081736754 0.0
0 0.6457117942601026 0.04478960417255949 0.015325670498084212 0.034071331224767895
0 0.6431575158437552 0.09476088996888576 0.01021711366538951 0.011357110408255839
0 0.6035662003903709 0.11633939974457205 0.012771392081736969 0.01817137665320971
0 0.6003733523699366 0.13223935431613054 0.008939974457215836 0.022714220816511962
0 0.5761077074146366 0.13678219847943288 0.016602809706257996 0.018171376653209628
0 0.5639748849369864 0.1492750199285145 0.01021711366538951 0.011357110408255934
0 0.6853031097134871 0.037975337927605796 0.002554278416347351 0.011357110408255839
0 0.38581396539675655 0.15836070825511928 0.00383141762452108 0.0068142662449535985
0 0.43753810332779103 0.08226806851980414 0.01021711366538951 0.027257064979814394
