0 0.19296594496252922 0.6319522122793936 0.011494252873563213 0.036342753306419256
0 0.1450732246560158 0.6330879233202191 -0.12260536398467432 -0.12947105865411818
0 0.11442188365984722 0.6046951472995791 0.01277139208173689 0.013628532489907292
0 0.0914333779127208 0.5876594816871953 0.0 0.002271422081651168
0 0.12655470613749728 0.6932806084839759 0.01149425287356324 0.013628532489907197
0 0.1603988951541001 0.7148591182596621 0.022988505747126454 0.04769986371467509
0 0.17636313525627123 0.7398447611578252 0.0012771392081737023 0.002271422081651168
0 0.17955598327670547 0.7705089592601164 0.017879948914431672 0.03634275330641897
0 0.22170157714643726 0.7909517579949772 0.022988505747126426 0.009085688326604861
0 0.2472443613099111 0.8125302677706634 0.01532567049808432 0.015899954571558364
0 0.2753414238897323 0.8295659333830475 0.007662835249042106 0.03179990914311673
0 0.2357501084363479 0.8659086866894666 0.028097062579821235 0.02271422081651187
0 0.1955202233788766 0.8318373554646986 0.00383141762452108 0.009085688326604576
0 0.17189314802766334 0.8204802450564427 0.0 0.004542844163302526
0 0.15912175594592642 0.8670443977302921 0.0 0.002271422081651168
0 0.12655470613749728 0.8318373554646987 0.0012771392081737023 0.0045428441633022405
0 0.0959033651413287 0.7568804267702093 0.03703703703703704 0.036342753306419256
0 0.08249340345550496 0.8159374008931404 0.04853128991060025 0.05905697412293112
0 0.08440911226776548 0.8545515762812107 0.006385696040868458 0.004542844163302621
0 0.06525202414516013 0.7489304494844301 0.04469987228607918 0.04315701955137257
0 0.04928778404298899 0.7409804721986509 0.028097062579821194 0.036342753306419256
0 0.019275012650907253 0.8079874236073612 0.02937420178799489 0.05678555204127957
0 0.01672073423455987 0.7421161832394765 0.011494252873563218 0.024985642898163133
