0 0.3526083459842406 0.07091095811154821 0.006385696040868431 0.013628532489907197
0 0.36474116846189064 0.060689558744117765 0.0025542784163474046 0.01135711040825603
0 0.36729544687823806 0.04024676000925697 0.002554278416347351 0.006814266244953503
0 0.34813835875563265 0.05273958145833858 0.01021711366538951 0.018171376653209722
0 0.31301703053085617 0.05955384770329228 0.0012771392081736754 0.004542844163302336
0 0.3162098785512904 0.051603870417513 0.0025542784163474046 0.002271422081651168
0 0.8040770560736402 0.1186108218262233 0.007662835249042052 0.004542844163302526
0 0.8181255873635509 0.13564648743860727 0.002554278416347351 0.0022714220816513584
0 0.8334512578616352 0.13337506535695615 0.005108556832694809 0.01589995457155846
0 0.8494154979638063 0.14700359784686334 0.0038314176245211337 0.011357110408255934
0 0.7772571327019928 0.14586788680603768 0.03320561941251599 0.01817137665320953
