0 0.13038612376201836 0.38550291642023876 0.016602809706257996 0.02952848706146556
0 0.13166326297019207 0.41048855931840195 0.006385696040868458 0.020442798734860795
0 0.10995189643123932 0.4491027347064723 0.016602809706257982 0.011357110408255934
0 0.09271051712089448 0.4502384457472978 0.0025542784163473777 0.0
0 0.11633759247210776 0.40253858203262277 0.011494252873563213 0.018171376653209628
0 0.111229035639413 0.4150314034817043 0.0038314176245210665 0.01135711040825603
0 0.0959033651413287 0.38777433850188997 0.006385696040868445 0.011357110408255934
0 0.08313197305959179 0.40821713723675074 0.011494252873563213 0.01135711040825603
0 0.07163772018602858 0.40594571515509953 0.011494252873563213 0.015899954571558364
0 0.07993912503915757 0.4513741567881234 0.0 0.002271422081651263
0 0.0678063025615075 0.3889100495427156 0.01660280970625799 0.013628532489907197
0 0.08887909949637342 0.376417228093634 0.007662835249042147 0.015899954571558364
0 0.10101192197402346 0.35483871831794767 0.008939974457215836 0.009085688326604766
0 0.09909621316176294 0.3048674325216214 0.010217113665389525 0.022714220816511917
0 0.08632482108002604 0.3355316306239125 0.022988505747126426 0.02952848706146556
0 0.0678063025615075 0.3298530754197845 0.01660280970625799 0.03179990914311673
0 0.03651639196125208 0.37641722809363404 0.015325670498084294 0.05224270787797743
