0 0.4049710535193619 0.10725371141796737 0.02171136653895275 0.027257064979814394
0 0.4279595592664884 0.0788609353973274 0.006385696040868431 0.002271422081651168
0 0.4439237993686595 0.039111048968431476 0.00766283524904216 0.013628532489907197
0 0.5416249487939468 0.07204666915237379 -0.006385696040868377 0.01135711040825603
0 0.5397092399816863 0.06296098082576904 0.002554278416347351 0.002271422081651168
0 0.5429020880021206 0.0516038704175131 0.003831417624521026 0.01135711040825603
0 0.5294921263162968 0.0447896041725594 0.0 0.0022714220816513584
0 0.6182533012843683 0.03343249376430356 0.008939974457215836 0.015899954571558364
0 0.6642303127786212 0.0243468054376987 0.0063856960408684845 0.01135711040825603
0 0.6840259705053134 0.04024676000925697 0.0 0.006814266244953503
0 0.4413695209523121 0.027753938560175544 0.0025542784163474046 0.004542844163302336
0 0.4400923817441384 0.008446850866140334 0.0025542784163474046 0.0022714220816513584
