0 0.42668242005831464 0.009582561906965917 0.044699872286079176 0.027257064979814203
0 0.0690834417696812 0.14359646472438647 0.02681992337164752 0.06359981828623355
0 0.12208471890888938 0.03683962688678022 0.017879948914431672 0.05905697412293112
0 0.6010119219740235 0.08226806851980414 0.0383141762452108 0.05905697412293112
0 0.6520974903009711 0.14700359784686323 0.028097062579821183 0.06587124036788472
0 0.7900285247837298 0.03229678272347788 0.06896551724137934 0.06814266244953579
0 0.7006287802115714 0.1492750199285145 0.028097062579821183 0.04769986371467519
0 0.6948816537747898 0.22536765966382952 0.016602809706257996 0.03634275330641906
0 0.8213184353839851 0.15836070825511928 0.031928480204342316 0.04315701955137267
0 0.8966696486662329 0.17539637386750326 0.0012771392081736754 0.0
