0 0.5607820369165523 0.07658951331567623 0.006385696040868377 0.024985642898163227
0 0.5518420624593364 0.0584181366624666 0.003831417624521026 0.002271422081650977
0 0.5601434673124653 0.027753938560175547 0.0 0.0
0 0.5812162642473313 0.023211094396873116 0.0038314176245211337 0.009085688326604861
0 0.5735534289982891 0.014125406070268349 0.008939974457215836 0.0
0 0.631663262970192 -0.00404597058294128 0.012771392081736969 0.013628532489907197
0 0.6616760343622738 0.016396828151919517 0.014048531289910538 0.027257064979814394
0 0.6699774392154028 0.0243468054376987 0.0 0.0022714220816513584
0 0.6610374647581869 0.039111048968431386 0.0 0.0
0 0.6278318453456709 0.05501100353998975 0.005108556832694809 0.02271422081651206
0 0.6386875286151473 0.08794662372393215 0.0038314176245211337 0.0022714220816513584
0 0.6457117942601027 0.10043944517301368 0.0 0.004542844163302336
0 0.5780234162268971 0.07999664643815298 0.010217113665389618 0.013628532489907006
0 0.6080361876189788 0.08794662372393217 0.008939974457215836 -0.015899954571558364
0 0.6233618581170631 0.09703231205053692 0.003831417624521026 -0.002271422081651168
0 0.821957004988072 0.03683962688678022 0.0 0.0
0 0.800884208053206 0.0175325391927451 0.026819923371647507 0.020442798734860892
