0 0.9292366984746621 0.15381786409181689 0.012771392081736862 0.056785552041279955
0 0.9483937865972674 0.22082481550052716 0.02043422733077913 0.08631403910274542
0 0.8385598146943299 0.20151772780649205 0.02043422733077902 0.056785552041279864
0 0.7861971071592087 0.17198924074502647 0.017879948914431672 0.03407133122476799
0 0.780449980722427 0.1049822893363161 0.011494252873563187 0.045428441633023925
0 0.7670400190366032 0.08681091268310648 0.017879948914431672 0.04088559746972141
0 0.7210630075423504 0.2060605719697944 0.03065134099616864 0.04769986371467509
0 0.6144218836598473 0.17993921803080565 0.03448275862068967 0.049971285796326356
0 0.39666964866623294 0.32871736437895893 0.06130268199233712 0.10221399367430378
0 0.35196977638015375 0.04478960417255949 0.04342273307790545 0.056785552041279955
