0 0.5499263536470758 0.085675201642281 0.028097062579821183 0.024985642898163036
0 0.7210630075423504 0.15041073096934007 0.025542784163473723 0.0272570649798143
0 0.022467860671341478 0.1129322666220953 0.01532567049808429 0.02952848706146556
0 0.0748305682064628 0.22423194862300394 0.005108556832694769 0.006814266244953503
0 0.0888790994963734 0.2435390363170391 0.012771392081736901 0.03634275330641916
0 0.09271051712089448 0.3162245429298774 0.0 0.004542844163302478
0 0.05631204968794429 0.27761036754180696 0.008939974457215841 0.009085688326604766
0 0.0550349104797706 0.22196052654135276 0.006385696040868458 0.015899954571558364
0 0.03204640473264416 0.20265343884731757 0.014048531289910604 0.03179990914311673
0 0.04417922721029423 0.24921759152116713 0.010217113665389525 0.024985642898163133
0 0.023744999879515172 0.24694616943951586 0.005108556832694766 0.024985642898163133
0 0.04609493602255477 0.2991888773174934 0.0038314176245210735 0.0068142662449535985
0 0.061420606520639055 0.3105459877257493 0.011494252873563227 0.024985642898163133
0 0.024383569483602017 0.30486743252162135 0.0140485312899106 0.045428441633023925
0 0.022467860671341478 0.2378604811129111 0.01532567049808429 0.034071331224767853
0 0.03076926552447047 0.2458104583986903 0.016602809706257986 0.03179990914311673
