0 0.04034780958577315 0.19356775052071284 0.02554278416347382 0.022714220816511962
0 0.07419199860237596 0.2628461240110742 0.011494252873563213 0.011357110408255981
0 0.12080757970071568 0.23558905903125993 0.010217113665389538 0.020442798734860795
0 0.06716773295742066 0.16858210762254966 0.005108556832694755 0.009085688326604861
0 0.16550745198679487 0.05841813666246659 0.02554278416347383 0.03407133122476771
0 0.31684844815537727 0.1129322666220953 0.016602809706257996 0.02952848706146556
0 0.38006683895997495 0.06636811394824578 0.035759897828863345 0.03634275330641906
0 0.4062481927275356 0.16971781866337524 0.026819923371647507 0.04315701955137276
0 0.4190195848092725 0.1424607536835609 0.02937420178799491 0.04315701955137267
0 0.43817667293187784 0.042518182090908234 0.037037037037037014 0.06587124036788444
0 0.5141664558182124 0.17766779594915444 0.01021711366538951 0.03179990914311673
0 0.5671677329574207 0.1265607991120025 0.024265644955300154 0.056785552041279955
0 0.5748305682064629 0.08226806851980414 0.016602809706257996 0.03634275330641906
0 0.6757245656521844 0.09703231205053683 0.014048531289910645 0.020442798734860712
0 0.706375906648353 0.1549535751326424 0.014048531289910538 0.04542844163302402
0 0.73128012120774 0.07658951331567623 0.01021711366538951 0.056785552041279955
0 0.7957756512205113 0.036839626886780316 0.037037037037037014 0.04088559746972159
0 0.8130170305308562 0.10043944517301377 0.017879948914431672 0.04088559746972159
0 0.979045127593436 0.08794662372393217 0.02809706257982129 0.03407133122476809
0 0.9771294187811754 0.12428937703035131 0.031928480204342316 0.05224270787797762
