0 0.21467731150148195 0.13678219847943288 0.016602809706257996 0.018171376653209628
0 0.25746147497530064 0.14018933160190963 0.010217113665389565 0.0022714220816514538
0 0.27087143666112434 0.07999664643815298 0.011494252873563293 0.013628532489907006
0 0.2759799934938192 0.1197465328670489 0.008939974457215836 0.01135711040825603
0 0.3034384864695534 0.09816802309136252 0.02554278416347383 0.018171376653209354
0 0.3379212450902432 0.14700359784686334 0.012771392081736915 0.020442798734860795
0 0.32961984023711416 0.18221064011245686 0.008939974457215836 0.013628532489907197
0 0.305354195281814 0.17426066282667768 0.0063856960408684845 0.015899954571558364
0 0.2542686269548664 0.15381786409181689 0.006385696040868431 0.01135711040825603
0 0.22361728595869781 0.25943899088859745 0.019157088122605345 0.013628532489907055
