0 0.46818944432395965 0.0243468054376987 0.017879948914431672 0.015899954571558364
0 0.5346006831489916 0.008446850866140334 0.012771392081736969 0.0204427987348607
0 0.5697220113737681 0.0027682956620124132 0.011494252873563293 0.01817137665320953
0 0.640603237427408 0.0516038704175129 0.010217113665389618 -0.015899954571558364
0 0.6533746295091448 0.02661822751934996 0.0025542784163474583 0.002271422081651168
0 0.6412418070314947 0.01298969502944267 0.006385696040868377 0.01135711040825603
0 0.7996070688450323 0.04251818209090823 0.011494252873563187 0.0204427987348607
0 0.8059927648859009 0.08908233476475765 0.003831417624521026 0.004542844163302336
0 0.9266824200583146 0.1117965555812697 0.0 0.0
0 0.9241281416419673 0.1061180003771417 0.0 0.002271422081650989
0 0.9260438504542278 0.051603870417513 0.011494252873563293 0.02952848706146556
