0 0.24405151328947686 0.16063213033677048 0.016602809706257996 0.015899954571558364
0 0.23830438685269523 0.20492486092896883 0.0 0.0
0 0.22681013397913202 0.1663106855408985 0.015325670498084294 0.013628532489907197
0 0.2446900828935637 0.16517497450007287 0.007662835249042133 0.024985642898163133
0 0.2057373370442661 0.1617678413775961 0.02426564495530013 0.03179990914311673
0 0.22170157714643723 0.21741768237805034 0.012771392081736915 0.0204427987348607
0 0.22425585556278466 0.2514890136028182 0.012771392081736915 0.015899954571558364
0 0.2574614749753006 0.21855339341887597 0.017879948914431672 0.0272570649798143
0 0.2893899551796429 0.24808188048034147 0.030651340996168588 0.01817137665320953
0 0.3155713089472036 0.2639818350518998 0.006385696040868431 0.01817137665320958
0 0.2836428287428613 0.2798817896234582 0.008939974457215836 0.013628532489907197
0 0.2810885503265139 0.27420323441933026 0.00383141762452108 0.0068142662449535985
0 0.3174870177594641 0.2742032344193302 0.017879948914431672 0.015899954571558413
0 0.28044998072242705 0.31395312084822613 0.0025542784163474046 0.0045428441633024305
0 0.25810004457938746 0.2810175006642838 0.0012771392081737292 -0.0022714220816511203
0 0.2108458938769609 0.25943899088859745 0.006385696040868458 0.009085688326604814
