0 0.4656351659076122 0.10725371141796737 0.035759897828863345 0.027257064979814394
0 0.4119953191643172 0.07999664643815298 0.02554278416347383 0.027257064979814394
0 0.45797233065857007 0.13905362056108392 0.0 0.0
0 0.30854704330224825 0.04706102625421066 0.02043422733077902 0.07041408453118696
0 0.29066709438781657 0.02093967231522185 0.012771392081736915 0.027257064979814394
0 0.3411140931106774 0.07318238019319928 0.02171136653895275 0.027257064979814394
0 0.3372826754861563 0.09476088996888565 0.01149425287356324 0.006814266244953694
0 0.7357501084363478 0.023211094396873116 0.0038314176245211337 0.004542844163302526
0 0.7331958300200005 0.04365389313173372 0.0063856960408684845 0.0
0 0.780449980722427 0.06296098082576893 0.014048531289910538 0.015899954571558364
0 0.7925828032000771 0.0175325391927451 0.0 0.002271422081651168
0 0.8704882948986722 0.016396828151919514 0.005108556832694809 0.03634275330641906
0 0.8998624966866672 0.019803961274396268 0.017879948914431672 0.02952848706146556
0 0.9177424456010987 0.039111048968431386 0.007662835249042052 0.009085688326604672
0 0.9605266090749175 0.023211094396873116 0.0012771392081736754 0.004542844163302526
0 0.8328126882575484 0.10271086725466484 0.019157088122605453 0.02271422081651206
0 0.8583554724210222 0.059553847703292084 0.0038314176245211337 0.0
0 0.9107181799561435 0.07772522435650171 0.011494252873563187 0.004542844163302526
0 0.8858139653967566 0.1049822893363161 0.02554278416347383 0.009085688326604861
0 0.9554180522422228 0.11747511078539771 0.0063856960408684845 0.015899954571558364
0 0.8832596869804091 0.18675348427575925 0.01021711366538951 0.0045428441633024305
0 0.7664014494325165 0.18788919531658482 0.026819923371647507 0.020442798734860795
