0 0.470743722740307 0.09021804580558333 0.012771392081736915 0.024985642898163036
0 0.2708714366611244 0.05955384770329218 0.00383141762452108 0.02271422081651187
0 0.25618433576712696 0.07431809123402497 0.002554278416347351 0.01135711040825603
0 0.23702724764452154 0.0788609353973274 0.005108556832694755 0.011357110408255839
0 0.2664014494325165 0.11066084454044403 0.007662835249042106 0.015899954571558364
0 0.2708714366611244 0.12656079911200238 0.00383141762452108 0.024985642898163036
0 0.2568229053712138 0.12996793223447922 0.00383141762452108 0.013628532489907388
0 0.24085866526904265 0.1197465328670489 0.007662835249042187 0.02952848706146537
0 0.25107577893443217 0.1526821530509913 0.002554278416347351 0.004542844163302336
0 0.23958152606086894 0.16176784137759606 0.005108556832694782 0.013628532489907197
0 0.23766581724860839 0.14132504264273524 0.0012771392081736754 0.004542844163302621
0 0.2357501084363479 0.10157515621383936 0.007662835249042133 0.024985642898163036
0 0.19041166654618183 0.10838942245879285 0.006385696040868431 0.03407133122476809
0 0.2082916154606135 0.07091095811154821 0.00383141762452108 0.013628532489907197
0 0.1999902106074845 0.16063213033677048 0.005108556832694755 0.006814266244953503
0 0.22297871635461095 0.19583917260236403 0.015325670498084294 0.022714220816511962
