0 0.7772571327019929 0.27193181233767905 0.048531289910600205 0.04769986371467509
0 0.7906670943878166 0.32871736437895893 -0.021711366538952698 -0.015899954571558364
0 0.8296198402371141 0.30146029939914465 0.02043422733077902 0.01589995457155832
0 0.8385598146943299 0.34688874103216844 0.005108556832694702 0.002271422081651263
0 0.8768739909395407 0.41389569244087876 0.01021711366538951 0.013628532489907197
0 0.8826211173763223 0.3798243612161108 0.003831417624521026 0.013628532489907101
0 0.9094410407479698 0.3741458060119828 0.003831417624521026 0.0068142662449535985
0 0.9381766729318778 0.37073867288950607 0.005108556832694809 0.013628532489907101
0 0.9011396358948408 0.35256729623629646 0.005108556832694702 0.009085688326604766
0 0.9056096231234487 0.34461731895051734 0.0012771392081736754 0.0068142662449535985
0 0.8890068134171908 0.31963167605235415 0.0012771392081736754 0.006814266244953503
0 0.9317909768910093 0.3184959650115285 0.0076628352490422675 0.009085688326604766
0 0.9394538121400515 0.3298530754197845 0.00766283524904216 0.009085688326604766
0 0.44073095134822526 0.6217308129119632 0.00383141762452108 0.020442798734860892
0 0.4056096231234487 0.5899309037688464 0.020434227330779077 0.01589995457155827
0 0.4592494698667438 0.5467738842174736 0.0 0.002271422081651263
