0 0.2881128159714692 0.14586788680603768 0.08684546615581094 0.07268550661283832
0 0.3768739909395407 0.1117965555812697 0.03192848020434226 0.027257064979814394
0 0.37751256054362753 0.1685821076225497 0.0025542784163474583 0.004542844163302336
0 0.43881524253596477 0.20946770509227117 0.00766283524904216 0.013628532489907197
0 0.4062481927275356 0.22650337070465515 0.014048531289910592 0.011357110408255934
0 0.4107181799561435 0.26852467921520223 0.0025542784163474046 0.009085688326604766
0 0.3787896997518012 0.2548961467252951 0.0025542784163474046 0.013628532489907197
0 0.41071817995614346 0.31168169876657503 0.017879948914431724 0.04088559746972159
0 0.36857258608641175 0.300324588358319 0.03320561941251594 0.049971285796326356
0 0.3609097508373696 0.3048674325216214 0.007662835249042106 0.027257064979814394
0 0.3487769283597195 0.2844246337867606 0.008939974457215836 0.022714220816511962
0 0.3162098785512904 0.26625325713355097 0.0025542784163474046 0.013628532489907197
0 0.31557130894720353 0.3025960104399701 0.008939974457215836 0.009085688326604766
0 0.3379212450902431 0.3298530754197845 0.0 0.0
0 0.37112686450275906 0.3434816079096916 0.022988505747126426 0.03634275330641906
0 0.39283823104171184 0.3446173189505173 0.020434227330779077 0.015899954571558364
0 0.4119953191643172 0.3752815170528084 0.0 0.009085688326604861
0 0.3979467878744066 0.3752815170528084 0.002554278416347351 0.004542844163302336
0 0.38453682618858287 0.37414580601198283 0.0063856960408684845 0.015899954571558364
0 0.3851753957926697 0.3548387183179476 0.0 0.0
0 0.4605266090749175 0.35029587415464525 0.00766283524904216 0.013628532489907197
0 0.46627373551169904 0.3321244975014357 0.0012771392081736754 0.0045428441633024305
0 0.44456236897274637 0.32531023125648206 0.00383141762452108 0.009085688326604766
0 0.4726594315525675 0.30713885460327256 0.0012771392081737292 0.009085688326604766
0 0.45797233065857 0.27647465650098146 0.007662835249042106 0.024985642898163133
0 0.4675508747198728 0.2798817896234582 0.006385696040868431 0.009085688326604861
0 0.4413695209523121 0.24126761423538795 0.005108556832694755 0.009085688326604766
0 0.4988407853201282 0.23786048111291108 0.0 0.0068142662449535985
0 0.4330681160991831 0.27647465650098146 0.019157088122605345 0.024985642898163133
0 0.532684974336731 0.0993037341321881 0.006385696040868377 0.038614175388070236
0 0.6916888057543557 0.04024676000925707 0.010217113665389618 0.0204427987348607
0 0.7140387418973951 0.04706102625421057 0.008939974457215836 0.015899954571558364
0 0.8130170305308562 0.026618227519349866 0.017879948914431672 0.015899954571558364
0 0.7517143485385189 0.042518182090908234 0.017879948914431672 0.006814266244953694
0 0.6936045145666161 0.09589660100971134 0.003831417624521026 0.018171376653209722
0 0.6495432118846237 0.03229678272347788 0.007662835249042052 0.013628532489907006
0 0.7485215005180847 0.015261117111093932 0.006385696040868377 0.011357110408255839
0 0.93370668570327 0.05273958145833868 0.003831417624521026 0.009085688326604861
