0 0.2197858683341767 0.015261117111093934 0.014048531289910592 0.020442798734860892
0 0.2555457661630401 0.0652324029074203 0.008939974457215836 0.015899954571558364
0 0.3111013217185956 0.06750382498907137 0.0025542784163474046 0.002271422081651168
0 0.3117398913226825 0.04024676000925707 0.01660280970625794 0.01135711040825603
0 0.35963261162919585 0.08226806851980414 0.0 0.0
0 0.38006683895997495 0.04933244833586183 0.02043422733077902 0.024985642898163227
0 0.39539250945805926 0.08908233476475784 0.00766283524904216 0.03179990914311673
0 0.37815113014771445 0.1049822893363161 0.006385696040868431 0.009085688326604861
0 0.3966696486662329 0.09703231205053693 0.0025542784163474046 0.006814266244953503
0 0.3851753957926697 0.13451077639778158 0.002554278416347351 0.0
0 0.3947539398539724 0.14473217576521213 0.00383141762452108 0.006814266244953503
0 0.4183810152051856 0.17539637386750329 0.0 0.004542844163302336
0 0.29322137280416394 0.10838942245879286 0.0 0.0022714220816513466
0 0.26257003180799543 0.10952513349961854 0.0 0.0
0 0.2695942974529507 0.1288322211936537 0.016602809706257996 0.024985642898163324
0 0.2561843357671269 0.13564648743860727 0.0 0.0022714220816513584
0 0.22872584279139255 0.0856752016422809 0.019157088122605345 0.020442798734860892
0 0.20254448902383188 0.15041073096934016 0.017879948914431672 0.01817137665320953
0 0.24788293091399793 0.20151772780649196 0.008939974457215836 0.02952848706146556
0 0.24596722210173738 0.1458678868060376 0.017879948914431697 0.013628532489907388
