0 0.6840259705053133 0.15268215305099125 0.056194125159642366 0.07268550661283842
0 0.7114844634810478 0.2537604356844695 0.057471264367816036 0.08858546118439659
0 0.6763631352562712 0.2810175006642838 0.06641123882503198 0.07495692869448954
0 0.5480106448348153 0.27647465650098146 0.014048531289910538 0.024985642898163133
0 0.5224678606713414 0.21968910445970155 0.044699872286079176 0.06587124036788472
0 0.2823656895346876 0.01412540607026835 0.029374201787994856 0.0408855974697214
0 0.7600157533916481 0.07431809123402497 0.026819923371647507 0.04315701955137276
0 0.7944985120123377 0.026618227519349866 0.021711366538952698 0.04315701955137276
0 0.7740642846815586 0.006175428784489166 0.021711366538952698 0.024985642898163036
0 0.673170287235837 0.2583032798477719 0.024265644955300154 0.038614175388070326
0 0.8602711812332827 0.545638173176648 0.035759897828863345 0.05905697412293122
