0 0.09334908672498132 0.30827456564409816 0.02426564495530013 0.034071331224767944
0 0.11378331405576038 0.34688874103216844 0.0038314176245210665 0.002271422081651263
0 0.14251894623966843 0.4229813807674835 0.025542784163473803 0.05905697412293112
0 0.10675904841080508 0.3855029164202388 0.002554278416347391 0.011357110408255934
0 0.10037335236993664 0.40140287099179717 0.0 0.002271422081651168
0 0.0888790994963734 0.39458860474684354 0.0 0.002271422081651263
0 0.07866198583098388 0.41957424764500667 0.0 0.002271422081651263
0 0.04928778404298899 0.41616711452252997 0.015325670498084294 0.022714220816511962
0 0.04034780958577315 0.36506011768537805 0.010217113665389525 0.015899954571558364
0 0.06972201137376804 0.3855029164202388 0.020434227330779056 0.011357110408255934
0 0.07802341622689704 0.37868865017528514 0.008939974457215836 0.015899954571558364
0 0.09271051712089448 0.36051727352207563 0.007662835249042147 0.015899954571558364
0 0.06333631533289959 0.35597442935877327 0.005108556832694769 0.024985642898163133
0 0.07419199860237596 0.3309887864606101 0.006385696040868458 0.011357110408255934
0 0.06461345454107328 0.3116816987665749 0.007662835249042147 0.009085688326604861
0 0.03523925275307839 0.27647465650098146 0.022988505747126436 0.024985642898163133
0 0.0550349104797706 0.3389387637463893 0.01149425287356322 0.013628532489907055
0 0.03076926552447047 0.3184959650115285 0.019157088122605366 0.022714220816511962
