0 0.7868356767632956 0.11406797766292087 0.024265644955300262 0.03179990914311673
0 0.5492877840429891 0.03570391584595463 0.024265644955300154 0.02952848706146556
0 0.45733376105448326 0.12088224390787447 0.00383141762452108 0.009085688326604861
0 0.8730425733150197 0.03570391584595463 0.03065134099616864 0.024985642898163227
0 0.6763631352562712 0.5104311309110545 0.02043422733077902 0.020442798734860892
0 0.7306415516036532 0.4786312217679378 0.008939974457215836 0.02952848706146556
0 0.710845893876961 0.522923952360136 0.022988505747126374 0.045428441633023925
0 0.7229787163546109 0.5683523939931602 0.031928480204342316 0.03179990914311673
0 0.6821102616930529 0.5660809719115089 0.037037037037037014 0.04542844163302402
0 0.5946262259331551 0.5797095044014161 0.0434227330779055 0.0545141299596286
