0 0.7944985120123376 0.10838942245879296 0.019157088122605345 0.038614175388070236
0 0.780449980722427 0.48090264384958903 0.008939974457215836 0.015899954571558364
0 0.8200412961758115 0.5535881504624274 0.006385696040868377 0.0022714220816510726
0 0.7823656895346875 0.5297382186050896 0.0 0.0
0 0.756184335767127 0.5274667965234385 0.003831417624521026 0.0045428441633022405
0 0.7236172859586978 0.500209731543624 0.01532567049808432 0.03179990914311673
0 0.7325572604159136 0.5195168192376592 0.005108556832694809 0.006814266244953694
0 0.7446900828935638 0.556995283584904 0.014048531289910538 0.02271422081651206
0 0.6833874009012265 0.5161096861151825 0.011494252873563187 0.02271422081651187
0 0.6853031097134871 0.3684672508078548 0.012771392081736969 0.027257064979814394
0 0.7204244379382636 0.3412101858280405 0.006385696040868377 0.018171376653209486
0 0.7229787163546111 0.2696603902560279 0.024265644955300154 0.04769986371467514
0 0.5294921263162968 0.1333750653569561 0.06385696040868452 0.06587124036788482
0 0.4943707980915203 0.10043944517301368 0.021711366538952805 0.03634275330641906
0 0.4879851020506518 0.15041073096934 0.03448275862068972 0.022714220816512153
0 0.4860693932383913 0.1708535297042008 0.017879948914431724 0.01817137665320953
0 0.49692507650786766 0.2276390817454807 0.026819923371647507 0.03179990914311673
0 0.532684974336731 0.24581045839869026 0.031928480204342316 0.04088559746972145
0 0.4298752680787489 0.1708535297042008 0.028097062579821183 0.03179990914311673
0 0.41518816718475143 0.09362517892806008 0.03192848020434226 0.045428441633023925
0 0.32578842261259305 0.061825269784943446 0.02937420178799491 0.06359981828623346
0 0.18338740090122654 0.24808188048034147 0.022988505747126426 0.04088559746972154
0 0.1418803766355816 0.17426066282667768 0.01660280970625797 0.034071331224767895
0 0.2951370816164245 0.2798817896234582 0.024265644955300154 0.03179990914311673
0 0.47968369719752285 0.4320670690940883 0.00766283524904216 0.022714220816511962
0 0.5358778223571653 0.4002671599509715 0.028097062579821183 0.05905697412293112
0 0.6105904660353261 0.5490453062991248 0.011494252873563187 0.024985642898163036
0 0.689773096942095 0.5399596179725201 0.03959131545338448 0.029528487061465467
