0 0.5933490867249813 0.184482062194108 0.03831417624521069 0.03179990914311673
0 0.36984972529458543 0.03229678272347788 0.007662835249042106 0.03634275330641906
0 0.36729544687823806 0.06182526978494335 0.002554278416347351 0.004542844163302526
0 0.25937718378756114 -0.016538792032022798 0.026819923371647507 0.024985642898163227
0 0.2989684992409456 0.06750382498907145 0.006385696040868431 0.01135711040825603
0 0.22234014675052408 0.059553847703292084 0.014048531289910592 0.03179990914311673
0 0.24341294368539002 0.047061026254210665 0.012771392081736943 0.020442798734860892
0 0.1955202233788766 0.03570391584595463 0.026819923371647507 0.024985642898163227
0 0.07866198583098388 0.08681091268310658 0.0 0.004542844163302526
0 0.11378331405576038 0.09362517892806008 0.006385696040868445 0.01817137665320953
0 0.09590336514132872 0.1186108218262232 0.008939974457215836 0.03179990914311673
0 0.1265547061374973 0.17426066282667763 0.02426564495530013 0.05224270787797752
0 0.1661460215908817 0.13223935431613043 0.0012771392081736754 0.004542844163302336
0 0.21148446348104774 0.11633939974457205 0.02043422733077905 -0.03634275330641906
0 0.2293644123954794 0.11747511078539763 0.0 0.002271422081651168
0 0.23319583002000047 0.16971781866337524 0.0 0.002271422081651168
0 0.23000298199956626 0.15722499721429367 0.00383141762452108 0.018171376653209628
0 0.20765304585652664 0.15722499721429367 0.0025542784163473777 0.0045428441633024305
0 0.21020732427287403 0.184482062194108 0.00766283524904216 0.009085688326604861
0 0.22170157714643726 0.26966039025602784 0.0025542784163474046 0.011357110408255934
