0 0.1169761620761946 0.008446850866140334 0.05363984674329503 0.03407133122476809
0 0.5096964685896046 0.025482516478524186 0.03448275862068967 0.03634275330641906
0 0.7012673498156582 0.050468159376687416 0.031928480204342316 0.0408855974697214
0 0.7830042591387745 0.08681091268310658 0.04725415070242663 0.045428441633023925
0 0.9119953191643173 0.0720466691523738 0.0600255427841635 0.05224270787797743
0 0.971382292344394 0.1061180003771417 0.022988505747126586 0.04315701955137276
0 0.7657628798284296 0.12542508807117692 0.035759897828863234 0.05451412995962879
0 0.7095687546687872 0.190160617398236 0.07151979565772669 0.038614175388070326
0 0.623361858117063 0.15154644201016568 0.031928480204342316 0.043157019551372855
0 0.6386875286151474 0.17880350698998007 0.016602809706257996 0.038614175388070326
0 0.6176147316802815 0.2526247246436439 0.028097062579821183 0.03634275330641916
0 0.5812162642473313 0.19470346156153842 0.03448275862068967 0.07495692869448939
0 0.5218292910672547 0.25716756880694625 0.03320561941251599 0.049971285796326266
0 0.4988407853201282 0.10157515621383936 0.06641123882503198 0.09767114951100155
0 0.37495828212728016 0.057282425621641014 0.020434227330779077 0.02271422081651187
0 0.3423912323188511 0.13110364327530488 0.03703703703703707 0.029528487061465658
0 0.3781511301477144 0.1697178186633753 0.03703703703703707 0.024985642898163133
0 0.4867079628424782 0.2810175006642838 0.0191570881226054 0.034071331224767895
0 0.4911779500710861 0.3366673416647381 0.028097062579821235 0.03634275330641902
0 0.45924946986674375 0.2810175006642838 0.038314176245210746 0.038614175388070326
0 0.4266824200583147 0.34007447478721486 0.060025542784163444 0.05224270787797752
0 0.4017782054989277 0.35483871831794767 0.05874840357598977 0.06814266244953589
