0 0.29066709438781657 0.20151772780649196 0.017879948914431672 0.04315701955137276
0 0.27661856309790595 0.22763908174548073 0.0025542784163474046 0.0045428441633024305
0 0.3174870177594641 0.26171041297024866 0.035759897828863345 0.0
0 0.3200412961758115 0.26398183505189987 0.012771392081736915 0.013628532489907197
0 0.34175266271476423 0.2935103221133654 0.005108556832694755 0.004542844163302383
0 0.2823656895346876 0.2685246792152023 0.024265644955300154 0.03179990914311673
0 0.25554576616304003 0.24581045839869028 0.019157088122605293 0.022714220816511962
0 0.260015753391648 0.2866960558684118 0.028097062579821183 0.03634275330641916
0 0.27406428468155863 0.3037317214807958 0.02043422733077902 0.02952848706146561
0 0.25873861418347427 0.3253102312564821 0.0025542784163474046 0.0045428441633024305
0 0.24213580447721633 0.30713885460327256 0.005108556832694809 0.02271422081651201
0 0.2114844634810477 0.2526247246436439 0.017879948914431672 0.022714220816511962
0 0.22170157714643726 0.28328892274593503 0.00766283524904216 0.015899954571558413
0 0.2255329947709583 0.3332602085422613 0.0025542784163473777 0.011357110408255934
0 0.19871307139931083 0.3332602085422613 0.0025542784163473777 0.0068142662449535985
0 0.19488165377478975 0.30941027668492377 0.0 0.0
0 0.2670400190366033 0.42184566972665793 0.0012771392081737292 0.002271422081651168
