0 0.7919442335959902 0.7159948293004876 0.019157088122605345 0.027257064979814394
0 0.8762354213354538 0.6637521214225103 0.021711366538952805 0.009085688326604861
0 0.9049710535193619 0.6546664330959054 0.01021711366538951 0.018171376653209722
0 0.7370272476445215 0.6853306311981966 0.008939974457215836 0.006814266244953503
0 0.7408586652690426 0.6262736570752655 0.014048531289910751 0.006814266244953503
0 0.7670400190366033 0.6035594362587535 0.00766283524904216 0.011357110408256125
0 0.7868356767632955 0.6171879687486608 0.011494252873563187 0.0204427987348607
0 0.8027999168654666 0.5956094589729743 0.0 0.0
0 0.8417526627147642 0.5433667510949969 0.0012771392081737827 0.009085688326604766
0 0.821957004988072 0.500209731543624 0.017879948914431672 0.03179990914311673
