0 0.6246389973252368 0.12996793223447928 0.049808429118773985 0.031799909143116825
0 0.7248944251668714 0.24694616943951586 0.005108556832694809 0.0068142662449535985
0 0.7727871454733849 0.2435390363170391 0.008939974457215836 0.009085688326604766
0 0.7389429564567821 0.31508883188905173 0.002554278416347351 0.002271422081651263
0 0.7153158811055689 0.30486743252162135 0.008939974457215836 0.009085688326604766
0 0.701905919419745 0.31736025397070294 0.002554278416347351 0.0068142662449535985
0 0.5314078351285573 0.03002536064182671 0.026819923371647507 0.03634275330641906
0 0.5473720752307285 0.2265033707046551 0.02554278416347383 0.02952848706146556
0 0.4535023434299621 0.1822106401124568 0.019157088122605345 0.0272570649798143
0 0.3404755235065905 0.20492486092896883 0.01021711366538951 0.0
0 0.2925828032000771 0.21855339341887597 0.01149425287356324 0.0272570649798143
0 0.276618563097906 0.300324588358319 0.02554278416347383 0.03634275330641921
0 0.4119953191643172 0.2730675233785046 0.01532567049808432 0.03179990914311673
0 0.46052660907491744 0.1799392180308056 0.01532567049808432 0.03179990914311673
0 0.818125587363551 0.35483871831794767 0.01532567049808432 0.0272570649798143
