0 0.7536300573507795 0.29578174419501657 0.044699872286079176 0.045428441633023973
0 0.7140387418973951 0.36960296184868036 0.029374201787994856 0.04769986371467509
0 0.7312801212077399 0.36051727352207563 0.02043422733077902 0.015899954571558364
0 0.7791728415142534 0.36506011768537805 0.008939974457215836 0.0068142662449535985
0 0.7893899551796428 0.37414580601198283 0.021711366538952805 0.01135711040825603
0 0.7683171582447771 0.3923171826651924 0.012771392081736862 0.01135711040825603
0 0.7657628798284296 0.3889100495427156 0.02809706257982129 0.013628532489907197
0 0.7842813983469481 0.4036742930734483 0.021711366538952698 0.011357110408255934
0 0.8277041314248536 0.4309313580532627 0.008939974457215836 0.002271422081651168
0 0.8462226499433722 0.4218456697266579 0.005108556832694702 0.0068142662449535985
0 0.9081639015397961 0.4036742930734483 0.011494252873563293 0.020442798734860795
0 0.9158267367888382 0.4547812899106002 0.029374201787994856 0.03179990914311664
0 0.7855585375551217 0.41616711452252986 0.031928480204342316 0.013628532489907197
0 0.9573337610544832 0.4309313580532627 0.03575989782886345 0.06132839620458229
