0 0.28236568953468755 0.13905362056108406 0.10855683269476372 0.07268550661283842
0 0.33536696667389576 0.3571101403995988 0.0 0.0045428441633024305
0 0.35324691558832744 0.44683131262482106 0.002554278416347351 0.002271422081651168
0 0.33536696667389576 0.47068124448215853 0.017879948914431672 0.0272570649798143
0 0.3142941697390299 0.6035594362587535 0.02171136653895275 0.04769986371467509
0 0.08440911226776548 0.4899883321761938 0.02426564495530013 0.02952848706146556
0 0.13102469336610523 0.5081597088294033 0.022988505747126454 0.024985642898163227
0 0.1501817814887106 0.5365524848500433 0.00766283524904216 0.013628532489907197
0 0.16806173040314226 0.6012880141771023 0.0025542784163474046 0.006814266244953789
0 0.18211026169305283 0.6455807447693007 0.025542784163473803 0.027257064979814203
0 0.14571179426010267 0.6523950110142543 0.00383141762452108 0.004542844163302336
0 0.055034910479770605 0.591066614809672 0.019157088122605373 0.018171376653209722
0 0.19999021060748454 0.7489304494844301 -0.02043422733077905 0.024985642898163227
0 0.20446019783609243 0.752337582606907 0.03448275862068964 0.049971285796326266
0 0.1801945528807923 0.7648304040559885 0.014048531289910592 0.029528487061465658
0 0.189773096942095 0.783001780709198 0.025542784163473803 0.02952848706146556
0 0.20765304585652666 0.8000374463215819 0.017879948914431672 0.03634275330641906
0 0.17061600881948963 0.8488730210770826 0.005108556832694782 0.006814266244953503
0 0.14315751584375527 0.8772657970977227 0.02426564495530013 0.027257064979814394
0 0.1252775669293236 0.8079874236073611 0.02426564495530013 0.04769986371467509
0 0.11889187088845515 0.7784589365458957 0.03703703703703703 0.05678555204128005
0 0.13102469336610523 0.7568804267702092 0.015325670498084294 0.01817137665320953
0 0.1361332501988 0.7114519851371854 0.015325670498084294 0.03179990914311673
0 0.15656747752957903 0.6978234526472782 0.00766283524904216 0.013628532489907197
0 0.09207194751680763 0.6603449883000333 0.029374201787994884 0.029528487061465467
0 0.11378331405576038 0.6966877416064525 0.0038314176245210665 0.006814266244953694
0 0.111229035639413 0.6910091864023244 0.029374201787994898 0.027257064979814394
0 0.10995189643123932 0.7387090501169997 0.016602809706257982 0.027257064979814394
0 0.10037335236993662 0.77732322550507 0.005108556832694769 0.013628532489907197
0 0.05248063206342321 0.7591518488518605 0.021711366538952743 0.03179990914311673
0 0.06333631533289959 0.731894783872046 0.020434227330779063 0.01817137665320953
0 0.08057769464324442 0.7375733390761742 0.014048531289910592 0.024985642898163133
0 0.08951766910046025 0.7159948293004877 0.006385696040868458 0.013628532489907197
0 0.03779353116942577 0.6637521214225103 0.06641123882503193 0.06814266244953598
