0 0.21340017229330824 0.3786886501752852 0.014048531289910592 0.020442798734860795
0 0.19041166654618183 0.3798243612161108 0.006385696040868431 0.018171376653209628
0 0.19615879298296343 0.4036742930734484 0.005108556832694782 0.024985642898163133
0 0.18211026169305283 0.370738672889506 0.005108556832694755 0.009085688326604766
0 0.17827884406853178 0.3855029164202388 0.01277139208173689 0.020442798734860795
0 0.16806173040314223 0.39799573786932035 0.015325670498084266 0.022714220816511962
0 0.17253171763175015 0.4275242249307859 0.008939974457215836 0.018171376653209628
0 0.1616760343622738 0.4048100041142739 0.017879948914431672 0.022714220816511962
0 0.14315751584375527 0.3696029618486804 0.016602809706257996 0.02952848706146556
0 0.15465176871731848 0.36392440664455245 0.014048531289910592 0.0272570649798143
0 0.14890464228053688 0.39913144891014596 0.01277139208173689 0.0204427987348607
0 0.13932609821923422 0.393452893706018 0.00383141762452108 0.009085688326604766
0 0.1393260982192342 0.38096007225693634 0.019157088122605345 0.020442798734860795
0 0.1310246933661052 0.3593815624812501 0.017879948914431672 0.01817137665320953
0 0.12144614930480253 0.3923171826651924 0.03959131545338442 0.02952848706146556
0 0.12910898455384467 0.4025385820326227 -0.0012771392081737023 0.06359981828623346
0 0.12974755415793154 0.4411527574206931 0.012771392081736915 0.022714220816511962
0 0.11250617484758668 0.37641722809363404 0.014048531289910604 0.02952848706146556
0 0.03587782235716523 0.3616529845629013 0.01149425287356322 0.022714220816511962
