0 0.7721485758692981 0.17085352970420078 0.0434227330779055 0.11357110408255981
0 0.6578446167377527 0.24353903631703905 0.0012771392081736754 0.0
0 0.545456366418468 0.1390536205610841 0.021711366538952805 0.05905697412293112
0 0.499479354924215 0.10271086725466494 0.03703703703703707 0.059056974122930934
0 0.4452009385768332 0.3366673416647381 0.015325670498084266 0.022714220816511962
0 0.5748305682064627 0.36165298456290124 0.0600255427841635 0.0272570649798143
0 0.5767462770187235 0.38663862746106437 0.0 0.0
0 0.5773848466228102 0.39913144891014596 0.014048531289910645 0.0204427987348607
0 0.611229035639413 0.4479670236656466 0.0 0.004542844163302336
0 0.5895176691004602 0.4763597996862866 0.002554278416347351 0.006814266244953503
0 0.5652520241451602 0.4650026892780306 0.02554278416347383 0.04769986371467519
