0 0.5939876563290681 0.031161071682652294 0.011494252873563187 -0.002271422081651168
0 0.45477948263813583 0.05955384770329218 0.014048531289910538 0.009085688326604861
0 0.4062481927275356 0.035703915845954726 0.01149425287356324 0.01135711040825603
0 0.4317909768910093 0.12088224390787447 0.008939974457215782 0.013628532489907197
0 0.49884078532012827 0.11747511078539763 0.00766283524904216 0.011357110408255839
0 0.5543963408756838 0.08113235747897857 0.014048531289910538 0.006814266244953503
0 0.5799391250391576 0.08113235747897846 0.014048531289910645 0.01135711040825603
0 0.619530440492542 0.06750382498907137 0.021711366538952805 0.034071331224767895
0 0.5959033651413287 0.11406797766292087 0.017879948914431672 0.004542844163302336
0 0.6616760343622738 0.06863953602989704 0.008939974457215836 0.02271422081651187
0 0.6265547061374973 0.0993037341321882 0.012771392081736862 0.0204427987348607
0 0.6284704149497579 0.11066084454044403 0.0063856960408684845 0.006814266244953682
0 0.6489046422805369 0.11747511078539763 0.003831417624521026 0.002271422081651168
0 0.6597603255500133 0.13223935431613043 0.005108556832694702 0.004542844163302336
0 0.6463503638641895 0.14359646472438656 0.0038314176245211337 0.004542844163302336
0 0.5652520241451602 0.1924320394798872 0.015325670498084212 0.01135711040825603
0 0.6201690100966288 0.17880350698998002 0.005108556832694809 0.002271422081651168
0 0.6520974903009712 0.18334635115328246 0.01532567049808432 0.01135711040825603
0 0.6725317176317502 0.19583917260236403 0.012771392081736862 0.009085688326604766
0 0.6884959577339212 0.23786048111291114 0.0012771392081736754 -0.002271422081651168
0 0.7095687546687872 0.01298969502944267 0.04597701149425285 0.0204427987348607
0 0.7172315899178293 0.03343249376430346 0.02043422733077913 0.024985642898163227
0 0.73128012120774 0.05273958145833858 0.022988505747126374 0.018171376653209722
0 0.7568229053712138 0.0652324029074203 0.02809706257982129 0.015899954571558364
0 0.7651243102243428 0.09703231205053683 0.016602809706257996 0.020442798734860712
0 0.7529914877466927 0.10271086725466484 0.0025542784163474583 0.0
0 0.7338343996240874 0.10725371141796727 0.02043422733077913 0.009085688326604861
0 0.8213184353839852 0.11179655558126962 0.021711366538952698 0.00908568832660485
0 0.7734257150774717 0.15495357513264252 0.012771392081736969 0.0045428441633024305
0 0.751714348538519 0.1924320394798872 0.01021711366538951 0.006814266244953503
0 0.7287258427913925 0.20492486092896878 0.01021711366538951 0.018171376653209628
0 0.739581526060869 0.23786048111291108 0.008939974457215836 0.0068142662449535985
0 0.7121230330851346 0.19016061739823603 0.02043422733077902 0.015899954571558364
0 0.7338343996240874 0.18448206219410804 0.03320561941251588 0.027257064979814394
0 0.8328126882575484 0.07431809123402497 0.04214559386973182 0.038614175388070424
0 0.8283427010289404 0.025482516478524283 0.02043422733077902 0.004542844163302526
0 0.8724040037109327 0.016396828151919517 0.04214559386973172 0.0408855974697214
0 0.9164653063929251 0.08794662372393217 0.03065134099616864 0.015899954571558364
0 0.9535023434299621 0.1333750653569561 0.035759897828863345 0.03407133122476809
