0 0.6699774392154028 0.1197465328670489 0.017879948914431672 0.0204427987348607
0 0.6597603255500133 0.09476088996888576 0.00766283524904216 0.020442798734860892
0 0.8040770560736403 0.0584181366624666 0.0 0.002271422081650977
0 0.7740642846815586 0.10384657829549043 0.003831417624521026 0.006814266244953515
0 0.7478829309139979 0.099303734132188 0.01532567049808432 0.015899954571558378
0 0.7414972348731295 0.14018933160190963 0.01021711366538951 0.01589995457155846
0 0.9439237993686594 0.08908233476475765 0.008939974457215836 0.004542844163302336
0 0.9126338887684041 0.14473217576521213 0.00766283524904216 0.006814266244953503
0 0.9209352936215329 0.1617678413775961 0.0012771392081736754 0.004542844163302336
0 0.9145495975806646 0.17426066282667763 0.014048531289910538 0.011357110408255934
0 0.9330681160991832 0.1992463057248408 0.0 0.002271422081651168
0 0.855162624400588 0.15381786409181689 0.0 0.002271422081651168
0 0.9030553447071014 0.1049822893363161 0.0038314176245211337 0.009085688326604861
0 0.8238727138003326 0.18334635115328243 0.0063856960408684845 0.015899954571558364
0 0.8953925094580591 0.1969748836431896 0.0038314176245211337 0.0068142662449535985
0 0.8845368261885829 0.22536765966382954 0.005108556832694809 0.004542844163302336
