0 0.5569506192920313 0.35938156248125 0.03448275862068967 0.05905697412293112
0 0.6240004277211498 0.28101750066428377 0.02043422733077902 0.02952848706146561
0 0.5071421901732572 0.16744639658172408 0.016602809706257996 0.02952848706146556
0 0.24788293091399796 0.1061180003771417 0.03192848020434229 0.05224270787797743
0 0.2785342719101665 0.07999664643815298 0.019157088122605345 0.04997128579632645
0 0.2612928925998217 0.016396828151919517 0.028097062579821183 0.027257064979814394
0 0.32387271380033256 0.0856752016422809 0.020434227330779077 0.02952848706146556
0 0.41901958480927254 0.6228665239527889 0.03959131545338442 0.027257064979814394
0 0.4273209896624015 0.6433093226876495 0.028097062579821235 0.018171376653209437
0 0.4822379756138702 0.6717020987082893 0.053639846743295014 0.038614175388070326
0 0.42923669847466206 0.6830592091165454 0.04725415070242653 0.04769986371467509
