0 0.42029672401744617 0.04819673729503615 0.00383141762452108 0.009085688326604861
0 0.4503094954095279 0.04138247105008255 0.007662835249042106 0.004542844163302336
0 0.52885355671221 0.028889649601001034 0.006385696040868377 0.01135711040825603
0 0.54098637918986 0.018668250233570684 0.002554278416347351 0.004542844163302336
0 0.5486492144389022 0.05728242562164111 0.0 0.0
0 0.5422635183980338 0.04819673729503615 0.005108556832694702 0.009085688326604861
0 0.5805776946432444 0.022075383356047435 0.002554278416347351 0.002271422081651168
0 0.5946262259331551 0.03002536064182671 0.012771392081736969 0.009085688326604672
0 0.5978190739535892 0.032296782723477885 0.003831417624521026 0.009085688326604672
0 0.5837705426636787 0.04365389313173382 0.003831417624521026 0.009085688326604861
0 0.5997347827658498 0.059553847703292084 0.0 0.0
0 0.5965419347454155 0.07091095811154811 0.0012771392081736754 0.0
0 0.5799391250391576 0.0584181366624666 0.0012771392081736754 0.01135711040825603
0 0.644434655051929 0.11066084454044413 0.0 0.002271422081651168
0 0.6591217559459264 0.06750382498907126 0.014048531289910645 -0.015899954571558364
0 0.6699774392154028 0.07318238019319928 0.005108556832694809 0.004542844163302336
0 0.6680617304031423 0.08908233476475774 0.003831417624521026 0.01817137665320953
0 0.6603988951541001 0.0243468054376987 0.008939974457215836 0.0204427987348607
0 0.7210630075423504 0.05614671458081543 0.007662835249042052 0.015899954571558364
0 0.7900285247837298 0.10157515621383935 0.002554278416347351 0.006814266244953694
0 0.7619314622039085 0.07772522435650181 0.0025542784163474583 0.009085688326604672
