0 0.855162624400588 0.02321109439687302 0.04086845466155804 0.03179990914311673
0 0.8826211173763223 0.04706102625421056 0.029374201787994856 0.04769986371467509
0 0.8915610918335382 0.06068955874411786 0.021711366538952698 0.024985642898163227
0 0.7082916154606135 0.1322393543161305 0.01021711366538951 0.009085688326604861
0 0.7702328670570375 0.06977524707072254 0.021711366538952805 0.04315701955137257
0 0.8225955745921588 0.08113235747897857 0.019157088122605345 0.02952848706146556
0 0.6929659449625293 0.07091095811154821 0.03065134099616864 0.049971285796326266
0 0.6329404021783658 0.02207538335604753 0.028097062579821183 0.015899954571558364
0 0.4426466601604858 0.12996793223447933 0.01532567049808432 0.04088559746972159
0 0.45158663461770165 0.21173912717392235 0.017879948914431672 0.03179990914311673
0 0.6578446167377527 0.08340377956062972 0.016602809706257996 0.02952848706146556
0 0.6572060471336659 0.0993037341321882 0.012771392081736969 0.0204427987348607
0 0.6489046422805369 0.1197465328670489 0.011494252873563293 0.03407133122476809
0 0.7076530458565267 0.24467474735786468 0.01660280970625789 0.020442798734860747
0 0.5199135822549941 0.2787460785826326 0.04725415070242653 0.06132839620458229
