0 0.23000298199956626 0.05955384770329228 0.026819923371647507 0.004542844163302336
0 0.23575010843634786 0.10271086725466494 -0.022988505747126454 -0.049971285796326266
0 0.34047552350659055 0.028889649601001127 0.017879948914431672 0.006814266244953503
0 0.33472839706980895 0.09021804580558332 0.006385696040868431 -0.002271422081650977
0 0.29513708161642455 0.0720466691523737 0.029374201787994856 0.056785552041279955
0 0.35835547242102217 0.12088224390787437 0.028097062579821183 0.03634275330641906
0 0.3992239270825803 0.1197465328670488 0.00766283524904216 0.024985642898163216
0 0.45477948263813583 0.030025360641826714 0.02171136653895275 0.02271422081651206
0 0.4273209896624015 0.14586788680603766 0.02554278416347378 0.03634275330641916
0 0.5065036205691704 0.056146714580815334 0.005108556832694702 0.024985642898163227
0 0.5199135822549942 0.07431809123402495 0.026819923371647507 0.02952848706146575
0 0.5595048977083785 0.10952513349961844 0.014048531289910645 0.027257064979814203
0 0.6297475541579315 0.03229678272347788 0.014048531289910538 0.018171376653209722
0 0.7210630075423504 0.053875292499164264 0.0 0.006814266244953694
0 0.7261715643750452 0.08453949060145531 0.00766283524904216 0.03634275330641906
0 0.7172315899178293 0.08453949060145541 0.00766283524904216 0.009085688326604861
0 0.7325572604159137 0.10952513349961854 0.012771392081736862 0.02271422081651206
0 0.7242558555627846 0.11747511078539771 0.0012771392081736754 0.006814266244953694
0 0.747882930913998 0.11747511078539763 0.0 0.002271422081651168
0 0.7453286524976506 0.12315366598952564 0.005108556832694917 0.009085688326604861
0 0.7331958300200004 0.14700359784686334 0.0038314176245211337 0.011357110408255934
0 0.7395815260608689 0.1538178640918168 0.014048531289910645 0.02952848706146575
0 0.7478829309139979 0.15949641929594488 0.012771392081736969 0.01817137665320953
0 0.8002456384491193 0.14586788680603777 0.005108556832694702 0.009085688326604766
0 0.8098241825104219 0.10952513349961854 0.006385696040868377 0.0
0 0.7919442335959903 0.0788609353973273 0.006385696040868377 0.024985642898163036
0 0.8200412961758115 0.07999664643815288 0.011494252873563293 0.02271422081651187
0 0.8545240547965011 0.010718272947791596 0.019157088122605345 0.02952848706146556
0 0.8992239270825803 0.042518182090908234 0.008939974457215836 0.01135711040825603
0 0.9036939143111882 0.06977524707072252 0.005108556832694809 0.02952848706146556
0 0.8902839526253645 0.09021804580558333 0.016602809706257996 0.03407133122476772
