0 0.8947539398539723 0.0788609353973273 0.028097062579821183 0.07041408453118715
0 0.9701051531362201 0.260574701929423 0.002554278416347351 0.002271422081651263
0 0.7242558555627847 0.0039040067028379977 0.026819923371647507 0.015899954571558364
0 0.6418803766355816 0.057282425621641014 0.022988505747126374 0.02271422081651187
0 0.6310246933661052 0.09816802309136251 0.029374201787994964 0.0408855974697214
0 0.6176147316802815 0.20265343884731762 0.01021711366538951 0.03634275330641916
0 0.5179978734427335 0.23672477007208553 0.02043422733077902 0.03179990914311673
0 0.44775521699318055 0.13905362056108406 0.02554278416347383 0.04542844163302402
0 0.507780759777344 0.060689558744117765 0.01532567049808432 0.03407133122476809
0 0.10931332682715246 0.12769651015282818 0.051085568326947633 0.045428441633023925
