0 0.0748305682064628 0.019803961274396268 0.03575989782886335 0.038614175388070236
0 0.4273209896624015 0.2060605719697944 0.007662835249042106 0.015899954571558364
0 0.4400923817441384 0.1515464420101656 0.020434227330779077 0.024985642898163324
0 0.5128893166100388 0.15495357513264252 0.01021711366538951 0.0272570649798143
0 0.5639748849369864 0.17198924074502647 0.0025542784163474583 0.0068142662449535985
0 0.5799391250391577 0.015261117111093932 0.008939974457215836 0.024985642898163227
0 0.7497986397262586 0.036839626886780316 0.024265644955300154 0.01817137665320953
0 0.8245112834044194 0.0584181366624666 0.030651340996168532 0.038614175388070424
0 0.7913056639919035 0.11520368870374645 0.022988505747126374 0.034071331224767895
0 0.7906670943878166 0.18561777323493361 0.0012771392081736754 0.002271422081651168
0 0.7402200956649557 0.19016061739823598 0.017879948914431672 0.020442798734860795
