0 0.5173593038386468 0.008446850866140334 0.026819923371647507 0.024985642898163036
0 0.5154435950263861 0.031161071682652298 0.012771392081736969 0.02952848706146556
0 0.5556734800838575 0.05387529249916417 0.014048531289910538 0.020442798734860892
0 0.5582277585002049 0.07658951331567612 0.0012771392081736754 0.0022714220816513584
0 0.5601434673124653 0.0788609353973273 0.012771392081736969 0.015899954571558364
0 0.5837705426636787 0.10384657829549052 0.003831417624521026 0.0022714220816513584
0 0.44903235620135423 0.06068955874411786 0.017879948914431672 0.024985642898163227
0 0.4950093676956071 0.139053620561084 0.01021711366538951 0.03179990914311692
0 0.19743593219113714 0.015261117111093932 0.0025542784163473777 0.006814266244953505
0 0.2025444890238319 0.030025360641826617 0.010217113665389538 0.013628532489907197
0 0.2210630075423504 0.02775393856017545 0.011494252873563213 0.01817137665320953
0 0.2715100062652112 0.03456820480512905 0.007662835249042106 0.018171376653209344
0 0.2970527904286851 0.0652324029074202 0.015325670498084266 0.038614175388070236
0 0.32514985300850624 0.10043944517301368 0.0 0.004542844163302336
0 0.2191472987300899 0.07431809123402497 0.04597701149425288 0.038614175388070424
0 0.2050987674401793 0.06863953602989695 0.0 0.004542844163302336
0 0.19743593219113714 0.09135375684640891 0.0025542784163473777 0.009085688326604861
0 0.2108458938769609 0.09589660100971134 0.00383141762452108 0.013628532489907006
0 0.22617156437504518 0.12428937703035121 0.0012771392081736754 0.0022714220816513584
0 0.20382162823200559 0.10384657829549053 0.017879948914431672 0.0204427987348607
0 0.21723158991782934 0.10498228933631601 0.006385696040868431 0.004542844163302347
0 0.226810133979132 0.14586788680603777 0.005108556832694755 0.009085688326604766
0 0.25107577893443217 0.16744639658172408 0.002554278416347351 0.0204427987348607
0 0.25107577893443217 0.1197465328670488 0.002554278416347351 0.006814266244953503
0 0.25746147497530064 0.1129322666220952 0.007662835249042106 0.0204427987348607
0 0.26704001903660324 0.09589660100971134 0.0038314176245211337 0.018171376653209722
0 0.2944985120123377 0.15268215305099128 0.0 0.009085688326604861
0 0.2574614749753006 0.12883222119365356 0.017879948914431672 0.0204427987348607
0 0.2913056639919034 0.17198924074502647 0.0012771392081737292 0.011357110408255934
0 0.2587386141834743 0.1560892861734681 0.030651340996168588 0.011357110408255934
0 0.3615483204414564 0.1924320394798872 0.0012771392081736754 0.002271422081651168
0 0.3583554724210222 0.1969748836431896 0.002554278416347351 0.002271422081651263
0 0.34877692835971946 0.21514626029639916 0.003831417624521026 0.002271422081651168
0 0.3104627521145088 0.21628197133722474 0.006385696040868431 0.009085688326604861
0 0.32131843538398513 0.24240332527621353 0.0025542784163474046 0.011357110408255934
