0 0.7638471710161692 0.1538178640918168 0.031928480204342205 0.02952848706146575
0 0.8174870177594641 0.12088224390787453 0.019157088122605453 0.04088559746972169
0 0.9132724583724909 0.12883222119365376 0.026819923371647507 0.04769986371467509
0 0.8251498530085062 0.03797533792760589 0.029374201787994856 0.024985642898163036
0 0.5920719475168077 0.22423194862300394 0.02554278416347383 0.024985642898163227
0 0.627831845345671 0.057282425621641014 0.02554278416347383 0.045428441633023925
0 0.4950093676956071 0.08681091268310658 0.030651340996168588 0.049971285796326266
0 0.17636313525627123 0.11066084454044413 0.029374201787994884 0.04315701955137257
0 0.04864921443890215 0.20378914988814315 0.0421455938697318 0.04769986371467509
0 0.1546517687173185 0.23445334799043427 0.047254150702426584 0.045428441633023925
