0 0.6833874009012266 0.1470035978468633 0.03959131545338437 0.04315701955137276
0 0.4879851020506518 0.23899619215373671 0.03192848020434237 0.027257064979814394
0 0.5314078351285574 0.23786048111291114 0.01149425287356308 0.015899954571558364
0 0.6910502361502687 0.31168169876657503 0.037037037037037014 0.04088559746972159
0 0.987346532446565 0.08908233476475774 0.011494252873563187 0.04088559746972159
0 0.5690834417696812 0.6308165012385679 0.012771392081736969 0.006814266244953694
0 0.5314078351285574 0.6580735662183823 0.024265644955300154 0.015899954571558364
0 0.5658905937492471 0.6762449428715918 0.016602809706257996 0.01135711040825603
0 0.590794808308634 0.6830592091165454 0.02043422733077913 0.0204427987348607
0 0.7210630075423504 0.6705663876674638 0.03065134099616864 0.018171376653209628
0 0.6955202233788766 0.7012305857697549 0.0 0.0022714220816510726
0 0.6284704149497579 0.6705663876674638 0.03448275862068967 0.03179990914311673
0 0.7089301850647004 0.7148591182596622 0.0063856960408684845 0.006814266244953503
0 0.7134001722933083 0.7375733390761741 0.01532567049808432 0.01135711040825603
0 0.7217015771464372 0.7568804267702092 0.014048531289910645 0.004542844163302526
0 0.6476275030723632 0.7262162286679181 0.044699872286079176 0.038614175388070424
0 0.49245508927925974 0.8136659788114893 0.053639846743295014 0.031799909143116825
0 0.4611651786790043 0.847737310036257 0.09578544061302684 0.0408855974697214
