0 0.718508729126003 0.024346805437698606 0.035759897828863345 0.038614175388070236
0 0.7976913600327719 0.0584181366624666 0.0025542784163475655 0.006814266244953694
0 0.9273209896624015 0.11066084454044403 0.024265644955300047 0.05678555204127977
0 0.5805776946432444 0.1935677505207128 0.02298850574712648 0.03179990914311673
0 0.5665291633533338 0.06863953602989695 0.028097062579821183 0.03179990914311673
0 0.5167207342345599 0.14927501992851444 0.03065134099616864 0.04315701955137276
0 0.3979467878744066 0.18561777323493361 0.04597701149425285 0.05224270787797743
0 0.6412418070314948 0.11066084454044403 0.016602809706257996 0.024985642898163036
0 0.34175266271476423 0.22309623758217834 0.030651340996168588 0.03179990914311673
0 0.24916007012217162 0.08681091268310658 0.03959131545338445 0.059056974122930934
