0 0.10228906118219716 0.4650026892780306 0.08812260536398468 0.08858546118439659
0 0.6699774392154028 0.19470346156153845 0.01532567049808432 0.020442798734860795
0 0.6961587929829635 0.1470035978468633 0.008939974457215836 -0.002271422081651168
0 0.7612928925998217 0.012989695029442765 0.0268199233716474 0.024985642898163227
0 0.8008842080532061 0.17653208490832886 -0.031928480204342316 0.006814266244953503
0 0.7944985120123376 0.14813930888768884 0.014048531289910645 0.01817137665320982
0 0.8934768006457987 0.10157515621383936 0.040868454661558154 0.04769986371467509
0 0.9573337610544832 0.07772522435650171 0.020434227330779237 0.036342753306419256
0 0.7906670943878166 0.184482062194108 0.016602809706258104 0.03179990914311673
0 0.7657628798284296 0.1935677505207128 0.025542784163473723 0.03634275330641906
