0 0.07036058097785489 0.37414580601198283 0.011494252873563213 0.01135711040825603
0 0.18913452733800815 0.32758165333813327 0.003831417624521053 0.013628532489907197
0 0.14954321188462374 0.353703007277122 0.008939974457215836 0.015899954571558364
0 0.20062878021157135 0.3684672508078548 0.0012771392081737023 0.013628532489907197
0 0.1801945528807923 0.3843672053794132 0.011494252873563213 0.01817137665320953
0 0.2114844634810477 0.40708142619592513 0.0 0.0
0 0.18466454010940023 0.42979564701243705 0.007662835249042133 0.009085688326604766
0 0.18466454010940023 0.4161671145225299 0.0 0.0
0 0.1718931480276633 0.43093135805326266 0.007662835249042133 0.015899954571558364
0 0.1463503638641895 0.41048855931840195 0.007662835249042133 0.020442798734860795
0 0.15592890792549216 0.3911814716243668 0.0012771392081737023 0.004542844163302336
0 0.1240004277211499 0.34348160790969173 0.0063856960408684845 0.013628532489907197
0 0.11633759247210776 0.3866386274610644 0.021711366538952764 0.022714220816511962
