0 0.8398369539025037 0.057282425621641014 0.00766283524904216 0.009085688326604861
0 0.8602711812332827 0.06636811394824578 0.0 0.0
0 0.9183810152051857 0.047061026254210665 0.006385696040868377 0.020442798734860892
0 0.9368995337237043 0.023211094396873116 0.00766283524904216 0.004542844163302526
0 0.9483937865972674 0.08226806851980414 0.0025542784163474583 0.004542844163302336
0 0.9624423178871779 0.0584181366624666 0.017879948914431672 0.024985642898163036
0 0.8736811429191065 0.16971781866337532 -0.006385696040868377 -0.0068142662449535985
0 0.9107181799561436 0.1435964647243864 0.008939974457215836 0.009085688326604956
0 0.8187641569676378 0.11747511078539763 0.011494252873563293 0.02952848706146556
0 0.8142941697390298 0.07431809123402497 0.005108556832694809 0.01135711040825603
0 0.7708714366611243 0.10952513349961854 0.005108556832694809 0.009085688326604672
0 0.7708714366611243 0.16858210762254966 0.0025542784163474583 0.0
0 0.8142941697390298 0.2106034161330968 0.01021711366538951 0.020442798734860795
0 0.7676785886406902 0.14813930888768892 0.0063856960408684845 0.022714220816511962
0 0.6718931480276633 0.03456820480512915 0.01660280970625789 0.013628532489907197
0 0.7070144762524398 0.13451077639778167 0.0025542784163474583 0.004542844163302526
0 0.6782788440685317 0.10952513349961844 0.014048531289910645 0.013628532489907197
0 0.6399646678233211 0.09589660100971124 0.008939974457215836 -0.009085688326604861
0 0.6310246933661052 0.05955384770329218 0.021711366538952698 0.02271422081651187
0 0.6029276307862841 0.04365389313173382 0.016602809706257996 0.013628532489907197
0 0.5767462770187235 0.051603870417513 0.0 0.002271422081651168
0 0.5218292910672546 0.027753938560175544 0.005108556832694809 0.004542844163302336
0 0.5697220113737681 0.07772522435650181 0.021711366538952698 0.02271422081651206
0 0.37687399093954077 0.11520368870374646 0.00383141762452108 0.006814266244953503
0 0.33728267548615626 0.04706102625421057 0.019157088122605345 0.024985642898163036
0 0.5601434673124654 0.09703231205053692 0.010217113665389618 0.024985642898163227
0 0.6054819092026313 0.12656079911200252 0.03959131545338448 0.03407133122476799
