0 0.04034780958577315 0.8011731573624075 0.020434227330779056 0.024985642898163227
0 0.12016901009662884 0.7273519397087438 0.0063856960408684715 0.027257064979814203
0 0.17827884406853178 0.6853306311981966 0.015325670498084294 0.011357110408255934
0 0.14890464228053688 0.684194920157371 0.010217113665389538 0.03179990914311673
0 0.1310246933661052 0.6864663422390223 0.020434227330779077 0.05451412995962879
0 0.11314474445167352 0.6274093681160912 0.01532567049808428 0.04997128579632617
0 0.13868752861514735 0.5694881050339856 0.01021711366538951 0.04769986371467519
0 0.1884959577339213 0.4615955561555538 0.02043422733077905 0.045428441633023835
0 0.2830042591387744 0.4207099586858323 0.015325670498084266 0.03634275330641916
0 0.2319186908118268 0.3696029618486804 0.020434227330779077 0.034071331224767895
0 0.12144614930480252 0.2435390363170391 0.01149425287356324 0.018171376653209628
0 0.13038612376201836 0.3014602993991446 0.019157088122605373 0.02952848706146556
0 0.37431971252319335 0.3219030981340053 0.04980842911877393 0.04315701955137267
0 0.3660183076700643 0.2106034161330968 0.015325670498084266 0.024985642898163133
0 0.3162098785512904 0.28669605586841174 0.012771392081736915 0.04088559746972154
0 0.4828765452179571 0.22877479278630633 0.014048531289910645 0.06587124036788472
0 0.487346532446565 0.16631068554089845 0.012771392081737023 0.0045428441633024305
0 0.41838101520518567 0.26398183505189987 0.020434227330779077 0.04088559746972159
0 0.43370668570327 0.38663862746106437 0.01532567049808432 0.0045428441633024305
0 0.5314078351285574 0.3889100495427156 0.003831417624521026 0.0272570649798143
0 0.6220847189088894 0.23786048111291108 0.019157088122605345 0.056785552041279816
0 0.6284704149497577 0.10384657829549052 0.01660280970625789 0.015899954571558364
0 0.5914333779127208 0.11066084454044413 0.021711366538952805 0.04315701955137257
0 0.5690834417696813 0.06750382498907126 0.010217113665389618 0.015899954571558364
0 0.5767462770187233 0.03570391584595463 0.01021711366538951 0.02952848706146556
0 0.8526083459842406 0.2878317669092374 0.07918263090676884 0.09767114951100135
