0 0.8334512578616352 0.27193181233767905 0.06641123882503187 0.08858546118439668
0 0.27342571507747176 0.024346805437698696 0.05236270753512134 0.07495692869448949
0 0.18274883129713967 0.43774562429821623 0.003831417624521053 0.0068142662449535985
0 0.21276160268922142 0.4252528028491347 0.017879948914431672 0.013628532489907197
0 0.11889187088845515 0.41048855931840195 0.03448275862068967 0.03407133122476799
0 0.0971805043495024 0.40594571515509953 0.008939974457215836 0.024985642898163133
0 0.13741038940697367 0.4684098224005074 0.015325670498084294 0.022714220816511962
0 0.12016901009662884 0.47181695552298414 0.0063856960408684715 0.0022714220816513584
0 0.14571179426010264 0.5195168192376592 0.014048531289910592 0.015899954571558364
0 0.12208471890888938 0.5217882413193103 0.01021711366538955 0.01135711040825603
