0 0.5876019602881998 0.10725371141796727 0.04214559386973172 0.049971285796326266
0 0.9279595592664884 0.23899619215373671 0.09706257982120062 0.09994257159265253
0 0.48734653244656495 0.02661822751934996 0.0817369093231162 0.06132839620458229
0 0.925405280850141 0.1935677505207128 0.03065134099616864 0.049971285796326266
0 0.8730425733150197 0.1969748836431896 0.07151979565772669 0.0613283962045822
0 0.599096213161763 0.43888133533904183 0.04725415070242653 0.03634275330641906
0 0.3717654341068459 0.5410953290133458 0.03448275862068967 0.06359981828623355
0 0.27597999349381913 0.6285450791569167 0.03703703703703707 0.07949977285779182
0 0.2970527904286851 0.4513741567881234 0.03320561941251594 0.08404261702109425
0 0.15273605990505795 0.1924320394798872 0.05874840357598977 0.06587124036788462
