0 0.14762750307236322 0.08226806851980414 0.012771392081736915 0.018171376653209344
0 0.13868752861514735 0.02093967231522185 0.005108556832694755 0.0
0 0.07738484662281019 0.050468159376687416 0.0 0.0
0 0.14571179426010267 0.2367247700720855 0.008939974457215836 0.013628532489907101
0 0.027576417504036242 0.051603870417513 0.0076628352490421495 0.002271422081651168
0 0.38964538302127766 0.06750382498907137 0.016602809706257996 0.038614175388070236
0 0.5314078351285574 0.020939672315221945 0.037037037037037014 0.01817137665320953
0 0.5390706703775995 0.23104621486795754 0.04980842911877388 0.01135711040825603
0 0.524383569483602 0.23786048111291108 0.043422733077905395 0.011357110408255934
0 0.5563120496879442 0.2435390363170391 0.028097062579821183 0.018171376653209628
0 0.5633363153328995 0.23786048111291108 0.019157088122605345 0.011357110408255934
0 0.5729148593942024 0.2560318577661207 0.030651340996168532 0.015899954571558364
0 0.5633363153328995 0.27420323441933026 0.037037037037037014 0.020442798734860795
0 0.5646134545410734 0.30146029939914465 0.037037037037037125 0.01589995457155832
0 0.5569506192920313 0.27533894546015586 0.03959131545338458 0.022714220816511962
