0 0.1489046422805369 0.05955384770329218 0.022988505747126454 0.02271422081651187
0 0.16423031277862116 0.0447896041725594 0.017879948914431697 0.0204427987348607
0 0.16933886961131595 0.13110364327530497 0.01277139208173689 0.020442798734860795
0 0.14251894623966843 0.1288322211936537 0.01277139208173689 0.029528487061465658
0 0.1182533012843683 0.19129632843906164 0.015325670498084294 0.013628532489907197
0 0.11186760524349984 0.18788919531658482 0.02043422733077905 0.020442798734860795
0 0.2280872731873057 0.1390536205610841 0.005108556832694755 0.02271422081651206
0 0.23575010843634783 0.17880350698998007 0.005108556832694755 0.024985642898163133
0 0.22553299477095834 0.057282425621641014 0.015325670498084294 0.02271422081651187
0 0.24852150051808478 0.016396828151919514 0.022988505747126454 0.03179990914311673
0 0.26129289259982164 0.020939672315221945 0.01021711366538951 0.01817137665320953
0 0.28491996795103497 0.049332448335861735 0.00383141762452108 0.0204427987348607
0 0.2651243102243428 0.0856752016422809 0.002554278416347351 0.011357110408255839
0 0.2951370816164245 0.10157515621383935 0.0063856960408684845 0.006814266244953694
0 0.29513708161642455 0.13564648743860724 0.011494252873563187 -0.0022714220816513584
0 0.30854704330224825 0.09135375684640891 0.012771392081736915 0.02271422081651187
0 0.30854704330224825 0.018668250233570684 0.015325670498084266 0.027257064979814394
0 0.3206798657798983 0.039111048968431386 0.014048531289910592 0.03179990914311673
0 0.3647411684618907 0.031161071682652204 0.03320561941251594 0.024985642898163036
0 0.3832596869804092 0.011853983988617084 0.01660280970625794 0.01817137665320953
