0 0.6827488312971397 0.1390536205610841 0.01021711366538951 0.027257064979814394
0 0.6623146039663607 0.12428937703035123 0.005108556832694809 0.01135711040825603
0 0.6559289079254922 0.10384657829549052 0.017879948914431672 0.015899954571558364
0 0.6495432118846238 0.08226806851980414 0.01532567049808432 0.013628532489907388
0 0.6552903383214054 0.08908233476475774 0.008939974457215836 0.009085688326604861
0 0.6552903383214053 0.023211094396873112 0.011494252873563187 0.01817137665320953
0 0.5722762897901155 0.09476088996888567 0.011494252873563187 0.024985642898163046
0 0.5346006831489916 0.14132504264273527 0.012771392081736969 0.018171376653209722
0 0.5090578989855178 0.06977524707072262 0.005108556832694809 0.006814266244953694
0 0.5071421901732572 0.0924894678872345 0.008939974457215836 0.01135711040825603
0 0.44392379936865944 0.026618227519349866 0.01021711366538951 0.01135711040825603
0 0.4566951914503964 0.024346805437698696 0.02554278416347383 0.024985642898163036
0 0.36410259885780377 0.06750382498907137 0.024265644955300047 0.034071331224767895
0 0.5812162642473312 0.051603870417513 0.019157088122605345 0.006814266244953503
