0 0.47393657076074125 0.2060605719697944 0.03448275862068967 0.02952848706146556
0 0.06333631533289959 0.04365389313173391 0.022988505747126447 0.05905697412293112
0 0.08760196028819972 0.1220179549487001 0.017879948914431672 0.03861417538807052
0 0.05375777127159691 0.14473217576521208 0.008939974457215836 0.024985642898163324
0 0.019275012650907253 0.15722499721429367 0.016602809706257982 0.0272570649798143
0 0.12336185811706307 0.17085352970420087 0.01277139208173693 0.0272570649798143
0 0.1546517687173185 0.03570391584595463 0.016602809706257996 0.034071331224767895
0 0.2989684992409456 0.14473217576521208 0.019157088122605345 0.03407133122476799
0 0.38070540856406176 0.12883222119365356 0.003831417624521026 0.01135711040825603
0 0.3896453830212776 0.15268215305099125 0.019157088122605345 0.04088559746972169
0 0.4234895720378804 0.12542508807117686 0.022988505747126426 0.03634275330641934
0 0.44200809055639895 0.17539637386750323 0.02171136653895275 0.022714220816511962
