0 0.4464780777850069 0.028889649601001127 0.08173690932311625 0.07041408453118696
0 0.34686121954745897 0.463866978237205 0.020434227330779077 0.06359981828623346
0 0.3155713089472036 0.5036168646661009 0.05491698595146874 0.038614175388070424
0 0.3117398913226825 0.5138382640335313 0.0191570881226054 0.022714220816512153
0 0.25746147497530064 0.48998833217619375 0.030651340996168588 0.04315701955137267
0 0.2153158811055688 0.48885262113536815 0.02554278416347383 0.02271422081651187
0 0.2459672221017374 0.5195168192376592 0.020434227330779077 0.038614175388070424
0 0.28491996795103497 0.5331453517275664 0.02171136653895275 0.029528487061465658
0 0.28555853755512184 0.5660809719115089 0.02554278416347383 0.018171376653209628
0 0.28044998072242705 0.5422310400541712 0.02554278416347378 0.006814266244953503
0 0.24916007012217165 0.5342810627683919 0.02681992337164756 0.03179990914311673
0 0.21914729873008987 0.48885262113536815 0.06641123882503193 0.09085688326604767
0 0.22297871635461097 0.5410953290133458 0.035759897828863345 0.03179990914311664
0 0.23511153883226102 0.5978808810546254 0.014048531289910618 0.0
0 0.2664014494325164 0.6035594362587536 0.020434227330779077 0.006814266244953503
0 0.21276160268922145 0.6035594362587536 0.06896551724137931 0.029528487061465658
0 0.1827488312971397 0.5842523485647184 0.01660280970625797 0.01817137665320953
0 0.20318305862791874 0.5615381277482063 0.03448275862068964 0.022714220816512153
