0 0.2715100062652112 0.5649452608706833 0.051085568326947606 0.05224270787797762
0 0.14954321188462372 0.4945311763394961 0.03192848020434226 0.04315701955137257
0 0.24788293091399793 0.5467738842174735 0.026819923371647507 0.034071331224767895
0 0.3328126882575484 0.5604024167073809 0.051085568326947606 0.038614175388070326
0 0.25363005735077954 0.6035594362587535 0.04342273307790547 0.015899954571558364
0 0.4809608364056966 0.34007447478721486 0.025542784163473886 0.029528487061465467
0 0.5307692655244705 0.35256729623629646 0.02043422733077902 0.009085688326604766
0 0.5984576435576761 0.3752815170528084 0.005108556832694809 0.009085688326604861
0 0.6156990228680209 0.3889100495427156 0.008939974457215836 0.013628532489907197
0 0.5965419347454155 0.44569560158399546 0.024265644955300047 0.013628532489907197
0 0.6457117942601027 0.5217882413193106 0.035759897828863234 0.02952848706146556
0 0.578023416226897 0.3889100495427156 0.015325670498084212 0.0272570649798143
0 0.5646134545410733 0.37073867288950607 0.011494252873563187 0.013628532489907101
0 0.565890593749247 0.3911814716243668 0.0063856960408684845 0.013628532489907197
0 0.5646134545410734 0.44001704637986744 0.024265644955300262 0.034071331224767895
0 0.5563120496879443 0.38663862746106437 0.00766283524904216 0.009085688326604766
0 0.5371549615653389 0.37414580601198283 0.015325670498084212 0.0204427987348607
0 0.5269378478999495 0.3809600722569364 0.012771392081736862 0.015899954571558364
0 0.5001179245283018 0.3945886047468436 0.02043422733077902 0.011357110408255934
0 0.5013950637364756 0.41162427035922755 0.02043422733077913 0.03179990914311673
0 0.48415368442613077 0.4104885593184019 0.016602809706257996 0.04769986371467509
0 0.5033107725487362 0.4491027347064723 0.019157088122605345 0.024985642898163133
0 0.5237449998795153 0.4956668873803218 0.03448275862068967 0.05451412995962869
0 0.47776798838526235 0.4797669328087634 0.0191570881226054 0.022714220816511962
0 0.5045879117569099 0.5195168192376592 0.037037037037037014 0.015899954571558364
0 0.4841536844261307 0.5127025529927057 0.03448275862068967 0.024985642898163324
