0 0.28172711993060073 0.8193445340156171 0.04853128991060026 0.1158425261642109
0 0.4337066857032699 0.023211094396873112 0.0408684546615581 0.02271422081651187
0 0.43051383768283574 0.18561777323493361 0.014048531289910592 0.0204427987348607
0 0.4566951914503964 0.2514890136028182 0.010217113665389457 0.04769986371467509
0 0.4215738632256199 0.3173602539707029 0.016602809706257996 0.020442798734860795
0 0.5186364430468205 0.2389961921537367 0.0063856960408684845 0.009085688326604766
0 0.5173593038386467 0.1799392180308056 0.014048531289910645 0.03179990914311673
0 0.5339621135449047 0.3343959195830869 0.021711366538952698 0.027257064979814394
0 0.34622264994337215 0.10043944517301368 0.03192848020434226 0.027257064979814394
0 0.2721485758692981 0.6410379006059983 0.05491698595146869 0.06359981828623346
