0 0.22617156437504518 0.6489878778917775 0.03959131545338445 0.07949977285779182
0 0.17891741367261862 0.4400170463798675 0.026819923371647507 0.02952848706146556
0 0.09526479553724186 0.20378914988814317 0.017879948914431672 0.020442798734860795
0 0.06269774572881273 0.14132504264273527 0.01915708812260536 0.018171376653209722
0 0.11059046603532614 0.1061180003771417 0.010217113665389525 0.015899954571558364
0 0.060782036916552214 0.060689558744117765 0.030651340996168588 0.02952848706146537
0 0.18658024892166075 0.14473217576521208 0.014048531289910592 0.024985642898163324
0 0.16103746475818698 0.1617678413775961 0.00383141762452108 0.01817137665320953
0 0.2082916154606135 0.27420323441933026 0.00383141762452108 0.07041408453118705
0 0.1546517687173185 0.1049822893363161 0.0012771392081736754 0.013628532489907197
0 0.14890464228053688 0.06636811394824578 0.0025542784163473777 0.009085688326604672
