0 0.44711664738909374 0.2969174552358422 0.04214559386973182 0.07949977285779182
0 0.4720208619484807 0.2844246337867606 0.02809706257982129 0.045428441633023835
0 0.49245508927925974 0.2742032344193302 0.022988505747126534 0.034071331224767944
0 0.6367718198028869 0.15041073096934007 0.030651340996168532 0.04542844163302402
0 0.6208075797007157 0.09703231205053683 0.029374201787994856 0.05224270787797743
0 0.6667845911949686 0.08681091268310648 0.011494252873563293 0.009085688326604672
0 0.6469889334682764 0.03797533792760589 0.01021711366538951 0.024985642898163036
0 0.5786619858309839 0.01298969502944267 0.011494252873563293 0.015899954571558364
0 0.5505649232511627 0.011853983988617086 0.011494252873563293 0.013628532489907197
0 0.5614206065206392 0.039111048968431386 0.00766283524904216 0.009085688326604672
0 0.5697220113737681 0.06182526978494335 0.016602809706257996 0.013628532489907197
0 0.5844091122677655 0.07886093539732739 0.0025542784163472437 0.020442798734860892
0 0.5773848466228103 0.18221064011245686 0.03959131545338437 0.03179990914311673
0 0.5639748849369866 0.13678219847943288 0.012771392081736862 0.018171376653209628
0 0.5595048977083785 0.12088224390787447 0.019157088122605345 0.02271422081651187
0 0.5422635183980338 0.06863953602989695 0.04086845466155804 0.04542844163302374
0 0.5333235439408179 0.02775393856017545 0.005108556832694702 0.013628532489907197
0 0.47840655798934917 0.005039717743663486 0.03320561941251605 0.027257064979814394
0 0.5173593038386467 0.05273958145833867 0.014048531289910645 0.02271422081651187
0 0.46180374828309106 0.014125406070268349 0.0 0.0
0 0.4911779500710861 0.049332448335861735 0.00766283524904216 0.01135711040825603
0 0.5250221390876889 0.11066084454044403 0.024265644955300047 0.024985642898163036
0 0.5403478095857732 0.14018933160190963 0.024265644955300154 0.03407133122476819
0 0.5141664558182125 0.14473217576521202 0.02298850574712648 0.04315701955137295
0 0.5141664558182124 0.15836070825511933 0.028097062579821183 0.034071331224767895
0 0.5033107725487361 0.10271086725466484 0.011494252873563187 0.02271422081651206
0 0.4867079628424782 0.09703231205053703 0.0191570881226054 0.015899954571558364
0 0.4720208619484807 0.06750382498907137 0.03065134099616864 0.038614175388070236
0 0.4611651786790043 0.09930373413218818 0.019157088122605345 0.04315701955137276
0 0.44200809055639895 0.07658951331567623 0.026819923371647507 0.038614175388070236
0 0.437538103327791 0.03797533792760589 0.020434227330779077 0.024985642898163036
0 0.3966696486662329 0.085675201642281 0.020434227330779077 0.05678555204127977
0 0.3621868900455432 0.053875292499164264 0.02298850574712648 0.015899954571558364
0 0.3641025988578038 0.07772522435650171 0.014048531289910592 0.01817137665320953
0 0.39347680064579865 0.04592531521338508 0.019157088122605345 0.0408855974697214
0 0.4107181799561435 0.023211094396873112 0.020434227330779077 0.02271422081651187
