0 0.586324821080026 0.4229813807674835 0.031928480204342316 0.04088559746972159
0 0.5716377201860287 0.4354742022165651 0.00766283524904216 0.03407133122476799
0 0.5033107725487361 0.47635979968628656 0.03448275862068967 0.01589995457155827
0 0.40880247114388296 0.4661384003188562 0.044699872286079176 0.013628532489907197
0 0.4822379756138702 0.5047525757069264 0.012771392081736969 0.009085688326604861
0 0.4222124328297068 0.517245397156008 0.030651340996168588 0.024985642898163036
0 0.41263388876840407 0.49225975425784485 0.024265644955300154 0.015899954571558364
0 0.38198254777223545 0.5217882413193103 0.019157088122605345 0.01135711040825603
0 0.5084193293814309 0.5320096406867407 0.026819923371647507 0.027257064979814394
0 0.2657628798284296 0.5558595725440784 0.05747126436781612 0.043157019551372855
0 0.3564397636087617 0.5422310400541712 0.0191570881226054 0.024985642898163227
0 0.24469008289356373 0.6115094135445327 0.03575989782886339 0.027257064979814394
0 0.24596722210173738 0.6342236343610447 0.06896551724137936 0.045428441633023925
0 0.21276160268922142 0.5978808810546257 0.0408684546615581 0.027257064979814203
0 0.17700170486035807 0.62513794603444 0.030651340996168588 0.03179990914311673
0 0.17827884406853178 0.6626164103816846 0.035759897828863345 0.015899954571558364
0 0.15273605990505795 0.6966877416064525 0.053639846743295014 0.024985642898163036
0 0.15401319911323164 0.6830592091165454 0.0408684546615581 0.034071331224767895
0 0.1520974903009711 0.6580735662183822 0.026819923371647507 0.024985642898163227
0 0.1501817814887106 0.6296807901977423 0.035759897828863345 0.03179990914311673
0 0.12080757970071568 0.667159254544987 0.03575989782886335 0.029528487061465658
0 0.058227758500204826 0.7194019624229645 0.030651340996168595 0.024985642898163227
0 0.022467860671341475 0.7500661605252558 0.022988505747126433 0.049971285796326356
