0 0.23255726041591365 0.6592092772592077 0.05491698595146872 0.06359981828623346
0 0.24596722210173738 0.3378030527055637 0.06896551724137936 0.06587124036788458
0 0.6144218836598472 0.30259601043997014 0.05491698595146869 0.08177119493944299
0 0.47457514036482806 0.5433667510949969 0.01532567049808432 0.013628532489907006
0 0.499479354924215 0.47522408864546095 0.04214559386973188 0.049971285796326266
0 0.5454563664184681 0.5104311309110545 0.03959131545338437 0.034071331224767895
0 0.5716377201860285 0.44796702366564667 0.02298850574712648 0.022714220816511962
0 0.5735534289982891 0.49793830946197287 0.008939974457215836 0.004542844163302336
0 0.5722762897901155 0.46500268927803057 0.011494252873563187 0.011357110408255839
0 0.7012673498156583 0.36846725080785486 0.021711366538952698 0.009085688326604766
0 0.6635917431745344 0.3775529391344596 0.02554278416347383 0.045428441633023925
0 0.6993516410033976 0.3979957378693204 0.028097062579821183 0.013628532489907197
0 0.6744474264440108 0.4048100041142739 0.003831417624521026 0.013628532489907197
0 0.6782788440685319 0.4286599359716115 0.0063856960408684845 0.015899954571558364
0 0.6603988951541001 0.4309313580532627 0.008939974457215836 0.01135711040825603
0 0.6463503638641895 0.4161671145225299 0.016602809706257996 0.01817137665320953
