0 0.29066709438781657 0.5161096861151825 0.3141762452107279 0.372513221390796
0 0.8589940420251091 0.30032458835831893 0.11494252873563218 0.07722835077614056
0 0.9075253319357093 0.34121018582804047 0.07662835249042138 0.06814266244953589
0 0.8296198402371142 0.3457530299913429 0.09961685823754786 0.05905697412293103
0 0.3347283970698089 0.4014028709917971 0.0676883780332056 0.06132839620458229
0 0.2082916154606135 0.5808452154422415 0.02937420178799491 0.029528487061465658
0 0.14251894623966843 0.633087923320219 0.03065134099616856 0.01135711040825603
0 0.1687003000072291 0.6467164558101263 0.02426564495530013 0.006814266244953694
0 0.16231460396636063 0.672837809749115 0.019157088122605373 0.027257064979814394
0 0.14826607267645003 0.6705663876674639 0.019157088122605345 0.013628532489907006
0 0.08504768187185233 0.695552030565627 0.028097062579821194 0.01817137665320953
0 0.1323018325742789 0.661480699340859 0.01021711366538951 0.0
