0 0.6271932757415841 0.4400170463798675 0.052362707535121226 0.038614175388070326
0 0.5416249487939468 0.4615955561555538 0.103448275862069 0.08631403910274552
0 0.6093133268271524 0.48090264384958903 0.044699872286079176 0.024985642898163133
0 0.6022890611821972 0.5172453971560079 0.035759897828863345 0.034071331224767895
0 0.5045879117569099 0.528602507564264 0.037037037037037014 0.024985642898163227
0 0.43562239451553053 0.5058882867477521 0.060025542784163444 0.034071331224767895
0 0.3909225222294513 0.5467738842174735 0.029374201787994964 0.034071331224767895
0 0.3194027265717246 0.5763023712789394 0.05747126436781615 0.04769986371467509
0 0.2830042591387744 0.5967451700138 0.028097062579821183 0.038614175388070424
0 0.2555457661630401 0.5831166375238928 0.031928480204342316 0.02952848706146537
0 0.20765304585652666 0.5944737479321488 0.0408684546615581 0.038614175388070236
0 0.11633759247210776 0.7091805630555342 0.07790549169859515 0.049971285796326266
0 0.18849595773392128 0.8727229529344201 0.15325670498084287 0.10902825991925738
