0 0.9643580266994386 0.036839626886780316 0.01915708812260556 0.04088559746972159
0 0.8200412961758115 0.11406797766292087 0.029374201787994964 0.027257064979814394
0 0.8340898274657221 0.1470035978468633 0.016602809706257996 0.038614175388070424
0 0.7248944251668715 0.09703231205053703 0.01021711366538951 0.015899954571558364
0 0.7268101339791321 0.06863953602989695 0.0063856960408684845 0.013628532489907006
0 0.7306415516036531 0.13791790952025848 0.014048531289910645 0.006814266244953789
0 0.7165930203137425 0.1265607991120025 0.021711366538952805 0.002271422081651168
0 0.6872188185257476 0.13110364327530488 0.016602809706257996 0.03407133122476799
0 0.6999902106074846 0.15836070825511933 0.024265644955300154 0.034071331224767895
0 0.7280872731873056 0.16063213033677048 0.029374201787994856 0.024985642898163227
0 0.7446900828935638 0.1867534842757592 0.006385696040868592 0.013628532489907197
0 0.7300029819995663 0.18107492907163122 0.012771392081736969 0.024985642898163133
0 0.718508729126003 0.1935677505207128 0.0 0.0
0 0.705737337044266 0.20492486092896878 -0.01532567049808432 -0.022714220816511962
0 0.7082916154606136 0.1935677505207128 0.0 0.0
0 0.6795559832767054 0.1924320394798872 0.011494252873563187 0.015899954571558364
0 0.7293644123954794 0.24240332527621347 0.021711366538952698 0.015899954571558364
0 0.7363886780404347 0.266253257133551 0.012771392081736862 0.01817137665320953
0 0.7510757789344322 0.283288922745935 0.008939974457215836 0.03407133122476804
0 0.7485215005180847 0.3264459422973077 0.006385696040868377 0.0204427987348607
0 0.7236172859586979 0.33553163062391245 0.012771392081736862 0.0204427987348607
0 0.7287258427913926 0.31054598772574943 0.005108556832694702 0.015899954571558413
0 0.7204244379382636 0.2991888773174934 0.011494252873563293 0.024985642898163133
0 0.7121230330851346 0.2753389454601558 0.03831417624521069 0.04088559746972154
0 0.6431575158437552 0.27874607858263256 0.012771392081736969 0.024985642898163227
0 0.6252775669293236 0.2548961467252951 0.01021711366538951 0.004542844163302336
0 0.599096213161763 0.19129632843906164 0.014048531289910538 0.0
0 0.6540131991132316 0.23104621486795748 0.026819923371647507 0.024985642898163133
0 0.6450732246560159 0.18221064011245686 0.024265644955300154 0.03179990914311673
0 0.5709991505819417 0.21855339341887592 0.016602809706257996 0.013628532489907197
0 0.5818548338514181 0.2719318123376791 0.02554278416347383 0.015899954571558413
0 0.5665291633533338 0.24921759152116704 0.02554278416347383 0.011357110408255981
0 0.5678063025615075 0.3037317214807958 0.03831417624521069 0.024985642898163178
0 0.6201690100966288 0.29578174419501657 0.00766283524904216 0.02271422081651187
0 0.5096964685896045 0.271931812337679 0.019157088122605345 0.024985642898163227
0 0.5320464047326443 0.22536765966382952 0.01532567049808432 0.013628532489907197
0 0.5377935311694259 0.2753389454601558 0.019157088122605453 0.01362853248990715
0 0.5058650509650835 0.22877479278630633 0.019157088122605345 0.038614175388070326
0 0.5167207342345599 0.31849596501152855 0.02043422733077902 0.045428441633023925
0 0.48415368442613077 0.3468887410321685 0.037037037037037125 0.038614175388070326
0 0.5262992782958625 0.35938156248125 0.014048531289910645 0.027257064979814394
0 0.22425585556278466 0.4661384003188562 0.015325670498084294 0.0272570649798143
0 0.23766581724860839 0.5104311309110544 0.019157088122605373 0.015899954571558364
0 0.2459672221017374 0.5524524394216018 0.0 0.0
0 0.26512431022434274 0.5524524394216016 0.01532567049808432 0.01817137665320953
0 0.276618563097906 0.545638173176648 0.0 0.0
0 0.16806173040314226 0.5876594816871951 0.017879948914431672 0.020442798734860605
0 0.1757245656521844 0.5728952381564625 0.0 0.0
0 0.189773096942095 0.5887951927280208 0.0025542784163473777 0.009085688326604672
0 0.173170287235837 0.655802144136731 0.010217113665389538 0.034071331224767895
0 0.15720604713366587 0.6626164103816846 0.019157088122605345 0.03407133122476799
0 0.16103746475818695 0.6012880141771023 0.014048531289910592 0.006814266244953789
0 0.12463899732523677 0.6012880141771023 0.010217113665389538 0.006814266244953789
0 0.16486888238270803 0.545638173176648 0.006385696040868458 0.009085688326604672
0 0.1240004277211499 0.6364950564426959 0.014048531289910604 0.022714220816512153
0 0.10420476999445771 0.6126451245853585 0.007662835249042147 0.006814266244953694
0 0.0748305682064628 0.6217308129119631 0.02043422733077905 0.015899954571558364
0 0.11059046603532617 0.6546664330959054 0.03320561941251598 0.03179990914311673
0 0.09334908672498132 0.6773806539124175 0.014048531289910604 0.027257064979814203
0 0.07802341622689704 0.6682949655858126 0.01915708812260536 0.027257064979814394
