0 0.590794808308634 0.17312495178585205 0.010217113665389618 0.040885597469721494
0 0.5971805043495024 0.30941027668492377 0.01021711366538951 0.01817137665320958
0 0.5786619858309839 0.26398183505189987 0.011494252873563293 0.027257064979814394
0 0.544817796814381 0.2730675233785046 0.02298850574712648 0.03634275330641916
0 0.5013950637364756 0.28896747795006295 0.012771392081736862 0.013628532489907197
0 0.44009238174413845 0.2389961921537367 0.012771392081736915 0.022714220816511962
0 0.46052660907491744 0.2798817896234582 0.01021711366538951 0.013628532489907197
0 0.4828765452179571 0.3264459422973078 0.003831417624521187 0.01589995457155832
0 0.5192750126509073 0.34575302999134283 0.0 0.0
0 0.2549071965589532 0.6024237252179279 0.04853128991060026 0.045428441633023835
