0 0.5333235439408179 0.9420013264247816 0.08173690932311631 0.08404261702109435
0 0.500117924528302 0.8170731119339658 0.06641123882503198 0.13401390281742043
0 0.4930936588833466 0.9681226803637705 0.05747126436781615 0.05905697412293112
0 0.17253171763175018 0.5081597088294033 0.02937420178799491 0.038614175388070236
0 0.04162494879394685 0.6262736570752656 0.05363984674329503 0.08404261702109415
0 0.04609493602255476 0.7023662968105806 0.052362707535121324 0.07268550661283812
0 0.04609493602255476 0.08908233476475774 0.034482758620689655 0.02271422081651187
0 0.03970923998168631 0.11520368870374645 0.031928480204342274 0.02952848706146556
0 0.18466454010940023 0.12769651015282812 0.04853128991060023 0.05905697412293122
0 0.5256607086917758 0.2265033707046551 0.02554278416347383 0.02952848706146556
0 0.5429020880021206 0.24694616943951592 0.044699872286079176 0.034071331224767895
0 0.42604385045422777 0.29123890003171427 0.02043422733077897 0.027257064979814345
