0 0.056312049687944295 0.012989695029442763 0.02171136653895275 0.034071331224767895
0 0.07036058097785489 0.08794662372393217 0.021711366538952743 0.04769986371467509
0 0.04290208800212053 0.09135375684640881 0.025542784163473817 0.03179990914311674
0 0.13485611099062628 0.1492750199285144 0.02554278416347383 0.029528487061465658
0 0.0690834417696812 0.21968910445970155 0.016602809706257982 0.024985642898163133
0 0.04928778404298899 0.29578174419501657 0.012771392081736908 0.027257064979814394
0 0.10101192197402346 0.34575302999134294 0.029374201787994884 0.05451412995962865
0 0.11059046603532617 0.43093135805326266 0.03320561941251598 0.038614175388070236
0 0.030130695920383622 0.49680259842114743 0.04597701149425287 0.056785552041279955
0 0.03779353116942577 0.5649452608706832 0.028097062579821197 0.034071331224767895
0 0.01863644304682041 0.6296807901977424 0.028097062579821207 0.0545141299596286
0 0.0818548338514181 0.6762449428715919 0.02426564495530013 0.038614175388070424
0 0.12208471890888936 0.6626164103816847 0.025542784163473817 0.04315701955137276
0 0.38581396539675655 0.23672477007208548 0.029374201787994856 0.05905697412293098
0 0.5160821646304731 0.2446747473578647 0.04725415070242663 0.07041408453118711
