0 0.3679340164823248 0.06977524707072263 0.01660280970625794 0.024985642898163036
0 0.39028395262536447 0.08567520164228098 0.017879948914431672 0.006814266244953694
0 0.4177424456010988 0.051603870417513 0.008939974457215836 0.024985642898163227
0 0.4452009385768332 0.03456820480512905 0.007662835249042106 0.03634275330641906
0 0.45924946986674375 0.0107182729477915 0.010217113665389565 0.015899954571558364
0 0.4975636461119546 0.010718272947791502 0.025542784163473723 0.0204427987348607
0 0.4758522795730018 0.07658951331567614 0.017879948914431777 0.02952848706146537
0 0.47840655798934917 0.099303734132188 0.015325670498084374 0.015899954571558378
0 0.5595048977083786 0.11066084454044403 0.003831417624521026 0.024985642898163036
0 0.565890593749247 0.04933244833586192 0.008939974457215836 0.015899954571558364
0 0.623361858117063 0.04024676000925706 0.014048531289910645 0.03407133122476809
0 0.6297475541579315 0.05501100353998984 0.019157088122605345 0.027257064979814203
0 0.5971805043495024 0.1129322666220952 0.01532567049808432 0.0204427987348607
