0 0.4841536844261307 0.21173912717392238 0.03448275862068967 0.045428441633023835
0 0.44328522976457263 0.3071388546032726 0.008939974457215836 0.004542844163302383
0 0.2810885503265139 0.04365389313173391 0.016602809706257996 0.03634275330641906
0 0.2625700318079954 0.04251818209090823 0.007662835249042106 0.0204427987348607
0 0.08057769464324441 0.0720466691523738 0.0012771392081736888 0.0204427987348607
0 0.04545636641846792 0.10271086725466484 0.017879948914431672 0.02271422081651206
0 0.16933886961131595 0.1629035524184217 0.005108556832694782 0.0068142662449535985
0 0.19488165377478975 0.22763908174548073 0.01021711366538951 0.013628532489907101
0 0.5588663281042917 0.0447896041725594 0.002554278416347351 0.01135711040825603
0 0.5020336333405625 0.020939672315221945 0.0063856960408684845 0.013628532489907197
