0 0.6348561109906263 0.2798817896234582 0.044699872286079176 0.10902825991925738
0 0.5901562387045471 0.2707961012968535 0.029374201787994856 0.045428441633023973
0 0.5831319730595919 0.05273958145833868 0.00766283524904216 0.009085688326604861
0 0.5135278862141257 0.10271086725466494 0.016602809706257996 0.013628532489907197
0 0.39283823104171184 0.09135375684640891 0.015325670498084266 0.009085688326604861
0 0.3851753957926697 0.028889649601001127 0.01021711366538951 0.006814266244953503
0 0.4113567495602304 0.1186108218262232 0.016602809706257996 0.03179990914311673
0 0.4566951914503964 0.060689558744117765 0.01532567049808432 0.015899954571558364
0 0.3277041314248536 0.13223935431613046 0.03320561941251599 0.031799909143116825
0 0.21148446348104774 0.294646033154191 0.01277139208173689 0.020442798734860747
0 0.1884959577339213 0.2787460785826326 0.012771392081736915 0.015899954571558364
0 0.1054819092026314 0.18675348427575922 0.010217113665389525 0.045428441633023925
0 0.1380489590110605 0.03343249376430337 0.008939974457215836 0.0204427987348607
0 0.21276160268922142 0.08453949060145541 0.005108556832694755 0.009085688326604861
0 0.09398765632906816 0.1322393543161305 0.015325670498084294 0.009085688326604861
0 0.03907067037759946 0.15381786409181689 0.015325670498084287 0.015899954571558364
