0 0.15912175594592642 0.6762449428715919 0.020434227330779077 0.0204427987348607
0 0.19935164100339767 0.13337506535695604 0.016602809706257996 0.029528487061465658
0 0.1884959577339213 0.10157515621383936 0.01021711366538951 0.024985642898163036
0 0.2549071965589532 0.07545380227485064 0.012771392081736915 0.03634275330641906
0 0.25363005735077954 0.15608928617346812 0.007662835249042106 0.020442798734860795
0 0.268317158244777 0.12315366598952564 0.006385696040868538 0.02271422081651187
0 0.2925828032000772 0.09703231205053692 0.006385696040868431 0.034071331224767895
0 0.16231460396636066 0.08226806851980414 0.006385696040868458 0.0408855974697214
0 0.12910898455384467 0.19016061739823603 0.016602809706257996 0.015899954571558364
0 0.42668242005831464 0.07545380227485045 0.019157088122605293 0.03179990914311673
0 0.43562239451553053 0.1254250880711768 0.00383141762452108 0.013628532489907197
0 0.42029672401744617 0.18107492907163122 0.014048531289910592 0.011357110408255934
0 0.35324691558832744 0.1254250880711768 0.012771392081736915 0.013628532489907197
0 0.34366837152702473 0.15608928617346804 0.0012771392081736754 0.015899954571558364
0 0.3372826754861563 0.17198924074502647 0.03448275862068967 0.038614175388070326
0 0.35260834598424057 0.04138247105008255 0.014048531289910592 0.03634275330641906
0 0.37431971252319335 0.053875292499164264 0.006385696040868431 0.015899954571558364
