0 0.5026722029446493 0.22423194862300394 0.0025542784163474583 0.006814266244953503
0 0.4950093676956071 0.26511754609272553 0.012771392081736862 0.024985642898163133
0 0.4675508747198728 0.26738896817437663 0.014048531289910592 0.011357110408255934
0 0.47840655798934917 0.30600314356244707 0.02298850574712648 0.024985642898163133
0 0.5065036205691703 0.294646033154191 0.012771392081736969 0.020442798734860747
0 0.5256607086917757 0.3253102312564822 0.01532567049808432 0.013628532489907197
0 0.5103350381936914 0.10157515621383925 0.035759897828863345 0.06132839620458229
0 0.45733376105448326 0.17993921803080565 0.011494252873563187 0.018171376653209628
0 0.2376658172486084 0.6069665693812304 0.029374201787994884 0.0408855974697214
0 0.4343452553073568 0.8182088229747916 0.07790549169859516 0.13628532489907177
