0 0.5665291633533338 0.17426066282667751 0.12771392081736904 0.16581381196053743
0 0.34622264994337215 0.2980531662766678 0.07535121328224777 0.05905697412293108
0 0.2159544507096557 0.3548387183179476 0.09323116219667946 0.09539972742935018
0 0.12591613653341044 0.39799573786932035 0.08173690932311621 0.07268550661283822
0 0.0901562387045471 0.4150314034817043 0.0842911877394636 0.08858546118439668
0 0.1942430841707029 0.5251953744417872 0.10600255427841634 0.10902825991925748
0 0.24022009566495578 0.4502384457472979 0.06513409961685825 0.09085688326604775
0 0.3225955745921589 0.4127599814000531 0.086845466155811 0.08404261702109425
0 0.2651243102243428 0.5263310854826129 0.08429118773946362 0.0749569286944893
0 0.25235291814260585 0.49339546529867045 0.04853128991060028 0.045428441633023925
0 0.3558011940046748 0.45364557886977463 0.051085568326947606 0.04315701955137276
0 0.3443069411311116 0.4865811990537169 0.05874840357598977 0.05905697412293103
0 0.3500540675678932 0.522923952360136 0.07279693486590036 0.07722835077614065
0 0.32578842261259305 0.62513794603444 0.07024265644955306 0.07268550661283812
