0 0.2715100062652112 0.5774380823197648 0.04342273307790545 0.031799909143116825
0 0.30918561290633506 0.5944737479321487 0.021711366538952698 0.034071331224767895
0 0.2836428287428613 0.619459390830312 0.02171136653895275 0.0204427987348607
0 0.2606543229957349 0.5887951927280208 0.02171136653895275 0.02271422081651206
0 0.26831715824477703 0.6330879233202192 0.016602809706257996 0.029528487061465467
0 0.21212303308513458 0.6376307674835214 0.04980842911877393 0.034071331224767895
0 0.16423031277862116 0.5933380368913231 0.022988505747126426 0.03179990914311673
0 0.20062878021157138 0.6751092318307662 0.03192848020434229 0.009085688326604766
0 0.18338740090122654 0.6592092772592077 0.035759897828863345 0.03179990914311664
0 0.1757245656521844 0.6364950564426958 0.03831417624521072 0.01817137665320953
0 0.1406032374274079 0.6353593454018704 0.02426564495530013 0.03407133122476771
0 0.10803618761897876 0.6660235435041615 0.017879948914431672 0.03634275330641906
0 0.12591613653341044 0.7012305857697549 0.017879948914431683 0.034071331224767895
0 0.09398765632906818 0.7182662513821388 0.030651340996168588 0.0408855974697214
0 0.06269774572881275 0.6910091864023246 0.021711366538952757 0.031799909143116825
