0 0.7287258427913926 0.16631068554089845 0.005108556832694702 0.0045428441633024305
0 0.7210630075423504 0.18334635115328243 0.002554278416347351 0.015899954571558364
0 0.7140387418973951 0.1572249972142937 0.016602809706257996 0.022714220816511962
0 0.7178701595219162 0.13110364327530497 0.024265644955300154 0.020442798734860795
0 0.7082916154606135 0.11179655558126962 0.005108556832694809 0.00908568832660485
0 0.6904116665461818 0.08908233476475774 0.005108556832694809 0.013628532489907197
0 0.7019059194197451 0.07091095811154821 0.005108556832694702 0.013628532489907197
0 0.6738088568399239 0.06750382498907137 0.012771392081736862 0.02952848706146556
0 0.6795559832767055 0.09021804580558332 0.008939974457215836 0.006814266244953694
0 0.6910502361502687 0.03456820480512905 0.016602809706257996 0.02271422081651206
0 0.6284704149497579 0.1186108218262233 0.008939974457215836 0.01817137665320953
0 0.623361858117063 0.06977524707072252 0.014048531289910645 0.020442798734860892
0 0.561420606520639 0.1560892861734681 0.002554278416347351 0.011357110408255934
0 0.5441792272102943 0.13223935431613046 0.008939974457215836 0.01817137665320982
0 0.5282149871081231 0.14359646472438656 0.0025542784163474583 0.004542844163302336
0 0.5320464047326443 0.09362517892806017 0.01532567049808432 0.03179990914311673
0 0.5856862514759392 0.025482516478524283 0.012771392081736969 0.01817137665320953
0 0.5531192016675102 0.009582561906965917 0.0063856960408684845 0.004542844163302525
0 0.6361332501988 0.0175325391927451 0.011494252873563187 0.006814266244953503
