0 0.06269774572881275 0.22196052654135276 0.014048531289910604 0.015899954571558364
0 0.0550349104797706 0.24808188048034147 0.014048531289910597 0.009085688326604861
0 0.08249340345550496 0.2787460785826326 0.020434227330779063 0.015899954571558364
0 0.09718050434950239 0.3139531208482262 0.0012771392081736888 0.009085688326604814
0 0.07802341622689704 0.30486743252162135 0.006385696040868445 0.01817137665320953
0 0.06397488493698643 0.32985307541978454 0.016602809706257982 0.022714220816511917
0 0.07355342899828912 0.33098878646061014 0.012771392081736901 0.029528487061465467
0 0.08824052989228656 0.34802445207299404 0.0038314176245210665 0.009085688326604766
0 0.04034780958577315 0.3150888318890518 0.015325670498084287 0.020442798734860747
0 0.028853556712209932 0.3071388546032726 0.02043422733077906 0.02725706497981425
0 0.08121626424733126 0.3900457605835412 0.010217113665389525 0.01135711040825603
0 0.06014346731246536 0.3491601631138197 0.0012771392081736956 0.002271422081651168
0 0.12719327574158415 0.3684672508078548 0.015325670498084294 0.013628532489907197
0 0.17891741367261862 0.29351032211336536 0.00383141762452108 0.009085688326604766
