0 0.6061204788067183 0.2083319940514456 0.017879948914431672 0.0204427987348607
0 0.7881128159714692 0.2514890136028183 0.008939974457215836 0.024985642898163133
0 0.7753414238897323 0.2935103221133654 0.011494252873563293 0.02725706497981425
0 0.8021613472613799 0.41616711452252997 0.008939974457215836 0.022714220816511962
0 0.8334512578616352 0.4400170463798675 0.0 0.0068142662449535985
0 0.7887513855755561 0.3491601631138197 0.0 0.002271422081651168
0 0.8047156256777273 0.3343959195830869 0.01149425287356308 0.022714220816511962
0 0.8813439781681486 0.3150888318890517 0.008939974457215836 0.015899954571558364
0 0.8692111556904986 0.4025385820326227 0.0 0.0
0 0.9515866346177017 0.35256729623629646 0.021711366538952698 0.03179990914311673
0 0.9381766729318778 0.4661384003188562 0.0 0.0045428441633024305
0 0.9228510024337935 0.4933954652986705 0.005108556832694809 0.013628532489907197
0 0.9349838249114436 0.42184566972665793 0.014048531289910751 0.034071331224767895
