0 0.36346402925371696 0.2037891498881432 0.017879948914431672 0.024985642898163133
0 0.43115240728692256 0.2265033707046551 0.0025542784163474046 0.002271422081651168
0 0.41901958480927254 0.19811059468401518 0.02171136653895275 0.022714220816511962
0 0.40624819272753554 0.18561777323493361 0.008939974457215888 0.0204427987348607
0 0.35133120677606694 0.212874838214748 0.006385696040868431 0.015899954571558364
0 0.3545240547965011 0.27761036754180707 0.0 0.0
0 0.33664410588206944 0.2026534388473176 0.017879948914431672 0.0272570649798143
0 0.40433248391527504 0.2299105038271319 0.01021711366538951 0.009085688326604766
0 0.4062481927275356 0.32758165333813327 0.014048531289910592 0.03634275330641906
0 0.3404755235065905 0.271931812337679 0.012771392081736862 0.034071331224767944
0 0.3455840803392853 0.3264459422973077 0.0 0.002271422081651168
0 0.37751256054362753 0.15949641929594485 0.017879948914431672 0.022714220816511962
0 0.33089697944528784 0.24467474735786468 0.019157088122605345 0.020442798734860747
0 0.3213184353839852 0.3128174098074005 0.017879948914431672 0.0204427987348607
