0 0.8149327393431167 0.22877479278630633 0.04980842911877388 0.08858546118439659
0 0.7810885503265139 0.3559744293587733 0.017879948914431672 0.04769986371467505
0 0.7293644123954794 0.4263885138899603 0.021711366538952698 0.029528487061465467
0 0.9062481927275355 0.16403926345924727 0.02298850574712648 0.0272570649798143
0 0.9381766729318779 0.1492750199285144 0.01021711366538951 0.029528487061465658
0 0.9477552169931805 0.024346805437698696 0.016602809706257996 0.024985642898163036
0 0.9752137099689151 0.0175325391927451 0.01532567049808432 0.020442798734860892
0 0.954779482638136 0.09135375684640891 0.00766283524904216 0.01817137665320953
0 0.9764908491770886 0.09816802309136251 0.007662835249042052 0.02271422081651206
0 0.9720208619484808 0.16176784137759598 0.03959131545338458 0.04542844163302412
0 0.9924550892792598 0.27761036754180707 0.014048531289910538 0.027257064979814345
0 0.9247667112460541 0.19470346156153842 0.016602809706257996 0.038614175388070326
0 0.9158267367888383 0.2639818350518998 0.0012771392081736754 0.004542844163302288
0 0.912633888768404 0.26171041297024866 0.015325670498084212 0.022714220816511962
0 0.9139110279765778 0.300324588358319 0.02043422733077913 0.045428441633023835
0 0.9024167751030144 0.3434816079096917 0.002554278416347351 0.0
0 0.8864525350008434 0.2707961012968535 0.019157088122605453 0.03634275330641906
0 0.8513312067760669 0.2969174552358422 0.028097062579821183 0.05224270787797743
0 0.8717654341068459 0.34234589686886613 0.02043422733077902 0.02952848706146556
0 0.8941153702498854 0.40708142619592513 0.019157088122605345 0.02271422081651187
0 0.8334512578616352 0.3480244520729941 0.015325670498084212 0.022714220816511962
0 0.8372826754861563 0.3684672508078548 0.017879948914431672 0.03179990914311673
0 0.834089827465722 0.43433849117573947 0.026819923371647507 0.022714220816511962
0 0.7906670943878167 0.3548387183179476 0.021711366538952698 0.05905697412293103
0 0.8245112834044194 0.5206525302784848 0.02043422733077913 0.04088559746972159
0 0.7727871454733849 0.5604024167073808 0.0012771392081736754 0.002271422081651168
0 0.7695942974529506 0.48998833217619375 0.005108556832694809 0.006814266244953694
0 0.776618563097906 0.4559170009514259 0.003831417624521026 0.0068142662449535985
0 0.7102073242728739 0.5183811081968337 0.011494252873563187 0.027257064979814203
0 0.7057373370442661 0.48317406593124024 0.005108556832694809 0.01135711040825603
0 0.6865802489216608 0.522923952360136 0.01532567049808432 0.02271422081651187
0 0.6648688823827081 0.53995961797252 -0.002554278416347351 0.002271422081651168
0 0.6048433395985445 0.5558595725440784 0.007662835249042052 0.0204427987348607
0 0.611229035639413 0.6012880141771023 0.005108556832694809 0.024985642898163036
0 0.6361332501988 0.6035594362587535 0.008939974457215836 0.015899954571558364
0 0.6821102616930529 0.6001523031362768 0.0063856960408684845 0.009085688326604861
0 0.6795559832767055 0.556995283584904 0.0063856960408684845 0.004542844163302336
