0 0.02821498710812309 0.2299105038271319 0.008939974457215845 0.0272570649798143
0 0.09909621316176294 0.23218192590878312 0.01532567049808428 0.02271422081651187
0 0.07738484662281019 0.2753389454601558 0.0 0.0045428441633024305
0 0.0480106448348153 0.3241745202156565 0.0 0.002271422081651263
0 0.07163772018602857 0.30941027668492377 0.0012771392081736888 0.009085688326604719
0 0.0716377201860286 0.35483871831794767 0.006385696040868458 0.009085688326604766
0 0.026937847899949397 0.4082171372367508 0.0012771392081736888 0.0068142662449535985
0 0.009708717367176638 0.4319799301395492 0.01023017902813299 0.013645960280815002
0 0.020578282584567942 0.33304671810364067 0.0012787723785166215 0.0022743267134692304
0 0.012905648313468198 0.31371494103915276 0.0038363171355498696 0.004548653426938319
0 0.26802073782753466 0.24207364956487412 0.007672634271099756 0.006822980140407501
0 0.16891587849249634 0.2830115304073191 0.003836317135549878 0.0022743267134691355
0 0.12927393475848098 0.2921088372611957 0.006393861892583121 0.02046894042122241
0 0.12288007286589789 0.3182635944660911 0.001278772378516608 0.009097306853876637
0 0.12735577619070607 0.3921792126538389 0.0 0.006822980140407501
0 0.15868569946436334 0.37398459894608554 0.001278772378516635 0.011371633567345772
0 0.418276492303238 0.10675121011345899 0.01662404092071612 0.03184057398856827
0 0.4419337813057955 0.1169856803240702 0.005115089514066486 0.006822980140407596
0 0.3824708657047725 0.19658711529549083 0.001278772378516608 0.0022743267134692304
0 0.3332381291318825 0.1886269717983488 0.0 0.0
0 0.39909490662548863 0.27846287698038075 0.0012787723785166617 0.002274326713469183
0 0.37799516237996433 0.28756018383425735 0.010230179028132972 0.011371633567345772
0 0.3664862109733147 0.2307020159975283 0.005115089514066486 0.015920286994284136
0 0.49116651787868565 0.17839250158773756 0.00639386189258304 0.006822980140407501
0 0.49308467644646053 0.2727770601967078 0.002557544757033216 0.004548653426938366
0 0.46047598079428664 0.2193303824301825 0.006393861892583148 0.011371633567345748
0 0.5659747020219081 0.1738438481607992 0.002557544757033216 0.0022743267134692304
0 0.6062560319451819 0.17043235809059545 0.0038363171355499316 0.013645960280815002
0 0.565974702021908 0.24321081292160868 0.023017902813299376 0.018194613707753368
0 0.5646959296433915 0.25344528313222 -0.025575447570332484 -0.011371633567345867
0 0.5563839091830335 0.25458244648895445 0.0012787723785167154 0.0
0 0.5506294334797086 0.26254258998609664 0.010230179028132972 0.025017593848160775
0 0.588353218645949 0.3410068616007827 0.01662404092071612 0.045486534269383275
0 0.6196831419196064 0.29438316397466485 0.012787723785166296 0.029566247275099093
0 0.6369465690295807 0.2670912434130349 0.02429667519181577 0.02956624727509914
0 0.7187880012546447 0.2238790358571208 0.0038363171355499316 0.011371633567345867
0 0.7629056483134683 0.2705027334832386 0.01790281329923273 0.027291920561630004
0 0.7622662621242099 0.32281224789302937 0.001278772378516608 0.004548653426938271
