0 0.4758522795730018 0.15722499721429367 0.02298850574712648 0.018171376653209628
0 0.6687003000072291 0.28328892274593503 0.005108556832694702 0.011357110408255934
0 0.8813439781681486 0.29464603315419097 0.006385696040868377 0.006814266244953551
0 0.9177424456010989 0.300324588358319 0.0 0.0
0 0.9305138376828357 0.3253102312564822 0.00766283524904216 0.01817137665320953
0 0.9190195848092726 0.36051727352207563 0.0 0.002271422081651168
0 0.9209352936215329 0.37982436121611085 0.0012771392081736754 0.0
0 0.9183810152051857 0.3923171826651924 0.003831417624521026 0.01135711040825603
0 0.8973082182703197 0.36392440664455245 0.002554278416347351 0.0045428441633024305
0 0.8851753957926698 0.3502958741546452 0.0063856960408684845 0.009085688326604766
0 0.8564397636087617 0.3730100949711572 0.00766283524904216 0.013628532489907197
0 0.8532469155883274 0.3400744747872149 0.003831417624521026 0.0068142662449535985
0 0.8449455107351984 0.3343959195830869 0.0 0.0
0 0.8532469155883274 0.3207673870931797 0.014048531289910645 0.01817137665320953
0 0.842391232318851 0.26284612401107427 0.0 0.002271422081651168
0 0.6527360599050579 0.3219030981340053 0.0012771392081736754 0.002271422081651168
0 0.6821102616930529 0.31508883188905173 0.0012771392081736754 0.002271422081651263
0 0.6367718198028868 0.3116816987665749 0.0 0.027257064979814394
0 0.6406032374274079 0.32985307541978454 0.0 -0.004542844163302478
0 0.6508203510927975 0.24581045839869028 0.0 0.009085688326604766
0 0.5914333779127208 0.2651175460927254 0.008939974457215836 0.01135711040825603
0 0.5959033651413287 0.283288922745935 0.002554278416347351 0.002271422081651263
0 0.5876019602881997 0.30713885460327256 0.006385696040868377 0.013628532489907101
0 0.5703605809778548 0.27761036754180707 0.002554278416347351 0.004542844163302478
0 0.5882405298922866 0.24353903631703905 0.0 0.0
0 0.590156238704547 0.15154644201016573 0.0012771392081736754 0.01135711040825603
0 0.5224678606713415 0.16403926345924727 0.003831417624521026 0.013628532489907101
0 0.5211907214631678 0.19129632843906164 0.0012771392081736754 0.013628532489907197
0 0.5052264813609967 0.18561777323493361 0.002554278416347351 0.002271422081651168
0 0.5096964685896046 0.2037891498881432 0.0038314176245211337 0.002271422081651263
0 0.507780759777344 0.22877479278630636 0.012771392081736969 0.015899954571558364
0 0.4950093676956072 0.19583917260236397 0.002554278416347351 0.0
0 0.507780759777344 0.16971781866337524 0.0 0.002271422081651168
0 0.5045879117569098 0.24240332527621353 0.008939974457215836 0.011357110408255934
0 0.49500936769560716 0.2787460785826327 0.0 0.0022714220816512152
0 0.45541805224222276 0.23331763694960878 0.00766283524904216 0.0068142662449535985
