0 0.5722762897901155 0.005039717743663486 0.014048531289910538 0.027257064979814394
0 0.4413695209523121 0.1254250880711768 0.005108556832694755 0.01817137665320953
0 0.48159940600978335 0.10952513349961854 0.0012771392081737292 0.009085688326604672
0 0.5116121774018652 0.14813930888768886 0.0 0.0
0 0.4503094954095279 0.1924320394798872 0.012771392081736915 0.024985642898163227
0 0.37431971252319335 0.1481393088876888 0.01660280970625794 0.031799909143116825
0 0.4994793549242151 0.1924320394798872 0.016602809706257996 0.024985642898163227
0 0.5179978734427335 0.2424033252762135 0.0 0.0068142662449535985
0 0.5371549615653389 0.2821532117051094 0.0 0.0
0 0.5614206065206391 0.30373172148079575 0.012771392081736969 0.04315701955137276
0 0.6073976180148919 0.2730675233785046 0.0 0.0
0 0.6297475541579316 0.2503533025619927 0.021711366538952698 0.045428441633023925
0 0.6584831863418396 0.17653208490832883 0.0 -0.01135711040825603
0 0.669338869611316 0.07999664643815298 0.008939974457215836 0.027257064979814394
0 0.834089827465722 0.035703915845954726 0.008939974457215836 0.0204427987348607
0 0.7798114111183403 0.13905362056108406 0.017879948914431672 0.049971285796326356
0 0.7274487035832189 0.1924320394798872 0.02554278416347383 0.05224270787797743
0 0.75554576616304 0.2821532117051094 0.0 0.0
0 0.7587386141834743 0.29010318899088866 0.008939974457215836 0.024985642898163133
0 0.7861971071592087 0.32190309813400536 0.00766283524904216 0.011357110408255934
0 0.813655600134943 0.27079610129685344 0.008939974457215836 0.05905697412293112
0 0.813655600134943 0.1924320394798872 0.0038314176245211337 0.01135711040825603
0 0.8162098785512903 0.14700359784686334 0.0038314176245211337 0.011357110408255934
0 0.8532469155883274 0.19356775052071282 0.0012771392081736754 0.004542844163302336
0 0.8743197125231933 0.2594389908885974 0.0 0.0
0 0.8513312067760669 0.2742032344193302 0.017879948914431672 0.034071331224767944
0 0.8353669666738958 0.3037317214807958 0.014048531289910645 0.024985642898163178
0 0.8353669666738957 0.3150888318890518 0.011494252873563187 0.024985642898163133
0 0.9943707980915203 0.07204666915237379 0.01532567049808432 0.04769986371467509
0 0.9701051531362201 0.23899619215373666 0.01532567049808432 0.040885597469721494
0 1.0013950637364755 0.2548961467252951 0.00638569604086827 0.013628532489907197
0 0.9937322284874334 0.22082481550052716 0.008939974457215836 0.03634275330641916
0 0.9618037482830912 0.3309887864606101 -0.021711366538952805 0.06587124036788472
0 0.9190195848092726 0.37755293913445964 0.00766283524904216 0.022714220816511962
0 0.9260438504542278 0.33326020854226135 0.029374201787994964 0.06132839620458229
0 0.9017782054989276 0.35256729623629646 0.016602809706257996 0.03634275330641906
0 0.8851753957926697 0.3900457605835412 0.029374201787994856 0.04769986371467509
0 0.8762354213354538 0.3196316760523541 0.021711366538952805 0.04315701955137276
0 0.900501066290754 0.3048674325216213 0.026819923371647507 0.03634275330641906
0 0.9183810152051857 0.2764746565009814 0.006385696040868377 0.020442798734860844
0 0.8902839526253645 0.2412676142353879 0.016602809706257996 0.03179990914311673
0 0.9100796103520566 0.2514890136028183 0.017879948914431777 0.04315701955137267
0 0.9222124328297067 0.24240332527621347 0.01149425287356308 0.034071331224767895
0 0.908802471143883 0.2003820167656664 0.010217113665389618 0.03634275330641906
0 0.9285981288705752 0.20151772780649202 0.019157088122605238 0.038614175388070326
0 0.9592494698667438 0.04819673729503625 0.014048531289910645 0.027257064979814394
0 0.9726594315525675 0.08453949060145532 0.05874840357598982 0.04542844163302375
0 0.9675508747198728 0.1049822893363161 0.04597701149425296 0.04088559746972159
0 0.9752137099689149 0.12542508807117686 0.038314176245210906 0.03634275330641934
0 0.9739365707607412 0.1311036432753049 0.02554278416347383 0.04315701955137276
0 0.9490323562013543 0.1061180003771417 0.03703703703703723 0.05224270787797743
0 0.9228510024337936 0.1152036887037466 0.04597701149425285 0.05224270787797752
0 0.8998624966866672 0.1265607991120025 0.0383141762452108 0.056785552041279955
0 0.8934768006457986 0.1049822893363161 0.03831417624521069 0.04088559746972159
