0 0.6476275030723633 0.2980531662766678 0.0063856960408684845 0.0272570649798143
0 0.6948816537747897 0.31395312084822613 0.0012771392081736754 0.0
0 0.6987130713993108 0.3355316306239125 0.0012771392081737827 0.002271422081651168
0 0.6942430841707029 0.3605172735220757 0.007662835249042052 0.0068142662449535985
0 0.710207324272874 0.39004576058354123 0.0012771392081736754 0.002271422081651168
0 0.7197858683341767 0.4661384003188562 -0.028097062579821183 0.0272570649798143
0 0.7261715643750453 0.4843097769720657 0.0 0.0
0 0.6469889334682764 0.2537604356844695 0.002554278416347351 0.0022714220816511203
0 0.5192750126509073 0.08681091268310658 0.0 0.01817137665320953
0 0.5199135822549942 0.24353903631703908 0.008939974457215836 0.022714220816511917
0 0.5224678606713415 0.3582458514404245 0.016602809706257996 0.015899954571558364
0 0.49884078532012827 0.36392440664455245 0.01021711366538951 0.0045428441633024305
0 0.5199135822549941 0.4263885138899603 0.0038314176245211337 0.0068142662449535985
0 0.4854308236343045 0.2991888773174934 0.016602809706258048 0.029528487061465467
0 0.4330681160991831 0.2764746565009814 0.0012771392081736754 0.002271422081651263
0 0.4452009385768331 0.28442463378676064 0.0025542784163474046 0.01362853248990715
0 0.46244231788717793 0.3139531208482262 -0.0012771392081737292 0.009085688326604814
0 0.4471166473890937 0.35143158519547085 0.0012771392081736754 0.006814266244953503
0 0.43562239451553053 0.37755293913445953 -0.01149425287356324 0.013628532489907197
0 0.41582673678883825 0.38663862746106437 0.005108556832694755 0.009085688326604766
0 0.4266824200583147 0.36960296184868047 0.006385696040868431 0.0068142662449535985
0 0.42476671124605414 0.33212449750143574 0.00766283524904216 0.018171376653209628
0 0.42029672401744617 0.2798817896234582 0.014048531289910592 0.01817137665320953
0 0.41263388876840407 0.3423458968688661 0.008939974457215836 0.015899954571558364
0 0.400501066290754 0.31395312084822613 0.005108556832694755 0.013628532489907197
0 0.3947539398539724 0.27761036754180696 0.00383141762452108 0.009085688326604766
0 0.3826211173763223 0.34007447478721486 0.010217113665389565 0.029528487061465467
0 0.39283823104171184 0.3571101403995988 0.01021711366538951 0.009085688326604766
0 0.41135674956023033 0.35597442935877327 0.0012771392081736754 -0.002271422081651263
0 0.38900681341719073 0.2651175460927254 0.01021711366538951 0.015899954571558364
0 0.46052660907491744 0.14132504264273527 0.0025542784163472975 0.02271422081651206
0 0.4190195848092725 0.17653208490832886 0.0012771392081737292 0.0204427987348607
0 0.44328522976457263 0.05614671458081543 -0.003831417624521026 0.01135711040825603
0 0.4400923817441384 0.07772522435650171 0.005108556832694755 0.013628532489907197
0 0.43498382491144366 0.07545380227485064 0.0 0.004542844163302336
0 0.42157386322561985 0.06750382498907145 0.0012771392081736754 0.01135711040825603
0 0.40688676233162246 0.06863953602989695 0.0 0.0
0 0.43115240728692256 0.042518182090908234 0.010217113665389457 0.01135711040825603
0 0.41774244560109886 0.03683962688678022 0.00383141762452108 0.013628532489907006
0 0.4132724583724909 0.04478960417255949 0.0 0.006814266244953503
0 0.40944104074796983 0.03456820480512905 0.0 0.0
0 0.4247667112460541 0.008446850866140334 0.01021711366538951 0.0204427987348607
0 0.4413695209523121 0.016396828151919514 0.0025542784163474046 0.018171376653209722
0 0.3800668389599749 0.08226806851980414 0.005108556832694755 0.009085688326604672
0 0.3730425733150196 0.1731249517858521 0.0012771392081736754 0.0
0 0.2855585375551218 0.16063213033677048 -0.012771392081736915 -0.07949977285779182
0 0.28747424636738234 0.1129322666220953 0.0012771392081736754 0.006814266244953503
0 0.2331958300200005 0.12201795494870006 0.015325670498084294 0.02952848706146574
0 0.2549071965589532 0.1663106855408985 0.012771392081736915 0.01817137665320953
0 0.24788293091399793 0.17993921803080565 -0.0012771392081736754 0.018171376653209628
