0 0.71914729873009 0.0175325391927451 0.021711366538952698 0.038614175388070236
0 0.7932213728041639 0.031161071682652204 0.031928480204342316 0.05678555204127977
0 0.6208075797007158 0.2583032798477719 0.016602809706257996 0.024985642898163133
0 0.6974359321911371 0.1640392634592473 0.019157088122605345 0.022714220816511962
0 0.7204244379382635 0.12088224390787447 0.008939974457215836 0.009085688326604861
0 0.7095687546687871 0.18561777323493367 0.005108556832694809 0.0068142662449535985
0 0.846222649943372 0.1117965555812697 0.02043422733077902 0.027257064979814394
0 0.879428269355888 0.0027682956620123187 0.02043422733077902 0.027257064979814394
0 0.9049710535193619 0.039111048968431476 0.05108556832694756 0.027257064979814203
0 0.7919442335959902 0.22082481550052713 0.026819923371647507 0.013628532489907101
0 0.7510757789344322 0.19129632843906164 0.014048531289910538 0.03634275330641906
0 0.6942430841707029 0.21401054925557358 0.010217113665389618 0.013628532489907197
0 0.710845893876961 0.20378914988814317 0.01532567049808432 0.020442798734860795
0 0.7038216282320057 0.21741768237805034 0.008939974457215836 0.015899954571558364
0 0.7025444890238319 0.23558905903125993 0.014048531289910645 0.0068142662449535985
0 0.6916888057543555 0.23786048111291108 0.012771392081736862 0.0068142662449535985
0 0.7229787163546109 0.2344533479904343 0.0012771392081736754 0.0
0 0.7510757789344322 0.2707961012968535 0.006385696040868377 0.013628532489907197
0 0.747244361309911 0.27193181233767905 -0.003831417624521026 0.002271422081651168
0 0.7293644123954793 0.28669605586841185 0.008939974457215836 0.013628532489907197
0 0.7095687546687872 0.2651175460927254 0.002554278416347351 0.0022714220816511203
0 0.7063759066483529 0.27874607858263256 0.016602809706257996 0.024985642898163227
