0 0.16103746475818695 0.6240022349936143 0.029374201787994884 0.038614175388070236
0 0.1993516410033977 0.6081022804220559 0.05491698595146869 0.038614175388070236
0 0.23319583002000047 0.6126451245853584 0.05363984674329504 0.06132839620458229
0 0.3487769283597195 0.53995961797252 0.05747126436781609 0.038614175388070236
0 0.8481383587556327 0.636495056442696 0.057471264367816036 0.05451412995962879
0 0.05056492325116268 0.06636811394824578 0.04086845466155811 0.04542844163302412
0 0.10867475722306562 0.025482516478524186 0.026819923371647507 0.03634275330641906
0 0.09845764355767608 0.06409669186659461 0.00383141762452108 0.004542844163302336
0 0.12336185811706304 0.11066084454044413 0.015325670498084294 0.04315701955137257
0 0.09079480830863394 0.13110364327530488 0.02171136653895275 0.029528487061465658
0 0.1999902106074845 0.17312495178585205 0.035759897828863345 0.045428441633023835
0 0.842391232318851 0.7228090955454414 0.07407407407407414 0.04088559746972169
0 0.8149327393431167 0.7398447611578253 0.03448275862068956 0.029528487061465467
0 0.863464029253717 0.7375733390761742 0.03448275862068967 0.0204427987348607
0 0.8628254596496301 0.7614232709335117 0.035759897828863345 0.03179990914311673
0 0.867295446878238 0.7920874690358027 0.05236270753512134 0.034071331224767895
0 0.983515114822044 0.7841374917500237 0.026819923371647507 0.04542844163302402
0 0.9400923817441383 0.7557447157293835 0.03959131545338448 0.034071331224767895
