0 0.9432852297645727 0.11406797766292087 0.04853128991060031 0.0408855974697214
0 0.9611651786790044 0.14473217576521208 0.030651340996168747 0.029528487061465658
0 0.9592494698667438 0.18334635115328243 0.037037037037037014 0.04315701955137276
0 0.9011396358948408 0.18902490635741043 0.05874840357598971 0.03634275330641916
0 0.9081639015397961 0.21173912717392238 0.049808429118773985 0.05451412995962869
0 0.9017782054989277 0.1311036432753049 0.06257982120051085 0.038614175388070424
0 0.6399646678233211 0.40253858203262277 0.044699872286079176 0.045428441633023835
0 0.47521370996891493 0.2969174552358422 0.054916985951468794 0.056785552041279906
0 0.43689953372370416 0.2798817896234582 0.06513409961685825 0.0545141299596286
0 0.40241677510301455 0.34348160790969173 0.0651340996168582 0.04088559746972159
0 0.39092252222945134 0.29123890003171415 0.05747126436781609 0.045428441633023876
0 0.32067986577989827 0.31395312084822613 0.07790549169859512 0.05451412995962869
0 0.30854704330224825 0.34121018582804047 0.061302681992337175 0.0272570649798143
0 0.2708714366611244 0.353703007277122 0.042145593869731775 0.015899954571558364
0 0.268317158244777 0.376417228093634 0.04725415070242653 0.034071331224767895
0 0.27087143666112434 0.31849596501152855 0.044699872286079176 0.045428441633023925
0 0.2363886780404347 0.3378030527055637 0.03959131545338442 0.024985642898163133
0 0.23638867804043473 0.3911814716243668 0.05491698595146874 0.0545141299596286
0 0.20893018506470035 0.3979957378693204 0.04597701149425288 0.03634275330641906
0 0.21723158991782934 0.3718743839303316 0.042145593869731775 0.04315701955137267
0 0.17253171763175015 0.3696029618486804 0.024265644955300102 0.02952848706146556
0 0.1706160088194896 0.4036742930734484 0.030651340996168588 0.024985642898163133
0 0.1859416793175739 0.4422884684615187 0.03320561941251594 0.03407133122476799
0 0.15912175594592642 0.4491027347064723 0.035759897828863345 0.038614175388070326
0 0.12974755415793152 0.4263885138899603 0.025542784163473845 0.03407133122476799
0 0.10739761801489192 0.44455989054316986 0.047254150702426556 0.04769986371467509
0 0.13613325019879996 0.4672741113596818 0.025542784163473803 0.034071331224767895
0 0.11314474445167355 0.48317406593124007 0.022988505747126454 0.024985642898163227
0 0.11314474445167354 0.5104311309110545 0.020434227330779063 0.020442798734860892
