0 0.15273605990505795 0.1458678868060376 0.017879948914431672 0.013628532489907388
0 0.1546517687173185 0.11747511078539763 0.00383141762452108 0.002271422081651168
0 0.1853031097134871 0.11520368870374646 0.00383141762452108 0.006814266244953503
0 0.18083312248487915 0.21287483821474795 0.007662835249042133 0.002271422081651263
0 0.8730425733150197 0.008446850866140334 0.005108556832694702 0.0022714220816513584
0 0.8973082182703197 0.08453949060145531 0.005108556832694809 0.013628532489907006
0 0.8711268645027591 0.11066084454044413 0.0012771392081736754 0.002271422081651168
0 0.830258409841201 0.1560892861734681 0.003831417624521026 0.011357110408255934
0 0.821957004988072 0.14132504264273527 0.005108556832694809 0.018171376653209722
0 0.875596851731367 0.13791790952025845 0.00766283524904216 0.011357110408256125
0 0.908802471143883 0.12315366598952564 0.005108556832694702 0.013628532489907197
0 0.8564397636087616 0.16971781866337524 0.0 0.002271422081651168
0 0.8174870177594641 0.1515464420101657 0.0063856960408684845 0.015899954571558364
0 0.7989684992409455 0.1924320394798872 0.005108556832694809 0.006814266244953503
0 0.8155713089472035 0.195839172602364 0.005108556832694809 0.0045428441633024305
0 0.8027999168654666 0.21173912717392232 0.0 0.0
0 0.8296198402371141 0.23445334799043435 0.0 0.009085688326604766
0 0.830258409841201 0.2367247700720855 0.003831417624521026 0.009085688326604766
0 0.8321741186534615 0.2548961467252951 0.0 0.004542844163302336
0 0.8321741186534615 0.2753389454601558 0.0 0.0
0 0.916465306392925 0.1504107309693401 0.01021711366538951 0.009085688326604766
0 0.9190195848092725 0.17766779594915444 0.002554278416347351 0.004542844163302336
0 0.9145495975806646 0.1276965101528281 0.0038314176245211337 0.004542844163302336
0 0.7210630075423504 0.23786048111291108 0.002554278416347351 0.0068142662449535985
0 0.9196581544133594 0.16063213033677048 0.0012771392081735683 0.002271422081651168
0 0.677640274464445 0.1969748836431896 0.0 0.002271422081651263
0 0.6623146039663607 0.17993921803080565 0.005108556832694809 0.018171376653209628
0 0.664868882382708 0.19811059468401518 0.0 0.009085688326604766
0 0.6552903383214054 0.1992463057248408 0.008939974457215836 0.01135711040825603
0 0.6533746295091447 0.20265343884731757 0.0 0.0
0 0.6546517687173184 0.22196052654135273 0.0025542784163474583 0.0068142662449535985
0 0.6635917431745344 0.22423194862300394 0.0 0.006814266244953503
0 0.6789174136726187 0.2106034161330968 0.00766283524904216 0.0068142662449535985
0 0.6999902106074845 0.19470346156153845 0.0038314176245211337 0.0068142662449535985
0 0.6942430841707029 0.22536765966382952 0.0 0.0
0 0.6936045145666161 0.24353903631703905 0.0012771392081736754 0.0
0 0.7165930203137425 0.2276390817454807 0.0012771392081737827 0.0
