0 0.2855585375551218 0.11633939974457205 0.005108556832694755 0.01817137665320971
0 0.2855585375551218 0.1526821530509913 0.0025542784163474046 0.004542844163302336
0 0.32131843538398513 0.14813930888768892 -0.00766283524904216 0.0045428441633024305
0 0.2747028542856454 0.1458678868060377 0.0012771392081736754 0.004542844163302336
0 0.27087143666112434 0.1254250880711768 0.011494252873563293 0.027257064979814203
0 0.2983299296368587 0.11066084454044413 0.0 0.002271422081651168
0 0.28619710715920865 0.08226806851980414 0.0012771392081736754 0.004542844163302336
0 0.276618563097906 0.09135375684640891 0.012771392081736915 0.009085688326604861
0 0.25873861418347427 0.07318238019319938 0.005108556832694755 0.009085688326604861
0 0.26193146220390856 0.11520368870374656 0.00383141762452108 0.01135711040825603
0 0.21659302031374247 0.0004968735803611514 0.0025542784163473777 0.004542844163302336
0 0.18338740090122654 0.13337506535695598 0.0 0.002271422081651168
0 0.17827884406853178 0.17198924074502647 0.0 0.002271422081651263
0 0.15145892069688427 0.16744639658172408 0.022988505747126454 0.04315701955137276
0 0.13166326297019204 0.20151772780649202 0.0012771392081737023 0.0068142662449535985
0 0.12336185811706304 0.1617678413775961 0.015325670498084294 0.01817137665320953
0 0.12272328851297622 0.1254250880711768 0.0012771392081737023 0.004542844163302526
0 0.0888790994963734 0.15041073096934005 0.02298850574712644 0.03179990914311692
0 0.08760196028819972 0.17426066282667768 0.0 0.002271422081651168
0 0.0550349104797706 0.17198924074502647 0.0038314176245210735 0.002271422081651263
0 0.04609493602255476 0.11406797766292087 0.0012771392081736888 0.009085688326604672
0 0.027576417504036242 0.13337506535695604 0.0076628352490421495 0.029528487061465658
0 0.04098637918986 0.17766779594915444 0.006385696040868458 0.013628532489907197
0 0.014805025422299334 0.053875292499164264 0.005108556832694766 0.015899954571558364
0 0.027576417504036242 0.09135375684640891 0.0076628352490421495 0.02271422081651187
0 0.11889187088845514 0.08113235747897846 0.0012771392081736888 0.01135711040825603
