0 0.05886632810429167 0.17539637386750323 0.006385696040868458 0.009085688326604766
0 0.06142060652063905 0.16744639658172406 0.0012771392081736888 0.0068142662449535985
0 0.10037335236993662 0.13337506535695598 0.010217113665389525 0.002271422081651168
0 0.10037335236993662 0.15041073096934007 0.002554278416347391 0.0045428441633024305
0 0.09526479553724186 0.10157515621383927 0.0 0.002271422081651168
0 0.06078203691655221 0.13678219847943288 0.005108556832694762 0.009085688326604956
0 0.03268497433673101 0.10952513349961854 0.005108556832694769 0.009085688326604672
0 0.03587782235716523 0.0379753379276058 0.006385696040868451 0.002271422081651168
0 0.05950489770837851 0.08453949060145531 0.007662835249042147 0.013628532489907006
0 0.12591613653341044 0.05387529249916417 0.010217113665389538 0.020442798734860892
0 0.1252775669293236 0.08681091268310648 0.008939974457215862 0.02271422081651206
0 0.16231460396636063 0.11406797766292087 0.0012771392081737023 0.0
0 0.1687003000072291 0.05501100353998975 0.006385696040868458 0.02271422081651206
0 0.13741038940697367 0.1061180003771417 0.0025542784163473777 0.002271422081650989
0 0.08249340345550496 0.0584181366624666 0.0 0.002271422081650977
0 0.1674231607990554 0.08113235747897846 0.03703703703703704 0.04315701955137276
