0 0.858994042025109 0.03343249376430347 0.01021711366538951 0.011357110408255839
0 0.8838982565844961 0.01980396127439636 0.008939974457215836 0.01135711040825603
0 0.9139110279765778 0.03570391584595463 0.00766283524904216 0.006814266244953503
0 0.933068116099183 0.020939672315221945 0.012771392081736862 0.02271422081651187
0 0.9586109002626569 0.02888964960100113 0.012771392081736862 0.024985642898163227
0 0.9656351659076122 0.049332448335861735 0.0063856960408684845 0.0204427987348607
0 0.9675508747198728 0.10611800037714168 0.002554278416347351 0.006814266244953694
0 0.9643580266994385 0.13110364327530483 0.0012771392081736754 0.002271422081651168
0 0.9254052808501411 0.09021804580558332 0.012771392081736862 0.038614175388070424
0 0.94583950818092 0.1049822893363161 0.01021711366538951 0.01817137665320953
0 0.92157386322562 0.06750382498907126 0.00766283524904216 0.015899954571558364
0 0.8494154979638063 0.0652324029074201 -0.0012771392081736754 0.01135711040825603
0 0.8589940420251091 0.07772522435650171 0.0025542784163474583 0.004542844163302526
0 0.912633888768404 0.06750382498907137 0.0 0.002271422081651168
0 0.9094410407479698 0.08794662372393217 0.006385696040868377 0.015899954571558364
0 0.9260438504542278 0.11520368870374646 0.003831417624520919 0.006814266244953503
0 0.9368995337237042 0.099303734132188 0.012771392081736969 0.015899954571558378
0 0.9452009385768332 0.15722499721429367 0.006385696040868377 0.018171376653209628
0 0.9407309513482253 0.1799392180308056 0.0 0.0
0 0.9228510024337936 0.1890249063574104 0.007662835249042052 0.013628532489907101
0 0.9222124328297068 0.15495357513264252 0.006385696040868377 0.0272570649798143
0 0.9107181799561435 0.2003820167656664 0.0012771392081736754 0.013628532489907197
0 0.9011396358948408 0.1708535297042008 0.005108556832694702 0.01817137665320953
0 0.9139110279765778 0.17426066282667768 0.0 0.002271422081651168
0 0.9068867623316224 0.13791790952025848 0.011494252873563187 0.01589995457155846
0 0.9088024711438829 0.13223935431613046 0.007662835249042052 0.031799909143116825
0 0.892199661437625 0.1117965555812697 0.01021711366538951 0.018171376653209722
0 0.9062481927275357 0.16063213033677048 0.0 0.002271422081651168
0 0.8960310790621461 0.1594964192959449 0.00766283524904216 0.027257064979814394
0 0.8826211173763223 0.16744639658172406 0.006385696040868377 0.0068142662449535985
0 0.8775125605436276 0.1401893316019097 0.014048531289910538 0.02952848706146556
0 0.8660183076700644 0.09930373413218808 -0.0038314176245211337 -0.006814266244953503
0 0.8270655618207667 0.12542508807117692 0.0 0.0
0 0.8328126882575484 0.09021804580558333 0.0063856960408684845 0.002271422081650977
0 0.8417526627147642 0.1276965101528281 0.0038314176245211337 0.004542844163302336
0 0.8200412961758115 0.1322393543161305 0.006385696040868377 0.009085688326604861
0 0.8308969794452878 0.16403926345924727 0.00766283524904216 0.013628532489907101
0 0.8398369539025037 0.18107492907163125 0.012771392081736862 0.020442798734860795
0 0.8411140931106773 0.1935677505207128 0.015325670498084212 0.013628532489907197
0 0.8621868900455433 0.20492486092896878 0.008939974457215836 0.0045428441633024305
0 0.8960310790621461 0.20946770509227117 0.0 0.0
0 0.8404755235065905 0.21855339341887592 -0.0012771392081736754 0.0
0 0.8123784609267692 0.19129632843906164 0.0012771392081736754 0.004542844163302336
0 0.8047156256777271 0.14927501992851455 0.026819923371647507 0.015899954571558364
0 0.8225955745921588 0.21628197133722477 0.029374201787994964 0.027257064979814394
