0 0.6016504915781103 0.5706238160748113 0.014048531289910538 0.031799909143116825
0 0.6042047699944577 0.6228665239527887 0.008939974457215836 0.018171376653209722
0 0.8059927648859009 0.5933380368913231 0.021711366538952805 0.03179990914311673
0 0.9745751403648282 0.4354742022165651 0.008939974457215836 0.029528487061465467
0 0.9196581544133592 0.4911240432170193 0.01660280970625789 0.02271422081651187
0 0.9202967240174461 0.5490453062991248 0.0 0.0022714220816510726
0 0.8928382310417118 0.5649452608706833 0.016602809706257996 0.024985642898163036
0 0.9036939143111883 0.562673838789032 0.012771392081736862 0.03407133122476799
0 0.9547794826381358 0.574030949197288 0.0 0.002271422081651168
0 0.9292366984746621 0.6228665239527887 0.02554278416347383 0.02271422081651206
0 0.9477552169931804 0.6796520759940685 0.0012771392081736754 0.004542844163302526
0 0.925405280850141 0.752337582606907 0.0 0.0
0 0.8890068134171908 0.7205376734637903 0.0063856960408684845 0.013628532489907197
0 0.8787896997518012 0.7114519851371853 0.008939974457215836 0.009085688326604861
0 0.9158267367888383 0.6592092772592079 0.003831417624521026 0.01817137665320953
0 0.9011396358948408 0.6682949655858125 0.01532567049808432 0.013628532489907101
0 0.8909225222294513 0.6353593454018703 0.010217113665389618 0.038614175388070236
0 0.8781511301477144 0.6478521668509518 0.012771392081736862 0.01817137665320953
0 0.888368243813104 0.6944163195248013 0.0 0.0022714220816513584
0 0.8813439781681486 0.6376307674835215 0.008939974457215836 0.006814266244953503
0 0.8577169028169352 0.655802144136731 0.002554278416347351 0.0068142662449535985
0 0.8500540675678931 0.6739735207899407 0.02298850574712648 0.02952848706146556
