0 0.7593771837875611 0.29237461107253976 0.053639846743295014 0.10675683783760613
0 0.6782788440685319 0.1288322211936537 0.024265644955300154 0.061328396204582386
0 0.7038216282320057 0.23672477007208548 0.021711366538952698 0.03634275330641911
0 0.7006287802115714 0.2844246337867606 0.002554278416347351 0.0045428441633024305
0 0.6795559832767055 0.009582561906965818 0.04214559386973182 0.06814266244953579
0 0.5601434673124653 0.05273958145833868 0.03065134099616864 0.0545141299596286
0 0.5384321007735127 0.024346805437698606 0.02043422733077913 0.038614175388070236
0 0.5282149871081231 0.08340377956062983 0.028097062579821183 0.05224270787797743
0 0.5971805043495025 0.14018933160190963 0.0434227330779055 0.07949977285779192
0 0.6271932757415841 0.17312495178585205 0.026819923371647507 0.049971285796326356
0 0.611229035639413 0.21401054925557356 0.030651340996168532 0.05905697412293103
0 0.5301306959203838 0.20151772780649196 0.05236270753512134 0.06587124036788462
0 0.429236698474662 0.09816802309136251 0.014048531289910538 0.027257064979814394
0 0.42732098966240145 0.1265607991120025 0.0 0.002271422081651168
0 0.4100796103520567 0.16971781866337526 0.006385696040868431 0.0204427987348607
0 0.44456236897274626 0.22196052654135273 0.0012771392081736754 0.0068142662449535985
0 0.44903235620135423 0.2401319031945623 0.0 0.002271422081651168
0 0.4228510024337936 0.23558905903125993 0.006385696040868431 0.011357110408255934
0 0.4049710535193619 0.2469461694395159 0.01149425287356324 0.02952848706146556
0 0.050564923251162686 0.08226806851980414 0.0715197956577267 0.09085688326604785
0 0.030769265524470468 0.17198924074502647 0.039591315453384415 0.038614175388070326
0 0.06716773295742066 0.1697178186633753 0.02298850574712644 0.038614175388070326
0 0.09654193474541556 0.1265607991120025 0.010217113665389525 0.011357110408255839
0 0.102927630786284 0.10043944517301368 0.015325670498084294 0.03634275330641906
0 0.10931332682715246 0.05728242562164092 0.0025542784163473777 0.004542844163302336
0 0.1463503638641895 0.002768295662012414 0.017879948914431672 0.013628532489907197
0 0.1463503638641895 0.09589660100971134 0.007662835249042133 -0.004542844163302336
0 0.1335789717824526 0.23899619215373674 0.017879948914431672 0.01817137665320953
0 0.023106430275428327 0.3730100949711572 0.03448275862068966 0.06814266244953589
0 0.15656747752957903 0.4366099132573906 0.08939974457215837 0.09994257159265253
0 0.2804499807224271 0.365060117685378 0.053639846743295014 0.08858546118439659
0 0.34494551073519847 0.2548961467252951 0.026819923371647507 0.08177119493944299
0 0.23830438685269523 0.30486743252162135 0.028097062579821207 0.045428441633023925
0 0.22681013397913202 0.2810175006642839 0.04342273307790547 0.056785552041279864
0 0.18721881852574762 0.22082481550052718 0.0 0.0
0 0.16423031277862116 0.1753963738675032 0.022988505747126426 0.040885597469721494
0 0.17891741367261862 0.1492750199285145 0.011494252873563187 -0.002271422081651263
0 0.2140387418973951 0.10725371141796718 0.022988505747126454 0.03179990914311673
0 0.21467731150148195 0.15041073096934013 0.014048531289910592 0.013628532489907197
0 0.25107577893443217 0.13110364327530483 0.005108556832694809 0.002271422081651168
0 0.26895572784886385 0.21401054925557353 0.02298850574712648 0.0272570649798143
0 0.2747028542856454 0.23786048111291108 0.0012771392081736754 0.0068142662449535985
0 0.2989684992409456 0.23331763694960872 0.008939974457215836 0.0204427987348607
0 0.3168484481553772 0.21060341613309674 0.0012771392081737292 0.002271422081651168
0 0.3443069411311116 0.26852467921520223 -0.005108556832694755 -0.009085688326604766
0 0.3155713089472036 0.1663106855408984 0.05747126436781609 0.09994257159265271
0 0.31301703053085617 0.11747511078539771 0.029374201787994856 0.038614175388070424
0 0.3155713089472036 0.0856752016422809 0.00383141762452108 0.002271422081651168
0 0.24852150051808478 0.019803961274396265 0.040868454661558126 0.056785552041279955
0 0.24405151328947686 0.05501100353998975 0.03959131545338445 0.06359981828623346
0 0.21595445070965563 0.06409669186659461 0.044699872286079176 0.027257064979814394
0 0.3264269922166799 0.09248946788723449 0.002554278416347351 0.0022714220816513584
0 0.3455840803392853 0.09816802309136251 0.0 0.0
0 0.28428139834694816 0.09703231205053693 0.007662835249042106 0.002271422081651168
0 0.3059927648859009 0.05728242562164111 0.0 0.0
0 0.2708714366611244 0.07999664643815298 0.0012771392081737292 0.004542844163302336
0 0.2855585375551218 0.05614671458081543 0.0025542784163474046 0.0022714220816513584
0 0.2976913600327719 0.04251818209090823 0.0012771392081737292 0.002271422081650977
0 0.42093529362153304 0.008446850866140334 0.017879948914431672 0.015899954571558364
0 0.30663133448998775 0.16858210762254966 0.006385696040868431 0.009085688326604861
0 0.2983299296368587 0.1935677505207128 0.0 0.0
