0 0.5275764175040363 0.09476088996888565 0.011494252873563187 0.015899954571558364
0 0.5416249487939468 0.09703231205053693 0.0012771392081736754 0.002271422081651168
0 0.5397092399816863 0.04706102625421057 0.002554278416347351 0.006814266244953694
0 0.5435406576062074 0.04138247105008274 0.0 0.0
0 0.5550349104797706 0.025482516478524377 0.0 0.0
0 0.5256607086917757 0.10952513349961845 0.005108556832694702 0.004542844163302515
0 0.4452009385768332 0.02775393856017545 0.007662835249042106 0.009085688326604861
0 0.3826211173763223 0.07091095811154821 0.007662835249042106 0.01817137665320953
0 0.38517539579266974 0.04138247105008274 0.005108556832694809 0.0
0 0.42412814164196727 0.01185398398861718 0.0012771392081736754 0.0
0 0.3321741186534616 0.07318238019319928 0.00383141762452108 0.004542844163302336
0 0.31237846092676935 0.11747511078539763 0.0 0.002271422081651168
0 0.2919442335959903 0.039111048968431476 0.012771392081736915 0.013628532489907197
0 0.3558011940046748 0.050468159376687416 -0.005108556832694755 0.009085688326604672
0 0.2721485758692981 0.0720466691523737 -0.0012771392081736754 0.006814266244953503
0 0.2574614749753006 0.08794662372393215 0.0 0.0022714220816513584
0 0.2472443613099111 0.1254250880711768 0.02298850574712648 0.027257064979814203
0 0.23702724764452154 0.1458678868060377 0.0 0.004542844163302336
0 0.23000298199956626 0.08681091268310648 0.00383141762452108 0.009085688326604672
0 0.2529914877466927 0.051603870417513 0.0012771392081737292 0.002271422081651168
