0 0.27917284151425337 0.4945311763394961 0.05874840357598977 0.06587124036788462
0 0.3277041314248536 0.469545533441333 0.0817369093231162 0.0613283962045822
0 0.3245112834044194 0.5081597088294032 0.07279693486590041 0.04769986371467509
0 0.37878969975180127 0.5002097315436241 0.07662835249042144 0.08177119493944299
0 0.37495828212728016 0.5297382186050896 0.07918263090676884 0.0408855974697214
0 0.3711268645027591 0.5638095498298578 0.056194125159642366 0.04088559746972169
0 0.41263388876840407 0.48317406593124024 0.04214559386973182 0.07949977285779182
0 0.4547794826381359 0.44342417950234425 0.044699872286079176 0.06359981828623346
0 0.46946658353213333 0.4843097769720658 0.030651340996168692 0.045428441633023925
0 0.5071421901732572 0.5581309946257297 0.03959131545338437 0.05224270787797772
0 0.5192750126509074 0.4888526211353681 0.05108556832694756 0.0545141299596286
0 0.5250221390876889 0.44342417950234425 0.05236270753512134 0.040885597469721494
0 0.5658905937492469 0.44001704637986744 0.0651340996168582 0.04315701955137276
0 0.565890593749247 0.48658119905371694 0.06768837803320554 0.06359981828623336
0 0.5563120496879443 0.3661958287262036 0.09706257982120052 0.07268550661283822
0 0.6533746295091448 0.3582458514404244 0.10983397190293748 0.09767114951100135
0 0.661037464758187 0.4809026438495889 0.11494252873563218 0.07041408453118696
0 0.7778957023060796 0.4173028255633555 0.1417624521072797 0.12038537032751333
