0 0.5965419347454155 0.27306752337850465 0.014048531289910645 0.009085688326604814
0 0.5748305682064628 0.2435390363170391 0.0063856960408684845 0.013628532489907101
0 0.5754691378105498 0.2787460785826326 0.0 0.0068142662449535985
0 0.5505649232511627 0.2412676142353879 0.008939974457215836 0.013628532489907197
0 0.5856862514759391 0.22309623758217836 0.0 0.0
0 0.611229035639413 0.18788919531658482 0.0 0.002271422081651263
0 0.6380489590110605 0.15836070825511922 0.00766283524904216 0.05224270787797762
0 0.5524806320634232 0.20265343884731762 0.01021711366538951 0.022714220816511962
0 0.5512034928552495 0.19016061739823603 0.0 0.002271422081651168
0 0.5179978734427336 0.15495357513264252 0.01021711366538951 0.0272570649798143
0 0.5141664558182125 0.14927501992851455 0.012771392081736969 0.015899954571558364
0 0.5518420624593363 0.1424607536835609 0.019157088122605345 0.029528487061465658
0 0.5914333779127208 0.16290355241842164 0.008939974457215836 0.002271422081651168
0 0.615060453263934 0.1458678868060377 0.002554278416347351 0.0
0 0.6182533012843683 0.12428937703035123 0.014048531289910538 0.015899954571558364
0 0.6469889334682764 0.13905362056108392 0.0 0.0
0 0.623361858117063 0.09476088996888567 0.014048531289910645 -0.006814266244953694
0 0.6176147316802815 0.09589660100971134 0.017879948914431672 0.03179990914311673
0 0.6329404021783658 0.08340377956062973 0.005108556832694702 0.002271422081651168
0 0.685941679317574 0.06750382498907137 0.021711366538952805 0.006814266244953503
0 0.6916888057543555 0.04251818209090823 0.02554278416347383 0.03407133122476771
0 0.7044601978360924 0.03456820480512905 0.012771392081736969 0.018171376653209344
0 0.7466057917058242 0.036839626886780316 0.01021711366538951 0.01817137665320953
0 0.6131447444516736 0.0652324029074201 0.011494252873563293 0.01135711040825603
0 0.6323018325742789 0.05614671458081543 0.0012771392081736754 0.0204427987348607
0 0.6342175413865394 0.04024676000925697 0.002554278416347351 0.006814266244953503
0 0.5965419347454155 0.05955384770329218 0.014048531289910645 0.013628532489907197
0 0.5729148593942023 0.06636811394824578 0.015325670498084212 0.027257064979814394
0 0.4426466601604858 0.11520368870374656 0.03320561941251599 0.0204427987348607
