0 0.9464780777850068 0.32531023125648206 0.014048531289910645 0.03634275330641916
0 0.9215738632256198 0.5058882867477521 0.0 0.002271422081651168
0 0.9796836971975228 0.4502384457472978 -0.05236270753512144 0.05451412995962869
0 0.8455840803392852 0.4002671599509715 0.031928480204342316 0.013628532489907197
0 0.7363886780404347 0.39913144891014596 0.0 0.015899954571558364
0 0.8960310790621461 0.6308165012385679 0.00766283524904216 0.02952848706146537
0 0.8966696486662329 0.5967451700138 0.0038314176245211337 0.015899954571558364
0 0.8698497252945854 0.5467738842174736 0.008939974457215836 0.006814266244953503
0 0.8647411684618906 0.5388239069316946 0.0012771392081736754 0.004542844163302336
0 0.8558011940046748 0.5569952835849041 0.016602809706257996 0.027257064979814394
0 0.8104627521145088 0.5933380368913233 0.02809706257982129 0.03634275330641906
0 0.800884208053206 0.5853880596055441 0.008939974457215836 0.011357110408256125
0 0.7466057917058243 0.528602507564264 0.022988505747126374 0.024985642898163227
0 0.714038741897395 0.47068124448215853 0.014048531289910645 0.0272570649798143
0 0.7076530458565267 0.6149165466670096 0.0038314176245211337 0.006814266244953789
0 0.7217015771464373 0.6183236797894863 0.003831417624521026 0.009085688326604861
0 0.7248944251668715 0.562673838789032 0.012771392081736862 0.015899954571558364
0 0.668700300007229 0.46727411135968183 0.02043422733077902 0.04769986371467509
0 0.652736059905058 0.509295419870229 0.016602809706257996 0.03634275330641906
0 0.6482660726764501 0.5195168192376592 0.03065134099616864 0.038614175388070424
0 0.627831845345671 0.4831740659312401 0.0383141762452108 0.038614175388070236
0 0.6022890611821973 0.45932413407390255 0.01532567049808432 0.02271422081651187
0 0.5639748849369864 0.44683131262482106 0.02298850574712648 0.04315701955137276
0 0.5416249487939468 0.4366099132573907 0.029374201787994964 0.049971285796326266
0 0.4637194570953517 0.3832314943385876 0.014048531289910592 0.02952848706146556
0 0.4317909768910094 0.39231718266519233 0.006385696040868431 0.0204427987348607
0 0.4630808874912648 0.4354742022165651 0.0025542784163474583 0.0068142662449535985
0 0.4618037482830911 0.469545533441333 0.01021711366538951 0.0204427987348607
0 0.4975636461119546 0.4627312671963794 0.007662835249042052 0.01135711040825603
0 0.5052264813609967 0.44115275742069304 0.012771392081736969 0.01817137665320953
0 0.5045879117569099 0.505888286747752 0.0012771392081736754 0.01135711040825603
0 0.5486492144389022 0.48544548801289134 0.017879948914431672 0.034071331224767805
0 0.5959033651413287 0.5445024621358224 0.002554278416347351 0.011357110408255839
0 0.5786619858309838 0.5581309946257295 0.014048531289910538 0.015899954571558364
0 0.6508203510927975 0.6830592091165454 0.017879948914431672 0.024985642898163227
0 0.6118676052434998 0.6603449883000333 0.014048531289910645 0.029528487061465467
0 0.5767462770187234 0.619459390830312 0.01532567049808432 0.024985642898163227
0 0.5735534289982891 0.6523950110142542 0.026819923371647507 0.049971285796326266
0 0.5550349104797706 0.6512592999734287 0.02298850574712648 0.034071331224767895
0 0.5429020880021206 0.6523950110142543 0.011494252873563293 0.03179990914311673
0 0.5192750126509073 0.6171879687486607 0.015325670498084212 0.01135711040825603
0 0.4669123051157859 0.5638095498298578 0.020434227330779077 0.02271422081651187
0 0.4598880394708306 0.6637521214225103 -0.008939974457215836 0.009085688326604861
0 0.43115240728692256 0.6296807901977423 0.0025542784163474046 0.004542844163302526
0 0.4241281416419673 0.579709504401416 0.016602809706257996 0.02725706497981449
0 0.4030553447071013 0.5876594816871952 0.0025542784163474046 0.01135711040825603
0 0.41710387599701193 0.655802144136731 0.02554278416347383 0.056785552041279955
0 0.4496709258054411 0.6978234526472781 0.01660280970625794 0.01817137665320953
0 0.44328522976457263 0.7318947838720461 0.024265644955300154 0.05451412995962879
0 0.4260438504542278 0.7455233163619532 0.0 -0.009085688326604861
0 0.4017782054989277 0.6841949201573709 -0.00766283524904216 -0.009085688326604766
0 0.4017782054989276 0.6910091864023246 0.0 0.0
0 0.36857258608641175 0.6512592999734288 0.022988505747126426 0.02952848706146556
0 0.3685725860864117 0.6308165012385679 0.015325670498084212 0.03407133122476809
0 0.3609097508373696 0.6001523031362769 0.007662835249042106 0.036342753306419354
0 0.3526083459842405 0.5615381277482063 0.0038314176245211337 0.022714220816512153
0 0.3379212450902431 0.5376881958908688 0.010217113665389565 0.034071331224767895
0 0.3079084736981614 0.562673838789032 0.0012771392081736754 0.01135711040825603
0 0.3404755235065905 0.6274093681160912 0.012771392081736862 0.02271422081651187
0 0.35516262440058793 0.6387664785243472 0.0012771392081736754 0.004542844163302336
0 0.2913056639919034 0.6035594362587535 0.0012771392081737292 0.011357110408256125
0 0.23447296922817415 0.5751666602381136 0.028097062579821207 0.022714220816512153
