0 0.17061600881948963 0.20833199405144553 0.04597701149425285 0.09312830534769898
0 0.14443465505192898 0.035703915845954635 0.03448275862068964 0.07949977285779164
0 0.4279595592664884 0.017532539192745097 0.024265644955300102 0.034071331224767895
0 0.45222520422178847 0.07545380227485064 0.016602809706257996 0.027257064979814394
0 0.507780759777344 0.05614671458081543 0.02554278416347383 0.0204427987348607
0 0.599096213161763 0.11520368870374656 0.024265644955300154 0.0204427987348607
0 0.6163375924721077 0.16858210762254966 0.005108556832694809 0.03179990914311673
0 0.5793005554350706 0.15722499721429373 0.02043422733077902 0.03179990914311673
0 0.5588663281042917 0.0584181366624666 0.0434227330779055 0.06587124036788444
0 0.6367718198028868 0.08340377956062983 0.02298850574712648 0.04315701955137276
0 0.685941679317574 0.04592531521338508 0.021711366538952805 0.0408855974697214
0 0.6987130713993108 0.07431809123402497 0.011494252873563187 0.038614175388070424
0 0.7319186908118269 0.15836070825511928 0.024265644955300154 0.04315701955137267
