0 0.06461345454107327 0.02661822751934996 0.010217113665389532 0.02952848706146556
0 0.0690834417696812 0.06296098082576904 0.0038314176245210665 0.020442798734860892
0 0.10548190920263138 0.04592531521338508 0.0 0.0
0 0.10675904841080508 -0.002910259542115696 0.007662835249042147 0.015899954571558364
0 0.05120349285524953 0.08794662372393205 0.0038314176245210735 0.024985642898163227
0 0.05439634087568375 0.12088224390787457 0.0 0.0
0 0.03140783512855732 0.17766779594915444 0.0 0.0
0 0.04034780958577315 0.18788919531658477 0.007662835249042147 0.015899954571558364
0 0.04609493602255476 0.19697488364318963 0.006385696040868458 0.015899954571558364
0 0.07546913781054966 0.17880350698998004 0.0038314176245210665 0.020442798734860795
0 0.06844487216559436 0.21628197133722477 0.005108556832694755 0.01817137665320953
0 0.08504768187185234 0.21287483821474795 0.007662835249042147 0.020442798734860795
0 0.15337462950914482 0.17426066282667763 0.006385696040868458 0.0068142662449535985
0 0.17253171763175015 0.13678219847943293 0.008939974457215836 0.03179990914311673
0 0.2134001722933083 0.04933244833586183 0.006385696040868458 0.038614175388070236
0 0.14954321188462372 0.06977524707072252 0.014048531289910592 -0.011357110408255839
0 0.11059046603532616 0.061825269784943446 0.005108556832694755 0.02271422081651206
0 0.11186760524349984 0.09135375684640891 0.02043422733077905 0.02271422081651187
0 0.42093529362153304 0.05728242562164111 0.0 0.0
0 0.5601434673124653 0.07431809123402497 0.012771392081736969 0.04315701955137276
0 0.5939876563290681 0.1322393543161305 0.014048531289910645 0.04088559746972159
0 0.6546517687173186 0.09930373413218818 0.00766283524904216 0.04315701955137276
0 0.4841536844261307 0.10384657829549053 0.008939974457215888 0.02952848706146537
0 0.46371945709535173 0.1640392634592473 0.008939974457215836 0.009085688326604766
0 0.4777679883852623 0.045925315213384985 0.006385696040868431 0.01817137665320953
0 0.5933490867249813 0.2514890136028183 0.005108556832694809 0.006814266244953551
0 0.6329404021783659 0.2355890590312599 0.010217113665389403 0.03861417538807028
0 0.7153158811055689 0.2798817896234582 0.0063856960408684845 0.01817137665320953
0 0.12974755415793152 0.2628461240110742 0.0025542784163473777 0.011357110408255981
0 0.14124180703149475 0.20492486092896883 0.0 0.0
0 0.1559289079254922 0.1333750653569561 0.011494252873563213 0.03407133122476809
0 0.17827884406853178 0.1254250880711768 0.007662835249042133 0.027257064979814203
