0 0.4988407853201282 0.04138247105008264 0.01532567049808432 0.01817137665320953
0 0.49500936769560716 0.04251818209090823 0.0 0.002271422081650977
0 0.4732980011566544 0.04024676000925706 0.03065134099616864 0.015899954571558364
0 0.4298752680787489 0.035703915845954635 0.0 0.002271422081651168
0 0.38134397816814863 0.07658951331567612 0.0 0.0022714220816513584
0 0.36346402925371696 0.05955384770329228 0.002554278416347351 0.004542844163302336
0 0.34622264994337215 0.015261117111093837 0.00383141762452108 0.015899954571558364
0 0.3200412961758115 0.031161071682652294 0.012771392081736915 0.011357110408255839
0 0.3328126882575484 0.06636811394824578 0.005108556832694755 0.013628532489907388
0 0.3347283970698089 0.08340377956062964 0.00383141762452108 0.015899954571558364
0 0.33536696667389576 0.13223935431613043 0.0 0.004542844163302336
0 0.33089697944528784 0.1629035524184217 0.00383141762452108 0.0068142662449535985
0 0.33919838429841687 0.18221064011245686 -0.01021711366538951 -0.01817137665320953
0 0.3155713089472036 0.16176784137759606 0.0191570881226054 0.027257064979814394
0 0.29577565122051136 0.2003820167656664 0.0 0.0
0 0.26320860141208224 0.1867534842757592 0.0012771392081736754 0.0
0 0.2721485758692981 0.12883222119365365 0.0012771392081736754 0.002271422081651168
0 0.2842813983469481 0.12542508807117692 0.0 0.0
0 0.3174870177594641 0.07999664643815298 0.0 0.0
0 0.31429416973902985 0.05501100353998975 0.0012771392081736754 0.0
0 0.30982418251042193 0.06409669186659461 0.0 0.0
0 0.2881128159714692 0.059553847703292084 0.0 0.0
0 0.31237846092676935 0.014125406070268349 0.0 0.004542844163302337
0 0.260015753391648 -0.004045970582941184 0.01532567049808432 0.027257064979814394
0 0.2695942974529507 0.06409669186659461 0.00383141762452108 0.004542844163302336
0 0.26576287982842955 0.07658951331567612 0.0012771392081737292 0.0022714220816513584
0 0.25810004457938746 0.0993037341321881 0.0012771392081737292 0.002271422081651168
0 0.2555457661630401 0.10952513349961845 0.0012771392081736754 0.004542844163302515
0 0.2376658172486084 0.11747511078539763 0.016602809706258024 0.011357110408255839
0 0.2255329947709583 0.11066084454044403 0.0025542784163473777 0.006814266244953682
0 0.22744870358321886 0.09703231205053693 0.0012771392081737023 0.002271422081651168
0 0.2549071965589532 0.1186108218262232 -0.002554278416347351 -0.009085688326604672
0 0.24469008289356373 0.0584181366624666 0.0025542784163474046 0.006814266244953694
0 0.22744870358321886 0.034568204805129045 0.0012771392081737023 0.004542844163302336
0 0.2057373370442661 0.014125406070268349 0.011494252873563213 0.009085688326604672
0 0.19743593219113711 0.020939672315221945 0.00766283524904216 0.02271422081651187
0 0.17125457842357647 0.016396828151919514 0.047254150702426556 0.018171376653209722
0 0.2095687546687872 0.11406797766292087 -0.003831417624521053 0.013628532489907376
0 0.19168880575435554 0.13791790952025845 0.014048531289910618 0.011357110408256125
0 0.16359174317453432 0.1265607991120025 0.02171136653895275 0.011357110408255839
