0 0.0620591761247259 0.0924894678872345 0.012771392081736915 0.0204427987348607
0 0.06716773295742066 0.07091095811154821 0.0025542784163473777 0.013628532489907197
0 0.04290208800212054 0.07318238019319928 0.00766283524904214 0.027257064979814394
0 0.04864921443890214 0.05955384770329228 0.0038314176245210735 0.004542844163302336
0 0.030130695920383622 0.05955384770329218 0.0076628352490421435 0.01817137665320953
0 0.018636443046820404 0.014125406070268347 0.03065134099616858 0.03179990914311673
0 0.016082164630473024 0.057282425621641105 0.005108556832694764 0.03179990914311673
0 0.07738484662281019 0.17880350698998002 0.0025542784163473777 0.015899954571558364
0 0.03460068314899154 0.1867534842757592 0.0012771392081736956 0.0
0 0.025660708691775704 0.1515464420101657 0.0012771392081736923 0.002271422081651168
0 0.025022139087688865 0.10384657829549053 0.015325670498084297 0.0204427987348607
