0 0.7306415516036531 0.08113235747897857 0.029374201787994964 0.024985642898163227
0 0.3021613472613798 0.018668250233570684 0.0 0.0
0 0.27917284151425337 0.023211094396873112 0.00766283524904216 0.01817137665320953
0 0.26193146220390856 0.0516038704175129 0.00383141762452108 0.015899954571558364
0 0.26257003180799543 0.027753938560175547 0.0 0.0
0 0.24852150051808478 0.018668250233570778 0.005108556832694755 0.013628532489907197
0 0.2459672221017374 0.051603870417513 0.0 0.006814266244953503
0 0.2319186908118268 0.10952513349961845 0.0 0.004542844163302515
0 0.20637590664835298 0.08908233476475765 0.0025542784163473777 0.004542844163302336
0 0.2153158811055688 0.1049822893363161 0.005108556832694755 0.013628532489907197
0 0.21595445070965563 0.12201795494870006 0.0012771392081737023 0.002271422081650977
0 0.21276160268922142 0.13678219847943293 0.0 0.0
0 0.19488165377478975 0.15836070825511928 0.0 -0.0068142662449535985
0 0.189773096942095 0.11747511078539771 0.007662835249042133 0.006814266244953694
0 0.18913452733800815 0.09589660100971134 0.003831417624521053 0.0
0 0.1687003000072291 0.08681091268310648 0.00383141762452108 0.009085688326604672
0 0.17764027446444494 0.06977524707072262 0.006385696040868458 0.006814266244953694
0 0.12208471890888936 0.0175325391927451 0.0 0.002271422081651168
0 0.13868752861514735 0.07658951331567623 0.0025542784163473777 0.006814266244953503
0 0.15720604713366587 0.09248946788723449 0.0012771392081736754 0.0022714220816513584
0 0.17061600881948963 0.11520368870374656 0.005108556832694782 0.01135711040825603
0 0.1744474264440107 0.1640392634592473 0.002554278416347351 0.009085688326604766
0 0.1578446167377527 0.20038201676566642 0.005108556832694782 0.004542844163302336
0 0.16359174317453434 0.17653208490832883 0.01149425287356324 0.015899954571558364
0 0.1533746295091448 0.17198924074502647 0.0012771392081737023 0.002271422081651263
0 0.1578446167377527 0.14700359784686334 0.0025542784163473777 0.0068142662449535985
0 0.13677181980288683 0.16063213033677048 0.016602809706257996 0.024985642898163227
0 0.11761473168028146 0.14813930888768892 0.008939974457215836 0.009085688326604766
0 0.13038612376201839 0.12542508807117692 0.006385696040868458 0.009085688326604672
0 0.11186760524349984 0.12769651015282807 0.0 0.0
0 0.094626225933155 0.0584181366624666 0.034482758620689655 0.02952848706146575
0 0.07036058097785489 0.050468159376687416 0.0012771392081736888 0.004542844163302336
0 0.06589059374924698 0.0788609353973274 0.0 0.002271422081651168
0 0.07099915058194174 0.11293226662209538 0.007662835249042147 0.015899954571558364
0 0.0831319730595918 0.15495357513264252 0.0012771392081736888 0.009085688326604766
0 0.07802341622689704 0.16858210762254966 -0.0012771392081736888 -0.01817137665320953
0 0.04354065760620738 0.031161071682652294 0.014048531289910597 0.034071331224767895
