0 0.640603237427408 0.1572249972142936 0.02809706257982129 0.04542844163302402
0 0.6374103894069736 0.08226806851980414 -0.024265644955300154 -0.013628532489907388
0 0.6993516410033976 0.07431809123402497 0.01021711366538951 0.01135711040825603
0 0.7242558555627847 0.04138247105008264 0.0063856960408684845 0.01817137665320953
0 0.5844091122677655 0.07318238019319948 0.02043422733077902 0.03179990914311673
0 0.5761077074146367 0.06296098082576904 0.0012771392081737827 0.002271422081651168
0 0.5173593038386468 0.08340377956062983 0.0063856960408684845 0.01135711040825603
0 0.47712941878117543 0.07318238019319938 0.0025542784163474046 0.013628532489907197
0 0.47010515313622014 0.13905362056108406 0.021711366538952698 0.018171376653209628
0 0.4528637738258753 0.059553847703292084 0.0 0.0
