0 0.9458395081809201 0.025482516478524377 0.06130268199233728 0.06359981828623346
0 0.9867079628424782 0.10157515621383925 0.03831417624521069 0.06132839620458229
0 0.9618037482830911 0.2537604356844695 0.04469987228607929 0.07495692869448944
0 0.8781511301477144 0.07999664643815296 0.053639846743295014 0.09539972742935018
0 0.7510757789344321 0.1572249972142936 0.09067688378033203 0.07722835077614075
0 0.669338869611316 0.25716756880694625 0.03448275862068967 0.03634275330641906
0 0.7204244379382635 0.29691745523584223 0.031928480204342316 0.034071331224767853
0 0.6718931480276633 0.29123890003171427 0.049808429118773985 0.05451412995962874
0 0.6073976180148919 0.29578174419501657 0.053639846743295014 0.04088559746972159
0 0.5658905937492471 0.4263885138899603 0.05236270753512134 0.07041408453118705
