0 0.5920719475168077 0.1220179549487001 0.1251596424010217 0.10221399367430398
0 0.8443069411311116 0.27647465650098146 0.0063856960408684845 0.024985642898163133
0 0.8934768006457987 0.4014028709917971 0.005108556832694809 0.034071331224767895
0 0.8979467878744066 0.370738672889506 0.0012771392081736754 0.0272570649798143
0 0.8845368261885829 0.32758165333813327 0.005108556832694809 0.013628532489907197
0 0.912633888768404 0.35938156248125 0.0025542784163474583 0.009085688326604861
0 0.9177424456010989 0.3094102766849237 0.0 0.0045428441633024305
0 0.8902839526253644 0.29578174419501657 0.011494252873563293 0.027257064979814394
0 0.887729674209017 0.22196052654135273 0.0012771392081736754 0.011357110408255934
0 0.9260438504542278 0.24467474735786474 0.0012771392081736754 0.015899954571558364
0 0.9528637738258753 0.311681698766575 0.024265644955300047 0.03634275330641902
0 0.975213709968915 0.2844246337867606 0.002554278416347351 0.0045428441633024305
0 0.9298752680787489 0.17539637386750329 0.031928480204342205 0.01817137665320953
0 0.8494154979638064 0.1492750199285145 0.0063856960408684845 0.0068142662449535985
0 0.8519697763801538 0.12428937703035123 0.0063856960408684845 0.01135711040825603
0 0.8934768006457986 0.11974653286704888 0.0 0.0022714220816513584
0 0.8609097508373695 0.10838942245879286 0.0012771392081736754 0.0022714220816513466
0 0.8264269922166799 0.10725371141796727 0.0063856960408684845 0.013628532489907197
0 0.7542686269548664 0.09703231205053692 0.017879948914431672 0.02952848706146556
0 0.9547794826381358 0.14246075368356093 0.012771392081736969 0.03407133122476799
0 0.9400923817441383 0.11633939974457205 0.011494252873563187 0.01817137665320971
0 0.9522252042217885 0.09021804580558332 0.002554278416347351 -0.002271422081650977
0 0.9841536844261308 0.1117965555812697 0.0 0.004542844163302336
0 0.9713822923443938 0.08794662372393215 0.0 0.0022714220816513584
0 0.9132724583724909 0.04138247105008274 0.0012771392081737827 0.0
0 0.9202967240174462 0.030025360641826617 0.012771392081736862 0.013628532489907197
