0 0.5007564941323888 0.012989695029442767 0.04214559386973188 0.038614175388070236
0 0.5505649232511628 0.03797533792760589 0.021711366538952698 0.038614175388070424
0 0.03268497433673101 0.060689558744117765 0.005108556832694769 0.0022714220816513584
0 0.04673350562664161 0.061825269784943446 0.012771392081736908 0.02271422081651206
0 0.07674627701872334 0.09589660100971134 0.011494252873563227 0.004542844163302336
0 0.10292763078628402 0.06636811394824578 0.017879948914431672 -0.004542844163302336
0 0.11059046603532616 0.06182526978494335 0.00766283524904216 0.013628532489907197
0 0.05056492325116268 0.09135375684640891 0.017879948914431672 0.013628532489907197
0 0.0690834417696812 0.12315366598952554 0.0012771392081736888 0.0
0 0.05886632810429167 0.12996793223447925 0.008939974457215836 0.018171376653209344
0 0.03523925275307839 0.1265607991120025 0.0 0.002271422081651168
0 0.03076926552447047 0.12996793223447925 0.008939974457215838 0.009085688326604672
0 0.023106430275428323 0.14359646472438653 0.014048531289910597 0.013628532489907197
0 0.04290208800212053 0.16744639658172406 0.0025542784163473846 0.0068142662449535985
