0 0.7715100062652112 0.14586788680603766 0.044699872286079176 0.05905697412293122
0 0.7082916154606135 0.0039040067028379023 0.06896551724137923 0.034071331224767895
0 0.8034384864695534 0.2480818804803415 0.0012771392081736754 0.0
0 0.17636313525627123 0.05501100353998985 0.11621966794380588 0.08631403910274534
0 0.27087143666112434 0.17312495178585205 0.0753512132822478 0.07268550661283822
0 0.3704882948986723 0.18788919531658482 0.042145593869731775 0.06587124036788472
0 0.18338740090122654 0.2651175460927254 0.022988505747126426 0.04769986371467509
0 0.12336185811706307 0.3253102312564821 0.017879948914431672 0.049971285796326266
0 0.08696339068411288 0.41275998140005316 0.034482758620689655 0.07949977285779182
0 0.0339621135449047 0.30827456564409816 0.03831417624521073 0.07495692869448939
0 0.058866328104291675 0.23786048111291114 0.029374201787994898 0.07949977285779182
