0 0.35388548519241425 0.2003820167656664 0.024265644955300154 0.04088559746972159
0 0.3142941697390299 0.17312495178585205 0.03959131545338442 0.049971285796326356
0 0.2976913600327719 0.2367247700720855 0.006385696040868431 0.013628532489907101
0 0.24405151328947686 0.1538178640918168 0.02937420178799494 0.02952848706146575
0 0.21467731150148195 0.1526821530509912 0.029374201787994884 0.059056974122931316
0 0.22042443793826358 0.20719628301061999 0.015325670498084294 0.027257064979814394
0 0.2095687546687872 0.18788919531658482 0.0012771392081737023 0.002271422081651263
0 0.18211026169305283 0.1969748836431896 0.0025542784163473777 0.0068142662449535985
0 0.17317028723583702 0.16403926345924727 0.0 0.0045428441633024305
0 0.1744474264440107 0.13791790952025842 0.002554278416347351 0.002271422081650977
0 0.13996466782332104 0.10384657829549052 0.010217113665389538 0.015899954571558364
0 0.16678459119496855 0.20492486092896883 0.0 0.0
0 0.14443465505192898 0.1890249063574104 0.006385696040868458 0.018171376653209628
0 0.10037335236993664 0.14586788680603766 0.017879948914431672 0.022714220816512153
0 0.09271051712089448 0.1935677505207128 0.012771392081736901 0.01817137665320953
0 0.08824052989228656 0.16631068554089845 0.0012771392081736888 0.0045428441633024305
0 0.0761077074146365 0.14700359784686334 0.005108556832694755 0.0068142662449535985
0 0.9298752680787489 0.1594964192959449 -0.0063856960408684845 0.004542844163302336
0 0.7670400190366033 0.17880350698998002 0.01021711366538951 0.015899954571558364
0 0.7395815260608689 0.1890249063574104 0.011494252873563293 0.013628532489907101
0 0.7485215005180849 0.22196052654135273 0.008939974457215836 0.011357110408255934
0 0.7389429564567821 0.2401319031945623 0.01532567049808432 0.015899954571558364
