0 0.8634640292537169 0.1629035524184217 0.019157088122605345 0.011357110408255934
0 0.8781511301477144 0.17766779594915444 0.0025542784163474583 0.004542844163302336
0 0.8545240547965012 0.18107492907163125 0.011494252873563293 0.0068142662449535985
0 0.9368995337237042 0.25943899088859745 0.005108556832694702 -0.0045428441633024305
0 0.9266824200583146 0.33780305270556366 -0.005108556832694702 -0.002271422081651168
0 0.9151881671847514 0.3025960104399702 0.005108556832694809 0.004542844163302383
0 0.8245112834044194 0.4820383548904145 0.01021711366538951 0.004542844163302336
0 0.8079084736981614 0.40140287099179717 0.01532567049808432 0.020442798734860795
0 0.7951370816164244 0.2787460785826326 0.002554278416347351 0.01135711040825603
0 0.7906670943878166 0.3025960104399701 0.008939974457215836 0.009085688326604766
0 0.8232341441962457 0.2367247700720855 0.00766283524904216 0.013628532489907101
0 0.8149327393431167 0.2299105038271319 0.008939974457215836 0.009085688326604766
0 0.7632086014120822 0.2673889681743766 0.002554278416347351 0.002271422081651263
0 0.7178701595219161 0.28215321170510943 0.011494252873563187 0.013628532489907197
0 0.7421358044772164 0.2617104129702486 0.008939974457215836 0.009085688326604719
0 0.7402200956649557 0.23672477007208556 0.0 0.0
