0 0.8787896997518012 0.21173912717392238 0.0063856960408684845 0.013628532489907101
0 0.9119953191643172 0.22082481550052718 -0.0012771392081736754 0.0
0 0.9081639015397961 0.20151772780649196 0.0012771392081736754 0.002271422081651168
0 0.9675508747198728 0.05728242562164092 0.005108556832694917 0.004542844163302336
0 0.9694665835321333 0.03683962688678022 0.003831417624520919 0.004542844163302336
0 0.9477552169931805 0.05955384770329218 0.0063856960408684845 0.009085688326604861
0 0.9611651786790043 0.08794662372393207 0.002554278416347351 0.006814266244953503
0 0.9439237993686596 0.09589660100971134 0.003831417624521026 0.0
0 0.9892622412588256 0.1197465328670488 0.002554278416347351 0.006814266244953503
0 0.94583950818092 0.13905362056108406 -0.02554278416347383 -0.013628532489907292
0 0.9426466601604858 0.12656079911200238 0.003831417624521026 0.006814266244953694
0 0.9426466601604858 0.12542508807117692 0.0012771392081736754 0.0
0 0.9279595592664883 0.09589660100971134 0.005108556832694702 0.004542844163302336
0 0.9298752680787489 0.05501100353998985 0.0063856960408684845 0.013628532489907197
0 0.9177424456010989 0.1129322666220953 0.0 0.002271422081651168
0 0.9024167751030145 0.1617678413775961 -0.040868454661558154 0.004542844163302336
0 0.8781511301477144 0.16063213033677048 0.0 0.002271422081651168
0 0.8353669666738958 0.20151772780649196 0.0012771392081736754 0.002271422081651168
0 0.8717654341068459 0.16063213033677048 0.005108556832694702 0.0204427987348607
