0 0.4324295464950963 0.2514890136028183 0.015325670498084266 0.024985642898163133
0 0.41454959758066456 0.23786048111291108 0.0025542784163474046 0.0068142662449535985
0 0.3615483204414564 0.19811059468401523 -0.00383141762452108 0.013628532489907197
0 0.3289812706330273 0.20265343884731757 0.0 0.0
0 0.3455840803392853 0.16403926345924727 0.0 0.0045428441633024305
0 0.3047156256777272 0.1526821530509913 0.01532567049808432 0.013628532489907197
0 0.28491996795103497 0.1117965555812697 0.024265644955300102 0.03179990914311673
0 0.3257884226125931 0.09021804580558332 0.00383141762452108 0.01135711040825603
0 0.27470285428564545 0.011853983988617086 0.01149425287356324 0.02271422081651187
0 0.23702724764452154 0.09476088996888576 0.022988505747126426 0.034071331224767895
0 0.2702328670570376 0.06523240290742019 0.012771392081736915 0.02952848706146556
