0 0.8832596869804091 0.09021804580558332 0.01021711366538951 0.01135711040825603
0 0.8391983842984169 0.1890249063574104 0.008939974457215836 0.0045428441633024305
0 0.813017030530856 0.19470346156153837 0.002554278416347351 0.002271422081651168
0 0.8832596869804092 0.15495357513264246 0.00766283524904216 0.01817137665320953
0 0.8992239270825804 0.18334635115328246 -0.019157088122605345 -0.002271422081651168
0 0.9024167751030144 0.11747511078539763 0.0 0.002271422081651168
0 0.9228510024337935 0.061825269784943446 0.005108556832694809 0.02271422081651206
0 0.9228510024337936 0.14813930888768892 0.0025542784163474583 0.0045428441633024305
0 0.9190195848092725 0.17312495178585205 0.005108556832694702 0.009085688326604766
0 0.9273209896624015 0.15495357513264252 0.011494252873563293 0.022714220816511962
0 0.93370668570327 0.17312495178585205 0.0063856960408684845 0.013628532489907101
0 0.9375381033277911 0.16176784137759606 0.008939974457215836 0.013628532489907197
0 0.9515866346177017 0.15154644201016573 0.003831417624521026 0.01135711040825603
0 0.9407309513482252 0.15041073096934013 0.005108556832694809 0.013628532489907197
0 0.9483937865972674 0.15722499721429373 0.0025542784163474583 0.0
0 0.9554180522422228 0.13451077639778158 0.0063856960408684845 0.009085688326604672
0 0.9637194570953517 0.12088224390787447 0.01021711366538951 0.009085688326604861
0 0.9592494698667438 0.12088224390787457 0.0063856960408684845 0.0
0 0.9784065579893492 0.11066084454044413 0.0012771392081737827 0.002271422081651168
0 0.9490323562013542 0.12428937703035123 0.011494252873563187 0.015899954571558364
0 0.9503094954095279 0.10952513349961845 0.0012771392081736754 0.004542844163302515
0 0.9528637738258753 0.09589660100971134 0.0012771392081736754 0.0
0 0.8021613472613798 0.1799392180308056 0.0012771392081736754 0.0
