0 0.05056492325116268 0.26966039025602784 0.015325670498084294 0.024985642898163133
0 0.058227758500204826 0.3219030981340053 0.0 0.002271422081651168
0 0.07866198583098388 0.3582458514404245 0.0 0.002271422081651168
0 0.09207194751680764 0.3491601631138197 0.008939974457215836 0.002271422081651168
0 0.10356620039037084 0.3253102312564821 0.0012771392081736888 0.0045428441633024305
0 0.6399646678233211 0.13791790952025854 0.03959131545338437 0.024985642898163227
0 0.6808331224848791 0.18107492907163125 0.0038314176245211337 0.0068142662449535985
0 0.6520974903009711 0.18902490635741045 0.0 0.0
0 0.6910502361502687 0.30827456564409816 0.0012771392081736754 0.006814266244953551
0 0.8679340164823249 0.3025960104399702 0.0 0.0
0 0.6144218836598472 0.14359646472438653 0.0012771392081736754 0.0
0 0.6335789717824526 0.19129632843906164 0.0012771392081736754 0.0
0 0.5863248210800261 0.17766779594915444 0.03959131545338437 0.03634275330641906
0 0.5920719475168077 0.2730675233785046 0.0 0.004542844163302336
0 0.5601434673124654 0.3173602539707029 0.005108556832694702 0.011357110408255934
0 0.5429020880021206 0.20151772780649202 0.016602809706257996 0.024985642898163133
0 0.4764908491770886 0.2651175460927254 0.006385696040868431 0.015899954571558364
0 0.4509480650136148 0.21741768237805034 0.008939974457215836 0.0204427987348607
0 0.4566951914503964 0.2003820167656664 0.002554278416347351 0.009085688326604861
0 0.4388152425359647 0.18107492907163122 0.0 0.002271422081651263
0 0.40177820549892773 0.2514890136028183 0.00766283524904216 0.024985642898163133
0 0.4228510024337936 0.23558905903125993 0.0012771392081737292 0.0068142662449535985
0 0.40305534470710136 0.21173912717392238 0.01532567049808432 0.0272570649798143
0 0.35707833321284843 0.2003820167656664 0.012771392081736969 0.02271422081651187
0 0.31748701775946414 0.2151462602963992 0.00766283524904216 0.01135711040825603
0 0.29513708161642455 0.20946770509227117 0.011494252873563187 0.03634275330641906
0 0.334089827465722 0.19356775052071282 0.0025542784163474046 0.004542844163302336
0 0.30790847369816143 0.09703231205053692 0.044699872286079176 0.06132839620458229
0 0.20318305862791874 0.19697488364318963 0.008939974457215836 0.015899954571558364
0 0.18913452733800815 0.19129632843906164 0.026819923371647507 0.049971285796326266
0 0.20190591941974506 0.23331763694960878 0.0012771392081736754 0.0068142662449535985
0 0.1757245656521844 0.28215321170510943 0.0025542784163473777 0.009085688326604766
0 0.16359174317453434 0.25603185776612064 0.01149425287356324 0.024985642898163178
0 0.1578446167377527 0.2299105038271319 0.0 0.0045428441633024305
0 0.1489046422805369 0.19811059468401523 0.007662835249042133 0.013628532489907197
0 0.14060323742740788 0.24467474735786468 0.019157088122605373 0.024985642898163133
0 0.1533746295091448 0.29123890003171427 0.0012771392081737023 0.004542844163302478
0 0.12719327574158415 0.2560318577661207 0.005108556832694755 0.015899954571558364
0 0.12847041494975783 0.20378914988814317 0.0 0.0068142662449535985
0 0.10803618761897878 0.2526247246436438 0.007662835249042147 0.02725706497981425
0 0.10420476999445769 0.2673889681743767 0.0025542784163473777 0.0068142662449535985
0 0.07738484662281019 0.26398183505189987 0.02043422733077905 0.027257064979814394
0 0.09654193474541554 0.2810175006642839 0.0025542784163473777 0.0068142662449535985
0 0.12336185811706307 0.3116816987665749 0.0 0.004542844163302336
