0 0.03907067037759946 0.04706102625421057 0.022988505747126436 0.05678555204127977
0 0.028853556712209936 0.09703231205053683 0.005108556832694766 0.01135711040825603
0 0.40944104074796983 0.4388813353390419 0.0 0.0
0 0.3890068134171908 0.463866978237205 -0.005108556832694755 -0.022714220816511962
0 0.38134397816814863 0.4093528482775763 0.0 0.0
0 0.3660183076700644 0.4252528028491347 0.0 0.0
0 0.3679340164823249 0.37414580601198283 0.0063856960408684845 0.015899954571558364
0 0.34686121954745897 0.35256729623629646 0.0025542784163474046 0.0
0 0.28491996795103497 0.2787460785826327 0.0012771392081737292 0.0022714220816512152
0 0.3123784609267693 0.2866960558684118 0.0025542784163474046 0.009085688326604814
0 0.3047156256777272 0.2617104129702486 0.005108556832694809 0.009085688326604719
0 0.3360055362779826 0.3752815170528084 0.021711366538952698 0.0545141299596286
