0 0.9713822923443938 0.404810004114274 0.012771392081736969 0.01817137665320953
0 0.9937322284874335 0.37641722809363404 0.003831417624520919 0.0068142662449535985
0 0.9956479372996939 0.3184959650115286 0.0 0.0
0 0.9637194570953517 0.22536765966382954 0.0 0.03179990914311673
0 0.7708714366611243 0.22309623758217834 0.005108556832694809 0.03179990914311673
0 0.7095687546687872 0.3230388091748309 0.0 0.0045428441633024305
0 0.5524806320634231 0.46045984511472826 0.002554278416347351 0.002271422081651168
0 0.5422635183980338 0.43093135805326266 0.03320561941251588 0.024985642898163227
0 0.5128893166100389 0.4252528028491347 0.0 0.0045428441633024305
0 0.5173593038386467 0.458188423033077 0.016602809706258104 0.024985642898163036
0 0.4969250765078677 0.43660991325739074 0.006385696040868377 0.013628532489907197
0 0.38134397816814863 0.38663862746106437 0.0 0.0
0 0.14124180703149475 0.20946770509227114 0.0 -0.01817137665320953
0 0.12080757970071568 0.07204666915237379 0.0025542784163473777 0.01135711040825603
0 0.08760196028819972 0.12996793223447928 0.007662835249042147 0.022714220816512153
0 0.0761077074146365 0.12088224390787457 0.0 0.0
0 0.08632482108002602 0.09021804580558333 0.0 0.002271422081650977
0 0.0844091122677655 0.0447896041725594 0.0038314176245210665 0.0204427987348607
0 0.04928778404298899 0.0311610716826522 0.0025542784163473777 0.015899954571558364
0 0.05375777127159691 0.09021804580558332 0.0038314176245210735 0.006814266244953694
