0 0.1418803766355816 0.1061180003771417 0.008939974457215836 0.015899954571558364
0 0.14251894623966843 0.09135375684640891 0.015325670498084294 0.009085688326604861
0 0.17508599604809755 0.12883222119365365 0.0012771392081736754 0.002271422081651168
0 0.13741038940697367 0.17539637386750326 -0.007662835249042133 0.013628532489907197
0 0.1367718198028868 0.19129632843906164 -0.01149425287356324 0.0
0 0.1240004277211499 0.14018933160190963 0.00383141762452108 0.011357110408256125
0 0.10101192197402346 0.10838942245879286 0.00383141762452108 0.0022714220816513466
0 0.102927630786284 0.13905362056108406 0.007662835249042147 0.013628532489907292
0 0.11378331405576038 0.17653208490832886 -0.006385696040868445 0.024985642898163227
0 0.11378331405576038 0.1992463057248408 0.006385696040868445 0.01135711040825603
0 0.11186760524349984 0.2060605719697944 0.0 0.002271422081651168
0 0.11378331405576038 0.2299105038271319 0.0038314176245210665 0.009085688326604766
0 0.07355342899828912 0.30032458835831893 0.002554278416347391 0.0045428441633024305
0 0.07738484662281019 0.27533894546015586 0.007662835249042133 0.009085688326604814
0 0.09845764355767608 0.22309623758217836 0.0012771392081736888 0.0
0 0.0971805043495024 0.19583917260236403 0.0038314176245210665 0.03634275330641916
0 0.08824052989228656 0.201517727806492 0.0038314176245210665 0.01135711040825603
0 0.0876019602881997 0.18902490635741045 0.0025542784163473777 0.0
0 0.09015623870454709 0.16176784137759606 0.012771392081736901 0.013628532489907197
0 0.08824052989228656 0.09248946788723449 0.006385696040868458 0.0022714220816513584
0 0.1099518964312393 0.10157515621383927 0.0012771392081736888 0.002271422081651168
0 0.08377054266367864 0.09021804580558333 0.007662835249042147 0.0204427987348607
0 0.05120349285524952 0.07431809123402497 0.008939974457215836 0.015899954571558364
0 0.04992635364707583 0.10157515621383927 0.006385696040868458 0.011357110408255851
0 0.07291485939420227 0.13110364327530483 0.00383141762452108 0.006814266244953503
0 0.07163772018602858 0.15268215305099128 0.00383141762452108 0.009085688326604861
0 0.07291485939420228 0.19016061739823603 0.006385696040868458 0.015899954571558364
0 0.08377054266367864 0.21287483821474795 0.0 0.002271422081651263
0 0.08760196028819972 0.2458104583986903 0.005108556832694755 0.018171376653209486
0 0.07355342899828912 0.2537604356844695 0.002554278416347391 0.0022714220816511203
0 0.05695061929203113 0.24126761423538795 0.0025542784163473846 0.009085688326604766
0 0.05056492325116268 0.25943899088859745 0.010217113665389525 0.013628532489907055
0 0.05120349285524953 0.2060605719697944 -0.024265644955300123 -0.02952848706146556
0 0.0480106448348153 0.20719628301061999 0.0 0.0
0 0.05567348008385744 0.13678219847943274 -0.007662835249042147 -0.004542844163302336
0 0.04162494879394684 0.13791790952025848 0.007662835249042147 0.01589995457155846
0 0.025660708691775707 0.11861082182622326 -0.03959131545338442 -0.054514129959628885
0 0.01799787344273356 0.10725371141796718 0.006385696040868454 0.03179990914311673
0 0.022467860671341478 0.1526821530509913 0.01532567049808429 0.01817137665320953
0 0.028853556712209936 0.1890249063574104 0.015325670498084294 0.013628532489907101
0 0.03076926552447047 0.23218192590878312 0.008939974457215838 0.04088559746972159
0 0.025660708691775707 0.2458104583986903 0.01660280970625798 0.03179990914311673
0 0.028853556712209932 0.2537604356844695 0.012771392081736912 0.015899954571558364
0 0.03715496156533892 0.271931812337679 0.02426564495530013 0.034071331224767944
