0 0.94583950818092 0.2412676142353879 0.04597701149425285 0.06814266244953579
0 0.9407309513482253 0.3105459877257493 0.043422733077905395 0.07495692869448949
0 0.7855585375551218 0.29578174419501657 0.057471264367816036 0.06359981828623346
0 0.7376658172486084 0.31508883188905173 0.056194125159642366 0.0613283962045822
0 0.6833874009012266 0.3275816533381333 0.05236270753512134 0.045428441633023876
0 0.6278318453456709 0.3105459877257493 0.015325670498084212 0.0204427987348607
0 0.5211907214631678 0.2707961012968535 0.0063856960408684845 0.013628532489907197
0 0.574191998602376 0.3241745202156565 0.00766283524904216 0.0068142662449535985
0 0.5818548338514181 0.3321244975014357 0.005108556832694809 0.009085688326604766
0 0.599096213161763 0.3298530754197845 0.0038314176245211337 0.009085688326604766
0 0.5748305682064628 0.3571101403995988 0.008939974457215836 0.009085688326604766
0 0.5761077074146367 0.38436720537941316 0.0012771392081737827 0.004542844163302336
0 0.5167207342345599 0.3571101403995989 0.017879948914431777 0.03179990914311673
