0 0.03076926552447047 0.05501100353998975 0.016602809706257986 0.03179990914311673
0 0.03907067037759946 0.10043944517301368 0.0025542784163473846 0.0
0 0.04928778404298899 0.11066084454044413 0.007662835249042147 0.011357110408255839
0 0.09079480830863394 0.13791790952025848 0.008939974457215836 0.006814266244953789
0 0.11059046603532616 0.17312495178585205 0.005108556832694755 0.013628532489907101
0 0.03970923998168631 0.1333750653569561 0.006385696040868451 0.006814266244953694
0 0.019913582254994098 0.07091095811154811 0.0 0.0
0 0.07802341622689704 0.0584181366624666 0.008939974457215836 0.024985642898163036
0 0.09718050434950239 0.05955384770329218 0.014048531289910604 0.01817137665320953
0 0.18338740090122654 0.05955384770329218 0.02043422733077902 0.02271422081651187
