0 0.0831319730595918 0.393452893706018 0.01915708812260536 0.013628532489907197
0 0.1182533012843683 0.35483871831794767 0.015325670498084294 0.022714220816511962
0 0.8385598146943299 0.09021804580558332 0.03065134099616864 0.02952848706146575
0 0.8257884226125931 0.2037891498881432 0.0 0.002271422081651263
0 0.9739365707607412 0.1356464874386073 0.012771392081736754 0.020442798734860795
0 0.9943707980915204 0.1061180003771417 0.0 0.002271422081650989
0 0.846861219547459 0.23331763694960866 0.037037037037037014 0.04315701955137271
0 0.8724040037109327 0.3616529845629013 0.019157088122605345 0.022714220816511962
0 0.9228510024337936 0.3298530754197845 0.02043422733077913 0.03634275330641916
0 0.9528637738258753 0.37528151705280843 0.0012771392081736754 0.0
0 0.9509480650136147 0.2980531662766678 0.00766283524904216 0.0272570649798143
0 0.9362609641196173 0.2605747019294231 0.024265644955300047 0.06587124036788478
0 0.9202967240174462 0.2333176369496087 0.00766283524904216 0.015899954571558364
0 0.8966696486662329 0.26852467921520223 0.008939974457215836 0.018171376653209628
0 0.9024167751030144 0.317360253970703 0.0 -0.0022714220816512152
0 0.8947539398539723 0.27193181233767905 0.015325670498084212 0.04769986371467509
0 0.8072699040940745 0.23899619215373674 0.014048531289910538 0.01817137665320953
0 0.7989684992409456 0.2151462602963992 0.030651340996168532 0.034071331224767895
0 0.7127616026892214 0.28556034482758624 0.016602809706257996 0.011357110408255934
0 0.7523529181426059 0.3605172735220757 0.01660280970625789 0.024985642898163133
0 0.6603988951541001 0.3253102312564821 0.026819923371647507 0.022714220816511962
0 0.6367718198028868 0.40821713723675074 0.05108556832694756 0.07949977285779182
0 0.47904512759343604 0.3241745202156565 0.05491698595146874 0.04769986371467509
0 0.4068867623316224 0.41162427035922755 0.028097062579821183 0.049971285796326356
0 0.4337066857032699 0.42298138076748354 0.022988505747126426 0.045428441633023925
0 0.4605266090749175 0.5081597088294033 0.05874840357598982 0.056785552041279955
0 0.09781907395358926 0.47635979968628656 0.03320561941251598 0.038614175388070326
0 0.32387271380033256 0.6319522122793935 0.005108556832694755 0.01817137665320953
0 0.33855981469433 0.5876594816871951 0.02171136653895275 0.05224270787797752
0 0.284919967951035 0.3718743839303316 0.008939974457215836 0.024985642898163133
0 0.21978586833417674 0.40594571515509953 0.011494252873563213 0.0204427987348607
0 0.16550745198679487 0.44342417950234425 0.01532567049808432 0.049971285796326356
0 0.15401319911323164 0.469545533441333 0.005108556832694755 0.015899954571558364
0 0.1884959577339213 0.5149739750743569 0.01021711366538951 0.015899954571558364
0 0.2664014494325165 0.4684098224005074 0.012771392081736915 0.022714220816511962
0 0.24852150051808478 0.5036168646661009 0.0 0.006814266244953694
0 0.24149723487312946 0.545638173176648 0.0012771392081737023 0.02271422081651206
0 0.2504372093303453 0.5524524394216017 0.00383141762452108 0.009085688326604766
0 0.32451128340441937 0.6103737025037071 -0.0012771392081737292 0.002271422081651168
