0 0.6399646678233211 0.35256729623629646 0.026819923371647507 0.03179990914311673
0 0.6246389973252368 0.3957243157876692 0.008939974457215836 0.0
0 0.5754691378105496 0.3468887410321685 0.012771392081736862 0.03407133122476799
0 0.5480106448348153 0.3457530299913429 0.008939974457215836 0.01817137665320953
0 0.5109736077977783 0.33780305270556366 0.037037037037037125 0.05224270787797752
0 0.5333235439408178 0.38777433850188997 0.02043422733077902 0.03407133122476799
0 0.5435406576062074 0.4309313580532627 0.005108556832694702 0.002271422081651168
0 0.49820221571604134 0.3343959195830869 0.019157088122605345 0.027257064979814394
0 0.46052660907491744 0.3832314943385876 0.028097062579821183 0.038614175388070236
0 0.43242954649509624 0.30827456564409816 0.020434227330779077 0.034071331224767944
0 0.42412814164196727 0.34916016311381964 0.0012771392081736754 0.0068142662449535985
0 0.412633888768404 0.4048100041142739 0.019157088122605345 0.0272570649798143
0 0.4024167751030145 0.3389387637463893 0.014048531289910592 0.013628532489907055
0 0.38006683895997495 0.3355316306239125 0.01532567049808432 0.02952848706146556
0 0.37048829489867224 0.41048855931840195 0.02171136653895275 0.020442798734860795
0 0.3328126882575484 0.3582458514404244 0.005108556832694755 0.0068142662449535985
0 0.33728267548615626 0.317360253970703 0.0012771392081736754 0.0022714220816512152
0 0.2913056639919034 0.3389387637463893 0.037037037037037014 0.06814266244953585
0 0.06716773295742066 0.36165298456290124 0.0 0.0045428441633024305
