0 0.3008842080532061 0.5649452608706832 0.017879948914431672 0.03861417538807052
0 0.305354195281814 0.5501810173399504 0.011494252873563187 0.009085688326604861
0 0.3328126882575484 0.5149739750743568 0.017879948914431672 0.024985642898163227
0 0.417103875997012 0.5047525757069266 0.0 0.0
0 0.29322137280416394 0.5479095952582993 0.0 0.0
0 0.30918561290633506 0.5365524848500433 -0.04725415070242653 -0.04088559746972159
0 0.2715100062652112 0.5240596634009616 0.010217113665389565 0.015899954571558364
0 0.23894295645678207 0.5376881958908689 0.019157088122605373 0.024985642898162942
0 0.7274487035832189 0.492259754257845 0.030651340996168532 0.02952848706146556
0 0.7421358044772163 0.5535881504624274 0.0012771392081736754 0.0022714220816510726
0 0.7459672221017375 0.5615381277482066 0.016602809706257996 0.018171376653209437
