0 0.9426466601604858 0.17426066282667765 0.024265644955300154 0.04315701955137267
0 0.8832596869804091 0.22650337070465512 0.028097062579821183 0.034071331224767895
0 0.8743197125231933 0.27306752337850465 0.028097062579821183 0.01817137665320953
0 0.8264269922166799 0.1129322666220953 0.031928480204342316 0.034071331224767895
0 0.8098241825104219 0.20492486092896878 0.026819923371647507 0.022714220816511962
0 0.813655600134943 0.28215321170510943 0.011494252873563293 0.027257064979814345
0 0.7619314622039085 0.31508883188905173 0.0383141762452108 0.06587124036788472
0 0.7121230330851346 0.3048674325216214 0.035759897828863345 0.040885597469721494
0 0.7459672221017374 0.26966039025602784 0.0012771392081736754 0.0022714220816512152
0 0.7836428287428613 0.26398183505189987 0.0 0.0
0 0.726810133979132 0.2935103221133654 -0.008939974457215836 0.004542844163302383
