0 0.23403637770897834 0.7146475730878712 0.07120743034055729 0.12664408751844072
0 0.14502708978328172 0.6471958308226148 0.11919504643962849 0.11287842583165392
0 0.19920665634674925 0.8812120794979945 0.051083591331269336 0.07433457310864985
0 0.08155959752321983 1.0188686963658649 0.11300309597523221 0.10737216115693889
0 0.04595588235294117 0.9459106894258936 0.0913312693498452 0.06607517609657787
0 0.10323142414860681 0.8688229839798861 0.06656346749226008 0.0825939701207224
0 0.2526122291021672 0.9362747262451426 0.05572755417956657 0.07433457310865003
0 0.2820239938080496 0.8812120794979945 0.05263157894736847 0.06332204375922036
0 0.3400735294117647 0.8550573222930992 0.05108359133126939 0.05506264674714839
0 0.3733552631578948 0.8344088297629186 0.04024767801857585 0.06332204375922036
0 0.388061145510836 0.8798355133293159 0.051083591331269336 0.04955638207243336
0 0.42289086687306504 0.8123837710640593 0.043343653250774 0.06332204375922056
0 0.4677825077399381 0.7256601024373011 0.04334365325077411 0.0550626467471482
0 0.48248839009287925 0.6403129999792213 0.04179566563467487 0.06607517609657769
0 0.5211880804953561 0.6169113751116834 0.03560371517027872 0.041296985060361
0 0.40431501547987614 0.618287941280362 0.0464396284829721 0.04955638207243336
0 0.4205688854489164 0.6279239044611129 0.03560371517027862 0.07984083778336488
0 0.2665441176470588 0.5384471034969972 0.10835913312693499 0.11563155816901123
0 0.2201044891640867 0.6389364338105427 0.03405572755417954 0.052309514409790966
0 0.16669891640866874 0.7311663671120158 0.029411764705882363 0.060568911421863034
0 0.033571981424148606 0.8302791312568825 0.06656346749226007 0.04955638207243336
0 0.021188080495356046 0.688492815882976 0.04489164086687307 0.10186589648222404
0 0.022736068111455118 0.7256601024373008 0.04798761609907121 0.07158144077129272
0 0.029702012383900935 0.4613593980509898 0.05263157894736844 0.1651879402414444
0 0.3958010835913313 0.5109157801234231 0.03560371517027856 0.044050117397718615
0 0.3478134674922601 0.7697102198350195 0.03250773993808052 0.04405011739771852
0 0.2084945820433437 0.9706888804621103 0.038699690402476776 0.07158144077129272
0 0.2177825077399381 0.753191425810875 0.038699690402476776 0.04955638207243317
0 0.22397445820433434 0.7972415432085934 0.013931888544891642 0.022025058698859165
0 0.2588041795665635 0.8041243740519871 0.015479876160990719 0.03579072038564636
0 0.13419117647058826 0.698128779063727 0.03250773993808052 0.05506264674714839
0 0.1899187306501548 0.6857396835456184 0.029411764705882335 0.030284455710931517
0 0.07149767801857587 0.7600742566542685 0.03715170278637772 0.057815779084505525
0 0.10477941176470588 0.739425764124088 0.029411764705882335 0.04405011739771852
0 0.014996130030959755 0.8619401531364927 0.020123839009287926 0.0412969850603612
0 0.0072561919504644 0.7820993153531277 0.017027863777089782 0.05230951440979068
0 0.33155959752321984 0.9679357481247528 0.03715170278637775 0.060568911421863034
0 0.34239551083591335 1.02437496104058 0.04953560371517026 0.046803249735075846
