0 0.07936320754716977 0.7988674496644291 0.06918238993710696 0.055928411633109396
0 0.19697327044025154 0.6489793064876955 0.05283018867924526 0.12304250559284104
0 0.0755896226415094 0.6456236017897089 0.03647798742138361 0.06263982102908265
0 0.22981278366111954 0.7697372929971875 0.04387291981845685 0.05112246037628586
0 0.34781580937972767 0.7280321279533755 0.03177004538577921 0.059194427804120486
0 0.4287537821482602 0.6230965513915259 0.06354009077155837 0.06457573942267655
0 0.46506240544629346 0.6890176187188416 0.04841149773071109 0.07264770685051128
0 0.41059947049924356 0.9284859857446008 0.03328290468986387 0.083410330087624
0 0.4567416792738275 0.8948527881286235 0.0438729198184569 0.07533836265978937
0 0.42421520423600606 0.8370036882291423 0.04841149773071098 0.045741148757729125
0 0.40379160363086236 0.8020251627085256 0.040847201210287426 0.04035983713917296
0 0.4090866111951589 0.7683919650925483 0.030257186081694445 0.06457573942267665
0 0.4340487897125568 0.7603199976647138 0.046898638426626324 0.05919442780412011
0 0.4355616490166414 0.7334134395719318 0.0317700453857791 0.04305049294845085
0 0.5180124810892587 0.7199601605255409 0.030257186081694445 0.03228786971133814
0 0.38034228441754914 0.8652555742265633 0.04841149773071098 0.06457573942267647
0 0.34554652042360057 0.6755643396724509 0.054462934947049936 0.05650377199484193
0 0.27292927382753407 0.7051615535745108 0.045385779122541665 0.07802901846906744
0 0.23888993948562784 1.0388028739250068 0.05295007564296522 0.06726639523195474
0 0.20106845688350983 0.9742271345023301 0.037821482602118 0.040359837139172766
0 0.15341338880484118 0.7751186046157439 0.04538577912254158 0.061885083613398575
0 0.4643059757942511 0.21546219628587954 0.06202723146747354 0.14798606951030066
0 0.15265695915279878 0.20739022885804514 0.0771558245083207 0.22332443217009007
0 0.19955559757942512 0.8168237696595558 0.03479576399394858 0.05919442780412011
0 0.3319307866868381 0.8531476230848114 0.02723146747352502 0.05112246037628567
0 0.32739220877458397 0.8396943440384205 0.02420574886535549 0.024215902283503888
0 0.5104481845688351 0.6701830280538942 0.0635400907715582 0.05650377199484202
