0 0.3720215582450832 0.8639102463219243 0.20726172465960666 0.153367381128857
0 0.38185514372163387 0.9513565601234655 0.08472012102874438 0.09148229751545862
0 0.3629444024205749 0.7697372929971874 0.09531013615733741 0.06188508361339838
0 0.4741395612708018 0.8006798348038865 0.054462934947049825 0.09148229751545862
0 0.09214258698941 0.8544929509894506 0.1074130105900151 0.0699570510412332
0 0.06566754916792739 0.9742271345023301 0.04538577912254161 0.06726639523195474
0 0.11180975794251134 0.9675004949791346 0.034795763993948535 0.05381311618556375
0 0.020281770045385786 0.38093752855648855 0.04236006051437216 0.06457573942267665
0 0.027089636913767045 0.6029166328219395 0.043872919818456875 0.051122460376285955
0 0.14509266263237522 0.3217431007523683 0.06505295007564296 0.09148229751545843
0 0.29184001512859303 1.1033786133476835 0.046898638426626324 0.083410330087624
0 0.31831505295007567 1.0764720552549016 0.03933434190620271 0.07264770685051128
0 0.29410930408472014 1.2056235341002548 0.054462934947049985 0.06726639523195474
