0 0.18972201210287443 1.1585370574378864 0.04841149773071103 0.1291514788453533
0 0.0 0.0 0.0 0.0
0 0.5036403177004539 0.13608784991217288 0.0438729198184569 0.07533836265978937
0 0.38715015128593044 0.23295145904618786 0.046898638426626324 0.05381311618556394
0 0.1942605900151286 0.137433177816812 0.04236006051437219 0.045741148757729125
0 0.22754349470499247 0.28810990313639084 0.054462934947049936 0.04574114875772931
0 0.13298978819969745 0.03518825706424067 0.03479576399394858 0.05112246037628567
0 0.27065998487140697 0.18048367076526306 0.03479576399394852 0.04035983713917293
0 0.3137764750378215 0.401117447126075 0.02420574886535549 0.05112246037628567
0 0.44615166414523444 0.32981506818020284 0.010590015128593033 0.02690655809278197
