0 0.14736195158850227 1.097997301729127 0.12708018154311645 0.09955426494329307
0 0.20106845688350983 1.0670547599224278 0.08320726172465961 0.08071967427834592
0 0.3115071860816944 0.9432845926956309 0.0499243570347958 0.07533836265978937
0 0.4295102118003026 0.7993345068992476 0.08623298033282903 0.12107951141751869
0 0.5316282148260212 0.8208597533734732 0.051437216338880404 0.08879164170618016
0 0.43783093797276856 1.1168318923940745 0.10287443267776097 0.153367381128857
0 0.33344364599092285 1.085889350587375 0.07866868381240542 0.08071967427834592
0 0.4189201966717095 0.9984430367858339 0.037821482602118 0.08879164170618035
0 0.4544723903177005 0.9675004949791346 0.05143721633888051 0.09686360913401498
0 0.3667265506807867 0.7979891789946084 0.03328290468986387 0.04305049294845085
0 0.489268154311649 0.6567297490075032 0.03630862329803334 0.04574114875772931
0 0.4665752647503782 0.7361040953812099 0.030257186081694337 0.037669181329894684
0 0.3515979576399395 0.4872184330229771 0.02420574886535549 0.04035983713917315
0 0.14357980332829048 0.8948527881286233 0.04387291981845685 0.0591944278041203
0 0.4264844931921331 0.6634563885306988 0.022692889561270725 0.04305049294845123
0 0.4446388048411497 0.5558301561595711 0.03479576399394858 0.03228786971133852
0 0.5119610438729199 0.5639021235874055 0.027231467473524913 0.06457573942267665
0 0.4045480332829046 0.39977211922143585 0.03933434190620277 0.05381311618556394
0 0.3848808623298033 0.33519637979875927 0.021180030257186067 0.04843180456700759
0 0.4385873676248109 0.3055991658966991 0.03479576399394852 0.05919442780412011
