0 0.13223335854765508 1.6563083821543523 0.1195158850226929 0.20448984150514288
0 0.4007658850226929 1.1275945156311873 0.03328290468986392 0.061885083613398575
0 0.24418494704992436 0.7051615535745108 0.05295007564296522 0.08879164170618055
0 0.10575832072617246 0.6419311420564733 0.05446293494704991 0.06457573942267675
0 0.04448751891074132 0.5961899932987439 0.049924357034795745 0.07533836265978937
0 0.1602212556732224 0.3701749053193757 0.05748865355521936 0.08610098589690227
0 0.11407904689863846 0.28945523104103 0.1195158850226929 0.08071967427834573
0 0.33949508320726174 0.18855563819309767 0.06202723146747354 0.0941729533247369
0 0.2956221633888048 0.34999498674978924 0.02874432677760968 0.029597213902060056
0 0.32361006051437213 0.526232942257511 0.03025718608169439 0.037669181329894684
0 0.29940431164901665 0.6311685188193604 0.024205748865355436 0.043050492948450945
0 0.3357129349470499 0.845075655656977 0.04841149773071103 0.07802901846906764
0 0.4295102118003025 0.7186148326209018 0.04236006051437213 0.051122460376285477
0 0.10500189107413012 0.7374494232858492 0.025718608169440244 0.061885083613398575
0 0.1390412254160363 0.6473124536750298 0.024205748865355516 0.03766918132989459
0 0.12693835098335857 0.7051615535745108 0.024205748865355516 0.0349785255206166
0 0.15568267776096825 0.7091975372884282 0.03328290468986387 0.04305049294845123
0 0.11937405446293495 0.38766416807968407 0.04236006051437216 0.05650377199484202
0 0.06037254160363087 0.33116039608484193 0.04841149773071103 0.06188508361339843
0 0.27898071104387295 0.08227473372660901 0.05597579425113464 0.06457573942267684
0 0.216197049924357 0.49663572835545083 0.01815431164901667 0.03228786971133814
0 0.2699035552193646 0.5221969585435937 0.025718608169440254 0.04574114875772931
0 0.3720215582450832 0.4925997446415335 0.02723146747352502 0.05112246037628586
0 0.4469080937972768 0.5760100747291576 0.01664145234493188 0.024215902283503506
0 0.47187027231467477 0.5733194189198793 0.021180030257186067 0.029597213902060056
0 0.451446671709531 0.6123339281544132 0.025718608169440254 0.03228786971133862
0 0.45749810892586984 0.44147728426524785 0.019667170953101464 0.02421590228350384
0 0.4574981089258699 0.4710744981673079 0.013615733736762564 0.029597213902060056
0 0.3243664901664146 0.5585208119688492 0.019667170953101408 0.037669181329894684
0 0.3584058245083207 0.51277966321112 0.021180030257186015 0.02690655809278197
0 0.3916887291981845 0.5571754840642102 0.01815431164901659 0.024215902283503506
0 0.2865450075642965 0.5934993374894658 0.013615733736762456 0.021525246474225424
0 0.3387386535552193 0.6594204048167815 0.018154311649016645 0.024215902283503413
0 0.1700548411497731 0.5343049096853456 0.0317700453857791 0.03228786971133814
0 0.1503876701966717 0.5006717120693681 0.016641452344931935 0.024215902283503506
