0 0.37202155824508315 0.36075760998690204 0.010590015128593087 0.024215902283503697
0 0.37126512859304084 0.21815285209515783 0.018154311649016645 0.024215902283503888
0 0.4643059757942512 0.23833277066474431 0.013615733736762456 0.03766918132989487
0 0.4696009833585477 0.31905244494309004 0.02420574886535549 0.032287869711338325
0 0.4537159606656581 0.30290851008742087 0.016641452344931827 0.02690655809278197
0 0.32739220877458397 0.34595900303587207 0.018154311649016697 0.02690655809278197
0 0.33420007564296517 0.32443375656164647 0.010590015128593033 0.01614393485566926
0 0.167785552193646 0.45493056331163884 0.019667170953101408 0.040359837139172766
0 0.17308055975794254 0.5894633537755485 0.0121028744326778 0.024215902283503888
0 0.17686270801815432 0.6029166328219394 0.01361573373676243 0.024215902283503603
0 0.1738369894099849 0.6230965513915259 0.010590015128593033 0.026906558092781876
0 0.4174073373676248 0.42667867731421777 0.019667170953101408 0.03228786971133857
