0 0.11332261724659606 1.1585370574378862 0.10136157337367625 0.1183888556082404
0 0.03314107413010593 1.0805080389688186 0.0438729198184569 0.05381311618556394
0 0.12542549167927383 0.8087518022317214 0.0499243570347958 0.06457573942267665
0 0.03011535552193648 0.8800541811775933 0.05900151285930407 0.08341033008762419
0 0.039948940998487156 0.8222050812781122 0.030257186081694445 0.03228786971133814
0 0.08306543116490167 0.6096432723451349 0.03479576399394852 0.06457573942267665
0 0.059616111951588516 0.48049179349978155 0.03328290468986387 0.02690655809278197
0 0.013473903177004573 0.7293774558580145 0.025718608169440254 0.051122460376285477
0 0.2782242813918306 0.8154784417549167 0.046898638426626324 0.08879164170618035
0 0.3523543872919819 0.9500112322188264 0.055975794251134595 0.07802901846906764
0 0.518768910741301 0.7186148326209019 0.040847201210287475 0.061885083613398575
0 0.4907810136157337 0.9419392647909918 0.03025718608169439 0.05650377199484202
0 0.41059947049924356 0.9728818065976911 0.03933434190620277 0.06457573942267665
0 0.22149205748865358 0.943284592695631 0.04538577912254164 0.06995705104123301
0 0.2608263993948563 0.9822991019301647 0.04236006051437213 0.06726639523195493
0 0.22149205748865355 1.026694922783255 0.03933434190620271 0.07533836265978937
0 0.3115071860816944 0.9957523809765557 0.04084720121028737 0.05112246037628567
0 0.29864788199697423 1.0912706622059314 0.054462934947049936 0.06457573942267665
0 0.03162821482602119 0.3634482657961802 0.05597579425113464 0.12107951141751869
