0 0.14206694402420578 0.7374494232858492 0.03479576399394858 0.08879164170618016
0 0.5407053706505295 0.8827448369868716 0.03933434190620271 0.09955426494329307
0 0.46052382753403936 0.7831905720435784 0.03630862329803329 0.07802901846906764
0 0.5180124810892587 0.7535933581415184 0.03630862329803329 0.04574114875772931
0 0.22905635400907717 0.8302770487059469 0.03630862329803329 0.06995705104123282
0 0.19955559757942515 0.6701830280538943 0.06807866868381236 0.06726639523195493
0 0.19199130105900156 0.5073983515925636 0.049924357034795745 0.07533836265978956
0 0.11937405446293498 0.34326834722659383 0.11649016641452345 0.09686360913401479
0 0.24494137670196675 0.24236875437866162 0.0499243570347958 0.06726639523195493
0 0.2956221633888049 1.084544022682736 0.045385779122541665 0.05112246037628567
0 0.39017586989409986 1.2163861573373675 0.052950075642965166 0.09955426494329325
0 0.1413105143721634 1.026694922783255 0.03630862329803329 0.07533836265978937
0 0.09668116490166417 1.0926159901105708 0.03177004538577913 0.045741148757729125
0 0.18064485627836618 1.1491197621054126 0.04538577912254158 0.06726639523195493
0 0.34252080181543115 0.7374494232858492 0.04538577912254161 0.051122460376285477
0 0.4090866111951589 0.7145788489069845 0.04236006051437219 0.05919442780412011
0 0.011204614220877492 0.7912625394714129 0.02118003025718609 0.05650377199484202
