0 0.37050869894099847 0.6015713049173003 0.12556732223903175 0.10224492075257134
0 0.5043967473524962 0.8208597533734732 0.08472012102874438 0.06726639523195474
0 0.37504727685325256 1.0051696763090294 0.06505295007564296 0.06457573942267665
0 0.36445726172465953 0.9392486089817137 0.049924357034795745 0.06188508361339838
0 0.024820347957639963 1.054946808780676 0.04538577912254161 0.06726639523195493
0 0.10197617246596069 1.0495654971621196 0.045385779122541596 0.04574114875772931
0 0.1375283661119516 1.0226589390693377 0.049924357034795745 0.03497852552061641
0 0.055833963691376734 0.5248876143528719 0.03328290468986384 0.03497852552061641
0 0.44010022692889567 0.694398930337398 0.021180030257186015 0.029597213902060243
0 0.4711138426626324 0.6271325351054432 0.019667170953101356 0.04574114875772931
0 0.4817038577912254 0.8504569672755332 0.022692889561270725 0.04035983713917296
0 0.4340487897125567 0.9742271345023301 0.036308623298033395 0.0349785255206166
0 0.30469931921331317 0.6298231909147214 0.025718608169440254 0.04035983713917286
0 0.27595499243570343 0.679600323386368 0.019667170953101356 0.02690655809278197
0 0.29335287443267777 1.5163942800718861 0.027231467473524968 0.048431804567007394
