0 0.33420007564296517 1.084544022682736 0.10438729198184568 0.11569819979896233
0 0.20863275340393345 1.1208678761079918 0.07110438729198186 0.07533836265978956
0 0.5361667927382753 0.8396943440384205 0.03933434190620271 0.051122460376285477
0 0.5066660363086233 0.8074064743270821 0.03782148260211805 0.05112246037628586
0 0.47792170953101365 0.4293693331234959 0.167927382753404 0.20448984150514268
0 0.03616679273827537 0.5840820421569922 0.07715582450832074 0.07802901846906744
0 0.08533472012102876 1.099342629633766 0.05748865355521934 0.08610098589690209
0 0.12920763993948564 1.2473286991440666 0.06656580937972768 0.07533836265978937
0 0.28125 0.8800541811775934 0.1074130105900151 0.11569819979896233
0 0.0860911497730711 0.7118881930977061 0.12556732223903175 0.13991410208246602
0 0.08911686838124054 0.8813995090822326 0.04387291981845685 0.08071967427834573
0 0.02255105900151287 1.069745415731706 0.040847201210287426 0.11300754398968424
0 0.3795858547655068 0.8935074602239843 0.040847201210287475 0.05650377199484222
0 0.3561365355521936 0.8948527881286235 0.03328290468986387 0.048431804567007394
0 0.451446671709531 0.8370036882291423 0.03328290468986387 0.045741148757729125
0 0.47867813918305596 0.8908168044147061 0.02723146747352502 0.06726639523195474
0 0.5043967473524962 0.8396943440384205 0.02420574886535549 0.051122460376285477
0 0.39849659606656584 0.7804999162343002 0.030257186081694337 0.05112246037628586
0 0.47187027231467477 0.49394507254617276 0.03479576399394863 0.06457573942267665
0 0.19652987897125568 0.2450594101879398 0.07413010590015123 0.09955426494329325
0 0.027089636913767028 0.4508945795977215 0.03479576399394852 0.06995705104123282
