0 0.20863275340393342 0.931176641553879 0.06807866868381239 0.07802901846906764
0 0.16551626323751892 0.47645580978586444 0.04841149773071103 0.04574114875772931
0 0.2555313918305598 0.37421088903329314 0.04387291981845695 0.06726639523195474
0 0.3515979576399395 0.4751104818812254 0.05748865355521936 0.06457573942267665
0 0.5149867624810892 0.886780820700789 0.054462934947049936 0.06995705104123301
0 0.5452439485627837 0.8598742626080069 0.03328290468986387 0.06457573942267665
0 0.40076588502269284 1.014586971641503 0.06807866868381245 0.07802901846906764
0 0.4839731467473524 0.9836444298348039 0.06505295007564296 0.08071967427834592
0 0.5051531770045385 0.7912625394714129 0.040847201210287475 0.05650377199484202
0 0.45295953101361575 0.749557374427601 0.030257186081694445 0.06457573942267665
0 0.40530446293494704 0.8383490161337814 0.0499243570347958 0.06457573942267665
0 0.3523543872919818 0.8074064743270821 0.03479576399394858 0.040359837139172766
0 0.35689296520423597 0.9096513950796535 0.03782148260211795 0.07264770685051128
0 0.3342000756429652 0.6567297490075035 0.0438729198184569 0.05650377199484193
0 0.29032715582450835 0.6446217978657515 0.04084720121028737 0.04305049294845123
0 0.28427571860816947 0.6109886002497739 0.02874432677760968 0.04574114875772931
0 0.27671142208774585 0.5867726979662704 0.0438729198184569 0.045741148757729215
0 0.24947995461422087 0.5544848282549321 0.031770045385779155 0.0349785255206166
0 0.18820915279878972 0.5356502375899845 0.033282904689863814 0.04574114875772931
0 0.10197617246596068 0.7172695047162628 0.030257186081694375 0.06457573942267665
0 0.12315620272314676 0.7145788489069845 0.042360060514372105 0.05919442780412011
0 0.18215771558245084 0.6459671257703905 0.03933434190620271 0.051122460376285477
0 0.2093891830559758 0.6782549954817289 0.03933434190620271 0.05112246037628586
0 0.243428517397882 0.6836363071002853 0.0408472012102874 0.05650377199484222
0 0.06566754916792739 0.8518022951801724 0.0423600605143722 0.06457573942267684
0 0.09289901664145236 0.986335085644082 0.03933434190620277 0.04843180456700759
0 0.01725605143721635 0.8706368858451197 0.03025718608169439 0.10224492075257154
0 0.02179462934947051 0.5410315492085411 0.04236006051437213 0.17489262760308272
0 0.047513237518910754 0.29080055894566914 0.09682299546142209 0.083410330087624
0 0.06415468986384268 0.09841866858227818 0.12405446293494704 0.19372721826802997
0 0.2759549924357035 0.2867645752317517 0.0635400907715582 0.06995705104123301
0 0.5278460665658093 0.16972104752815032 0.0438729198184569 0.0726477068505111
0 0.4476645234493192 0.6580750769121425 0.03479576399394847 0.059194427804120014
0 0.29486573373676256 0.9688458228837739 0.03479576399394852 0.07264770685051128
0 0.2782242813918306 0.986335085644082 0.040847201210287475 0.07533836265978956
0 0.16551626323751892 0.5504488445410147 0.015128593040847222 0.02690655809278197
