0 0.11710476550680787 1.3038324711389089 0.0635400907715582 0.08071967427834592
0 0.11332261724659609 0.8800541811775935 0.05295007564296521 0.07802901846906744
0 0.07474470499243571 0.75090270233224 0.04236006051437218 0.06188508361339838
0 0.17837556732223905 0.7952985231853305 0.05597579425113464 0.07533836265978937
0 0.17383698940998488 0.637895158342556 0.07110438729198186 0.05650377199484212
0 0.10197617246596068 0.5316142538760672 0.03933434190620277 0.07533836265978937
0 0.4158944780635401 0.6257872072008043 0.03782148260211805 0.04305049294845133
0 0.37353441754916794 0.999788364690473 0.04084720121028737 0.0591944278041203
0 0.33798222390317706 0.8760181974636762 0.030257186081694445 0.06995705104123282
0 0.43707450832072614 0.9728818065976911 0.03479576399394852 0.06995705104123301
0 0.47187027231467477 0.9311766415538791 0.03479576399394863 0.04574114875772931
0 0.4438823751891074 0.8666009021312024 0.04841149773071109 0.051122460376285477
0 0.44766452344931923 0.3970814634121578 0.040847201210287475 0.11300754398968405
0 0.18518343419062028 0.23160613114154882 0.060514372163388834 0.07264770685051128
0 0.3561365355521936 1.1545010737239692 0.02723146747352502 0.04574114875772931
