0 0.19353070175438597 0.2654281467090545 0.1842105263157895 0.18461281839946628
0 0.39089912280701755 0.26932841752031084 0.1111111111111111 0.12480866596020244
0 0.39163011695906436 0.7295603732485576 0.054093567251461944 0.07280505514345144
0 0.4566885964912281 0.7230599218964637 0.04093567251461987 0.059804152439263646
0 0.504203216374269 0.7698631716315397 0.048245614035087724 0.0650045135209388
0 0.5290570175438597 0.7204597413556261 0.033625730994152114 0.04420306919423836
0 0.5210160818713451 0.5644489089053731 0.03508771929824565 0.09100631892931421
0 0.5158991228070176 0.45524132619019575 0.048245614035087724 0.1170081243376898
0 0.3601973684210526 0.18872282075434674 0.0614035087719298 0.05200361081675103
0 0.3982090643274854 0.0405125299266063 0.07017543859649124 0.07280505514345144
0 0.08241959064327484 0.6411542348600807 0.03508771929824562 0.05720397189842616
0 0.0933845029239766 0.7295603732485577 0.054093567251462 0.046803249735075846
0 0.1197002923976608 0.7867643451469838 0.039473684210526314 0.07280505514345144
0 0.05025584795321637 0.6996582970289259 0.046783625730994184 0.049403430275913325
0 0.04733187134502923 0.7295603732485577 0.040935672514619895 0.05200361081675081
0 0.28636695906432746 0.8413681365045725 0.06871345029239771 0.07280505514345144
0 0.26516812865497075 0.9739773440872875 0.04093567251461987 0.05720397189842616
0 0.22496345029239767 1.0688839338278582 0.054093567251461944 0.059804152439263646
0 0.09923245614035088 0.9479755386789122 0.051169590643274844 0.06240433298010132
0 0.3682383040935673 0.966176802464775 0.04239766081871345 0.07800541622512641
0 0.38943713450292394 0.994778788413988 0.035087719298245536 0.05720397189842616
0 0.4508406432748538 0.9388749067859806 0.05847953216374269 0.059804152439263646
0 0.3821271929824562 0.8959719278621611 0.04093567251461992 0.052003610816751
0 0.44133771929824567 0.8998721986734174 0.03362573099415201 0.059804152439263646
0 0.4369517543859649 0.8179665116370344 0.02777777777777779 0.04160288865340088
0 0.21472953216374266 0.651554957023431 0.04239766081871345 0.07800541622512679
0 0.015168128654970754 0.6671560402684564 0.0321637426900585 0.05200361081675119
