0 0.4158944780635401 0.7912625394714129 0.07715582450832066 0.07264770685051128
0 0.40303517397881994 0.7657013092832702 0.04841149773071109 0.06995705104123282
0 0.36294440242057485 0.8935074602239843 0.04084720121028753 0.05650377199484222
0 0.386393721633888 0.9701911507884129 0.05446293494704988 0.07533836265978937
0 0.319071482602118 0.8746728695590369 0.04689863842662621 0.07264770685051128
0 0.205607034795764 0.8047158185178038 0.07413010590015123 0.083410330087624
0 0.1564391074130106 0.9634645112652174 0.05748865355521936 0.06188508361339838
0 0.10273260211800303 0.9150327066982099 0.05900151285930412 0.08879164170618035
0 0.10651475037821483 0.9002340997471798 0.045385779122541554 0.04305049294845123
0 0.09441187594553706 0.7724279488064656 0.06354009077155826 0.05650377199484202
0 0.1261819213313162 0.7307227837626535 0.05748865355521936 0.06457573942267665
0 0.15416981845688352 0.6728736838631726 0.037821482602118 0.051122460376285386
0 0.07701399394856277 1.2432927154301494 0.10438729198184568 0.16413000436596992
0 0.49531959152798793 0.6473124536750298 0.054462934947049936 0.09148229751545862
0 0.5414618003025718 0.48990908883225526 0.03782148260211795 0.083410330087624
0 0.05053895612708019 0.033842929159601624 0.05143721633888051 0.05381311618556375
