0 0.20106845688350983 0.07285743839413535 0.019667170953101384 0.024215902283503697
0 0.27671142208774585 0.0782387500126918 0.022692889561270777 0.0349785255206166
0 0.30167360060514375 0.18451965447918034 0.027231467473524968 0.032287869711338305
0 0.3538672465960665 0.12667055457969928 0.022692889561270833 0.03497852552061641
0 0.39698373676248117 0.04998686401527069 0.027231467473524968 0.021525246474225615
0 0.3833680030257186 0.2988725263735036 0.021180030257186067 0.0349785255206166
0 0.3765601361573373 0.36613892160545847 0.019667170953101356 0.024215902283503888
0 0.37126512859304084 0.39708146341215766 0.018154311649016645 0.026906558092781734
0 0.3629444024205749 0.4401319563606087 0.019667170953101304 0.032287869711338325
0 0.3909322995461422 0.42533334940957873 0.0242057488653556 0.018834590664947342
0 0.44615166414523444 0.4199520377910222 0.01664145234493188 0.018834590664947436
0 0.443125945537065 0.34999498674978935 0.022692889561270725 0.04035983713917296
0 0.5331410741301059 0.2665846566621653 0.021180030257186067 0.03497852552061641
0 0.4991017397881997 0.19931826143021047 0.013615733736762456 0.0349785255206166
0 0.5074224659606656 0.16030375219567666 0.02420574886535549 0.02690655809278178
0 0.49002458396369136 0.1307065382936165 0.01664145234493188 0.037669181329894684
0 0.5391925113464449 0.09169202905908269 0.027231467473524913 0.04035983713917296
0 0.5127174735249621 0.045950880301353476 0.019667170953101408 0.0349785255206166
0 0.4953195915279879 0.023080305922488817 0.027231467473524913 0.03228786971133814
0 0.5444875189107413 0.020389650113210735 0.01664145234493188 0.02690655809278197
