0 0.06037254160363087 0.30290851008742087 0.08018154311649013 0.06457573942267665
0 0.04751323751891076 0.625787207200804 0.06354009077155824 0.0591944278041203
0 0.12542549167927383 0.5329595817807063 0.031770045385779155 0.04035983713917296
0 0.15416981845688352 0.5073983515925637 0.037821482602118 0.037669181329894684
0 0.19501701966717094 0.4603118749301952 0.03782148260211798 0.06726639523195474
0 0.1503876701966717 0.4253333494095787 0.03025718608169439 0.045741148757729125
0 0.08609114977307109 0.36613892160545847 0.046898638426626324 0.06726639523195474
0 0.02103819969742816 0.2033542451441278 0.034795763993948584 0.048431804567007394
0 0.021038199697428143 0.10783596391475185 0.02874432677760965 0.06726639523195474
0 0.2373770801815431 0.03384292915960153 0.059001512859304016 0.048431804567007394
0 0.3810987140695915 0.028461617541045175 0.0438729198184569 0.04305049294845085
0 0.4022787443267777 0.12801588248433832 0.037821482602118 0.05381311618556375
0 0.4711138426626324 0.029806945445684407 0.027231467473524913 0.04574114875772931
0 0.3879065809379728 0.27062064037608263 0.030257186081694445 0.04305049294845104
0 0.43631807866868383 0.24102342647402247 0.02420574886535549 0.0699570510412332
