0 0.4567416792738275 0.47107449816730795 0.12556732223903175 0.0941729533247369
0 0.46279311649016636 0.6311685188193605 0.0438729198184569 0.12377016722679715
0 0.5157431921331316 0.7818452441389393 0.046898638426626324 0.07533836265978937
0 0.37126512859304084 1.0078603321183075 0.051437216338880404 0.07533836265978937
0 0.37656013615733736 0.7831905720435783 0.04084720121028737 0.08879164170618035
0 0.30016074130105896 0.8477663114662549 0.05748865355521936 0.08879164170618035
0 0.15946482602118006 0.6405858141518341 0.11497730711043871 0.16413000436596992
0 0.12845121028744327 0.7468667186183229 0.052950075642965166 0.06995705104123282
0 0.09970688350983359 0.8706368858451197 0.18910741301058998 0.12377016722679696
0 0.16173411497730714 1.0172776274507813 0.08018154311649013 0.06188508361339838
0 0.08306543116490167 1.0979973017291271 0.09531013615733741 0.083410330087624
0 0.297891452344932 1.0468748413528415 0.04084720121028737 0.05112246037628567
0 0.06869326777609683 0.8262410649920295 0.04236006051437213 0.05112246037628586
0 0.05659039334341906 0.8141331138502775 0.027231467473524968 0.048431804567007394
0 0.05659039334341906 0.7522480302368791 0.033282904689863814 0.05919442780412011
0 0.01952534039334342 0.8208597533734732 0.0317700453857791 0.051122460376285477
0 0.011961043872919835 0.5437222050178193 0.022692889561270777 0.07802901846906764
