0 0.29864788199697423 1.0509108250667587 0.054462934947049936 0.07533836265978956
0 0.33268721633888054 1.0818533668734578 0.040847201210287475 0.06726639523195474
0 0.39395801815431164 0.9836444298348039 0.054462934947049985 0.08071967427834592
0 0.42724092284417553 0.9970977088811948 0.06656580937972778 0.08071967427834592
0 0.42572806354009074 0.873327541654398 0.03630862329803329 0.06457573942267647
0 0.45976739788199694 0.7858812278528567 0.031770045385779155 0.05650377199484202
0 0.19728630862329805 0.984989757739443 0.09379727685325265 0.10493557656184961
0 0.3092378971255674 0.4199520377910224 0.16641452344931923 0.15874869274741338
0 0.18291414523449318 0.3984267913167968 0.05597579425113464 0.21794312055153386
0 0.1276947806354009 0.36613892160545847 0.054462934947049936 0.13184213465463143
0 0.10348903177004541 0.5262329422575108 0.07261724659606658 0.06457573942267665
0 0.13450264750378216 0.5396862213039021 0.04387291981845685 0.06457573942267665
0 0.06491111951588505 0.3055991658966991 0.037821482602118005 0.07533836265978937
0 0.08987329803328292 0.4522399075023606 0.033282904689863876 0.045741148757729264
0 0.036166792738275354 0.44954925169308235 0.025718608169440254 0.05112246037628567
0 0.03465393343419064 0.5208516306389546 0.049924357034795745 0.06457573942267647
0 0.1450926626323752 0.7091975372884282 0.05597579425113464 0.06995705104123282
0 0.1640034039334342 0.8074064743270821 0.04538577912254161 0.08879164170618055
0 0.0845782904689864 0.8800541811775935 0.05900151285930406 0.05650377199484202
0 0.36294440242057485 0.8262410649920295 0.04084720121028753 0.05112246037628586
0 0.3886630105900151 0.874672869559037 0.04387291981845695 0.045741148757729125
0 0.35538010590015123 0.9849897577394429 0.040847201210287426 0.07264770685051128
0 0.18291414523449323 1.084544022682736 0.02874432677760968 0.07264770685051128
0 0.23056921331316188 1.1060692691569616 0.04841149773071103 0.05650377199484222
0 0.030115355521936494 0.8652555742265634 0.04992435703479577 0.07533836265978956
0 0.015743192133131627 0.6284778630100821 0.03630862329803326 0.02690655809278197
0 0.03843608169440245 0.6540390931982252 0.03630862329803329 0.051122460376285386
0 0.01574319213313164 0.6015713049173003 0.027231467473524968 0.06457573942267665
0 0.025576777609682307 0.38766416807968407 0.03782148260211798 0.05650377199484202
0 0.03541036308623298 0.26792998456680434 0.03328290468986384 0.0591944278041203
0 0.016499621785174008 0.23429678695082698 0.022692889561270805 0.09955426494329307
0 0.5021274583963691 0.7428307349044055 0.013615733736762456 0.05112246037628586
0 0.4998581694402421 0.9002340997471798 0.030257186081694445 0.04305049294845123
0 0.5119610438729199 0.874672869559037 0.02723146747352502 0.045741148757729125
0 0.5172560514372163 0.8396943440384204 0.03782148260211805 0.04035983713917296
