0 0.5021274583963691 0.6217512234868868 0.09531013615733741 0.07802901846906744
0 0.22527420574886536 0.5800460584430749 0.037821482602118 0.09686360913401527
0 0.12239977307110438 0.6217512234868867 0.043872919818456875 0.061885083613398284
0 0.06793683812405449 0.6150245839636914 0.059001512859304064 0.06457573942267675
0 0.1292076399394856 0.7401400790951275 0.05748865355521936 0.07264770685051128
0 0.2071198940998487 1.0993426296337663 0.06807866868381239 0.1183888556082406
0 0.13525907715582453 1.0159322995461422 0.05748865355521934 0.05919442780412011
0 0.09743759455370651 0.9392486089817137 0.05748865355521936 0.0726477068505111
0 0.15038767019667174 0.901579427651819 0.03933434190620271 0.06188508361339838
0 0.09138615733736764 0.8370036882291423 0.04236006051437219 0.06726639523195493
0 0.18820915279878972 0.7482120465229619 0.033282904689863814 0.05650377199484222
0 0.30243003025718607 0.6701830280538943 0.040847201210287475 0.07264770685051128
0 0.3901758698940998 0.8921621323193453 0.046898638426626324 0.07533836265978937
0 0.4227023449319214 0.904270083461097 0.04538577912254161 0.05112246037628567
0 0.45825453857791226 0.9311766415538791 0.040847201210287475 0.083410330087624
0 0.5051531770045385 0.8652555742265633 0.040847201210287475 0.06457573942267647
0 0.5407053706505296 0.7280321279533756 0.042360060514372244 0.08610098589690209
0 0.5157431921331316 0.7145788489069845 0.040847201210287475 0.0699570510412332
0 0.5338975037821482 0.5827367142523531 0.0438729198184569 0.037669181329894684
0 0.5482696671709532 0.6217512234868867 0.02420574886535549 0.06726639523195493
0 0.5089353252647504 0.5006717120693681 0.03328290468986387 0.05112246037628586
0 0.4045480332829047 0.7441760628090446 0.030257186081694445 0.07533836265978937
0 0.5104481845688351 0.37152023322401484 0.030257186081694445 0.05650377199484202
0 0.5520518154311649 0.3674842495100975 0.019667170953101408 0.048431804567007394
0 0.5021274583963692 0.23833277066474431 0.025718608169440254 0.04305049294845104
0 0.46657526475037825 0.08362006163124816 0.0242057488653556 0.05112246037628586
0 0.06491111951588503 0.4118800703631877 0.022692889561270826 0.05112246037628567
