0 0.14736195158850227 0.5410315492085409 0.057488653555219385 0.05650377199484202
0 0.40829402515723257 0.13891219239373587 0.042767295597484316 0.09172259507829972
0 0.47370283018867926 0.06732382550335542 0.1232704402515724 0.0872483221476512
0 0.46175314465408795 0.18141778523489904 0.04654088050314458 0.0648769574944071
0 0.5164701257861635 0.17358780760626366 0.027672955974842695 0.053691275167785234
0 0.5334512578616352 0.27202181208053666 0.028930817610062963 0.05816554809843394
0 0.312067610062893 0.7608361297539146 0.018867924528301886 0.029082774049217067
0 0.21898584905660373 0.7608361297539146 0.03144654088050315 0.029082774049217067
0 0.412067610062893 0.4386884787472034 0.017610062893081778 0.029082774049217067
0 0.054321104387292 0.7118881930977063 0.02874432677760968 0.037669181329894684
