0 0.262339258698941 0.29080055894566914 0.045385779122541554 0.06726639523195474
0 0.2282999243570348 0.16703039171887216 0.08018154311649013 0.083410330087624
0 0.19350416036308626 0.46300253073947345 0.046898638426626324 0.05112246037628586
0 0.16249054462934948 0.23967809856938344 0.05143721633888051 0.05650377199484202
0 0.0520518154311649 0.6015713049173003 0.03933434190620271 0.10224492075257134
0 0.308481467473525 0.6567297490075035 0.019667170953101304 0.05650377199484193
0 0.5119610438729199 0.11725325924722552 0.054462934947049936 0.048431804567007394
0 0.5452439485627837 0.06747612677557908 0.03328290468986387 0.083410330087624
0 0.3689958396369138 0.03787891287351885 -0.046898638426626324 -0.05112246037628586
0 0.042218229954614224 0.1549224405771202 0.06202723146747349 0.166820660175248
0 0.5180124810892587 0.46434785864411254 0.02420574886535549 0.03228786971133852
0 0.5225510590015128 0.5100890074018418 0.021180030257186174 0.03228786971133852
0 0.5528082450832073 0.5302689259714283 0.021180030257186174 0.045741148757729125
0 0.554321104387292 0.331160396084842 0.015128593040847222 0.03497852552061641
0 0.021038199697428157 0.48318244930905985 0.022692889561270777 0.05919442780412011
0 0.06718040847201212 0.1751023591467067 0.075642965204236 0.10493557656184961
