0 0.5157431921331316 0.3647935937008193 0.040847201210287475 0.08071967427834573
0 0.34025151285930405 0.3136711333245336 0.05900151285930412 0.06457573942267665
0 0.346302950075643 1.1612277132471647 0.046898638426626324 0.06995705104123301
0 0.43156446540880494 0.06061241610738236 0.016352201257861562 0.024608501118568354
0 0.45357704402515714 0.032648210290827234 0.02012578616352205 0.040268456375838924
0 0.4504323899371069 0.0885766219239372 0.011320754716981185 0.0223713646532439
0 0.47873427672955965 0.0617309843400444 0.012578616352201186 0.017897091722595397
0 0.5038915094339623 0.08298378076062626 0.012578616352201186 0.03355704697986576
0 0.4944575471698113 0.1758249440715881 0.016352201257861562 0.03131991051454151
0 0.48187893081760996 0.11654082774049196 0.021383647798742102 0.0425055928411634
0 0.49948899371069183 0.2283976510067111 0.011320754716981131 0.029082774049217067
0 0.4856525157232704 0.192603467561521 0.016352201257861777 0.02460850111856836
0 0.5070361635220125 0.13331935123042482 0.016352201257861562 0.031319910514541326
