0 0.11105332829046899 0.8854354927961497 0.036308623298033235 0.05650377199484202
0 0.056590393343419074 0.886780820700789 0.045385779122541624 0.06995705104123301
0 0.12239977307110439 0.36613892160545836 0.09833585476550684 0.07802901846906764
0 0.09365544629349473 0.3338510518941202 0.07413010590015129 0.05112246037628586
0 0.3848808623298033 0.5073983515925635 0.13313161875945537 0.16143934855669145
0 0.45522881996974285 0.34999498674978924 0.07413010590015123 0.083410330087624
0 0.18442700453857788 0.7885718836621348 0.019667170953101356 0.061885083613398194
0 0.3848808623298033 1.154501073723969 0.0574886535552193 0.07802901846906764
0 0.2116584720121029 0.5706287631106012 0.022692889561270805 0.04035983713917305
0 0.22224848714069592 0.6419311420564733 0.022692889561270777 0.026906558092781686
0 0.2487235249621785 0.7401400790951272 0.02420574886535549 0.04574114875772931
0 0.22300491679273826 0.7441760628090446 0.01512859304084714 0.04843180456700759
0 0.23283850226928895 0.7778092604250222 0.01664145234493188 0.018834590664947342
