0 0.3077250378214826 1.4975596894069385 0.13010590015128592 0.22601508797936828
0 0.4817038577912254 1.0199682832600596 0.075642965204236 0.09955426494329325
0 0.4733831316187595 0.9917163972626385 0.09833585476550684 0.07533836265978937
0 0.5051531770045385 0.8289317208013077 0.040847201210287475 0.04574114875772931
0 0.4658188350983359 0.6943989303373979 0.03782148260211795 0.083410330087624
0 0.41362518910741297 0.4387866284559696 0.06959152798789715 0.09417295332473671
0 0.3031864599092285 0.7751186046157438 0.051437216338880404 0.07802901846906783
0 0.23888993948562787 0.6567297490075032 0.03177004538577913 0.04574114875772931
0 0.21014561270801815 0.6473124536750298 0.03479576399394858 0.03766918132989459
0 0.17383698940998485 0.6863269629095635 0.037821482602118 0.05112246037628586
0 0.18442700453857794 0.6244418792961652 0.0317700453857791 0.04574114875772941
0 0.16854198184568836 0.6284778630100823 0.021180030257186122 0.03766918132989487
0 0.09895045385779122 0.5033623678786463 0.05748865355521936 0.05650377199484202
0 0.08911686838124058 0.625787207200804 0.046898638426626324 0.032287869711338235
0 0.06491111951588503 0.6352045025332776 0.04387291981845692 0.04035983713917296
0 0.04751323751891074 0.6513484373889471 0.04538577912254161 0.045741148757729215
0 0.058103252647503774 0.5961899932987441 0.03025718608169439 0.048431804567007394
0 0.08230900151285933 0.6796003233863679 0.048411497730711045 0.05381311618556394
0 0.14357980332829048 0.7253414721440974 0.025718608169440202 0.02690655809278178
0 0.10348903177004543 0.7616653255693528 0.03630862329803329 0.05112246037628586
0 0.13752836611195157 0.7657013092832702 0.037821482602118 0.04305049294845123
0 0.1261819213313162 0.8773635253683153 0.07866868381240541 0.05112246037628567
0 0.13525907715582453 0.9311766415538791 0.03328290468986387 0.05650377199484202
0 0.11786119515885023 1.071090743636345 0.05597579425113464 0.05112246037628567
0 0.08533472012102875 0.8491116393708942 0.03025718608169439 0.04305049294845123
0 0.016499621785173994 0.8248957370873905 0.0317700453857791 0.05919442780412011
0 0.009691754916792755 0.7038162256698716 0.021180030257186094 0.06457573942267665
0 0.4128687594553706 0.9392486089817136 0.0438729198184569 0.05112246037628567
0 0.4310230711043873 0.902924755556458 0.02874432677760973 0.037669181329894684
0 0.4272409228441755 0.861219590512646 0.027231467473524968 0.045741148757729506
0 0.5089353252647504 0.2813832636131954 0.03933434190620271 0.0591944278041203
0 0.2260306354009077 0.5571754840642101 0.03025718608169439 0.05112246037628586
0 0.29410930408472014 1.2136955015280892 0.04841149773071098 0.06188508361339838
0 0.3750472768532526 1.0603281203992323 0.04387291981845679 0.05650377199484222
0 0.3818551437216338 1.1356664830590217 0.03025718608169439 0.07264770685051128
0 0.41665090771558244 1.112795908680157 0.03328290468986376 0.07533836265978937
0 0.41589447806354 1.0522561529713979 0.049924357034795745 0.07264770685051128
