0 0.18064485627836613 0.5491035166363757 0.04236006051437213 0.0834103300876239
0 0.18972201210287443 0.36075760998690204 0.04538577912254161 0.06188508361339838
0 0.28805786686838125 0.23160613114154882 0.045385779122541554 0.05112246037628586
0 0.28200642965204237 0.5154703190203982 0.03328290468986387 0.04305049294845123
0 0.36294440242057485 0.49394507254617276 0.025718608169440254 0.06457573942267665
0 0.39698373676248105 0.570628763110601 0.021180030257186067 0.03497852552061641
0 0.42572806354009074 0.5988806491080222 0.024205748865355543 0.03228786971133814
0 0.45144667170953096 0.5100890074018418 0.021180030257186067 0.03228786971133852
0 0.5036403177004539 0.5894633537755485 0.022692889561270833 0.04035983713917305
0 0.5293589258698941 0.4778011376905035 0.019667170953101408 0.03228786971133814
0 0.4953195915279879 0.43878662845596966 0.021180030257186067 0.029597213902060243
0 0.3576493948562784 0.3634482657961803 0.02420574886535549 0.06188508361339838
0 0.4378309379727685 0.6271325351054432 0.027231467473524913 0.051122460376285477
0 0.4696009833585477 0.5908086816801877 0.02420574886535549 0.03766918132989459
0 0.2071198940998487 0.7253414721440972 0.025718608169440254 0.037669181329894684
0 0.2018248865355522 0.5988806491080222 0.021180030257186094 0.03228786971133814
