0 0.21241490166414523 0.9002340997471798 0.11497730711043877 0.10762623237112788
0 0.3440336611195159 0.7482120465229619 0.09077155824508311 0.11031688818040578
0 0.38488086232980334 0.9459752485049091 0.07866868381240542 0.08071967427834592
0 0.41967662632375186 0.901579427651819 0.08472012102874427 0.083410330087624
0 0.03162821482602119 1.110105252870879 0.06202723146747349 0.08071967427834573
0 0.060372541603630876 1.0778173831595406 0.052950075642965236 0.04305049294845104
0 0.48472957639939485 0.8881261486054279 0.027231467473524913 0.03497852552061641
0 0.5119610438729199 0.8827448369868716 0.03328290468986387 0.04574114875772931
0 0.5391925113464447 0.8773635253683153 0.03328290468986376 0.05112246037628567
0 0.5127174735249621 0.8410396719430595 0.019667170953101408 0.02690655809278197
0 0.5134739031770045 0.12263457086578189 0.10287443267776092 0.166820660175248
0 0.3425208018154312 0.16299440800495485 0.06656580937972763 0.19910852988658614
0 0.08230900151285932 0.12936121038897747 0.03933434190620277 0.06726639523195474
