0 0.40833018154311645 0.889471476510067 0.06505295007564296 0.08610098589690227
0 0.37202155824508326 1.0038243484043903 0.040847201210287426 0.09955426494329307
0 0.0596161119515885 0.8396943440384205 0.08169440242057488 0.06726639523195474
0 0.06718040847201212 0.8652555742265633 0.06959152798789715 0.06457573942267647
0 0.11029689863842662 0.5047076957832853 0.031770045385779114 0.06995705104123301
0 0.06869326777609683 0.39035482388896214 0.07866868381240542 0.07264770685051128
0 0.014230332829046916 0.695744258242037 0.030257186081694417 0.04843180456700759
0 0.012717473524962204 0.9822991019301647 0.027231467473524992 0.08879164170618035
0 0.10424546142208777 0.9917163972626384 0.040847201210287426 0.0591944278041203
0 0.36672655068078663 1.1329758272497437 0.054462934947049936 0.083410330087624
0 0.43556164901664146 1.0872346784920142 0.08623298033282903 0.06726639523195493
0 0.4340487897125567 0.9661551670744954 0.055975794251134595 0.083410330087624
0 0.3614315431164902 1.0468748413528413 0.0317700453857791 0.06726639523195493
0 0.2789807110438729 1.1141412365847962 0.0635400907715582 0.06726639523195474
0 0.3152893343419062 0.2733112961853608 0.03328290468986376 0.048431804567007394
0 0.35084152798789714 0.07958407791733085 0.028744326777609623 0.04305049294845123
