0 0.015743192133131627 0.9849897577394429 0.03328290468986384 0.09417295332473671
0 0.19879916792738275 0.18048367076526303 0.04841149773071106 0.05112246037628567
0 0.319071482602118 0.12263457086578189 0.04689863842662621 0.06457573942267664
0 0.01498676248108927 0.12397989877042104 0.03479576399394855 0.06726639523195492
0 0.029358925869894123 0.28541924732711277 0.03630862329803329 0.05650377199484202
0 0.08457829046898639 0.29618187056422546 0.02874432677760968 0.040359837139172766
0 0.07777042360060515 0.32981506818020284 0.030257186081694445 0.02690655809278197
0 0.1072711800302572 0.35134031465442844 0.022692889561270777 0.037669181329894684
0 0.073231845688351 0.4199520377910224 0.027231467473524982 0.04574114875772931
0 0.14357980332829048 0.37690154484257127 0.031770045385779155 0.03497852552061641
0 0.17459341906202724 0.4172613819817442 0.03025718608169439 0.0349785255206166
0 0.21997919818456882 0.3123258054198945 0.027231467473524913 0.04574114875772931
0 0.25931354009077157 0.28810990313639084 0.02420574886535549 0.040359837139172766
0 0.2646085476550681 0.3621029378915412 0.03479576399394852 0.037669181329894684
0 0.22905635400907715 0.3957361355075186 0.027231467473524913 0.04035983713917296
0 0.30016074130105896 0.6284778630100823 0.03630862329803329 0.07533836265978947
0 0.2865450075642965 0.401117447126075 0.0242057488653556 0.045741148757729125
0 0.3531108169440242 0.38631884017504486 0.027231467473524968 0.037669181329894684
0 0.3553801059001513 0.5006717120693681 0.019667170953101304 0.040359837139172766
0 0.4053044629349471 0.5154703190203982 0.025718608169440254 0.03228786971133814
0 0.3924451588502269 0.359412282082263 0.02420574886535549 0.032287869711338325
0 0.541461800302572 0.6540390931982251 0.04387291981845701 0.07802901846906783
