0 0.45069024205748864 0.41188007036318774 0.040847201210287426 0.0726477068505111
0 0.3508415279878971 0.7051615535745108 0.016641452344931987 0.040359837139172766
0 0.38488086232980334 0.70650688147915 0.02420574886535549 0.02690655809278178
0 0.4272409228441755 0.5289235980667891 0.021180030257186067 0.03228786971133852
0 0.35084152798789714 0.5114343353064809 0.025718608169440254 0.05112246037628586
0 0.2835192889561271 0.34326834722659383 0.030257186081694445 0.05919442780412011
0 0.073231845688351 0.3728655611286539 0.0695915279878971 0.10224492075257134
0 0.22905635400907717 0.17375703124206754 0.03630862329803329 0.06457573942267665
0 0.07852685325264752 0.1899009660977367 0.07413010590015129 0.06995705104123301
0 0.08382186081694404 0.5612114677781276 0.03025718608169439 0.03228786971133814
0 0.06566754916792741 0.5800460584430748 0.03630862329803329 0.059194427804120396
0 0.10424546142208775 0.6257872072008043 0.019667170953101356 0.04305049294845133
0 0.167785552193646 0.6567297490075032 0.03782148260211805 0.04574114875772931
0 0.272929273827534 0.637895158342556 0.03025718608169439 0.03497852552061641
0 0.3954708774583964 0.6634563885306989 0.024205748865355436 0.03228786971133804
0 0.44161308623298035 0.5719740910152402 0.019667170953101304 0.03766918132989478
0 0.37656013615733736 0.6123339281544132 0.01361573373676251 0.03228786971133862
0 0.3553801059001513 0.6567297490075032 0.019667170953101304 0.029597213902060056
0 0.19652987897125568 0.49394507254617276 0.04084720121028745 0.06457573942267665
0 0.021038199697428157 0.5585208119688494 0.019667170953101356 0.02690655809278197
0 0.01120461422087748 0.6836363071002852 0.018154311649016645 0.04574114875772931
0 0.21619704992435704 0.7522480302368791 0.022692889561270833 0.03228786971133852
0 0.042218229954614224 0.7011255698605936 0.019667170953101356 0.03228786971133814
0 0.039948940998487156 0.7401400790951275 0.03933434190620271 0.05650377199484202
