0 0.5096917549167927 0.3257790844662855 0.10438729198184568 0.19641787407730804
0 0.346302950075643 0.10110932439155647 0.0953101361573373 0.17220197179380417
0 0.27746785173978816 0.4872184330229771 0.06051437216338878 0.051122460376285477
0 0.2562878214826021 0.6352045025332779 0.05143721633888049 0.061885083613398575
0 0.3523543872919818 0.33250572398948103 0.040847201210287475 0.04305049294845104
0 0.16249054462934948 0.4616572028348342 0.03933434190620271 0.048431804567007394
0 0.06869326777609684 0.3015631821827818 0.03933434190620271 0.04035983713917296
0 0.1503876701966717 0.18048367076526314 0.03025718608169439 0.0349785255206166
0 0.4446388048411498 0.20604490095340586 0.052950075642965166 0.06457573942267665
0 0.5134739031770045 0.1199439150565037 0.05143721633888051 0.06995705104123301
0 0.4302666414523449 0.16164908010031578 0.027231467473524913 0.0349785255206166
0 0.3954708774583964 0.18855563819309779 0.030257186081694445 0.04574114875772931
0 0.37656013615733736 0.2114262125719623 0.025718608169440146 0.05381311618556375
0 0.28805786686838125 0.32039777284772913 0.03328290468986392 0.05650377199484202
0 0.32739220877458397 0.2719659682807218 0.030257186081694337 0.04574114875772931
0 0.07181603773584902 0.571798098434004 0.03647798742138362 0.06711409395973154
0 0.1403694968553459 0.3794043624161071 0.02767295597484275 0.031319910514541326
0 0.2850235849056603 0.4230285234899327 0.027672955974842803 0.03355704697986577
0 0.4070361635220125 0.338017337807606 0.03018867924528302 0.05145413870246079
0 0.39823113207547156 0.28544463087248306 0.03018867924528302 0.04026845637583897
0 0.3246462264150943 0.21385626398210267 0.03144654088050318 0.03579418344519022
0 0.4246462264150943 0.07179809843400423 0.02767295597484275 0.042505592841163564
0 0.4705581761006288 0.05725671140939578 0.03647798742138367 0.05816554809843413
0 0.4454009433962264 0.448755592841163 0.03647798742138361 0.053691275167785234
0 0.41080974842767287 0.430858501118568 0.02767295597484275 0.04921700223713634
0 0.3655267295597483 0.4140799776286351 0.020125786163521942 0.03355704697986577
0 0.37307389937106916 0.4521112975391495 0.027672955974842643 0.04697986577181213
0 0.3196147798742138 0.454348434004474 0.02389937106918232 0.03803131991051467
0 0.33408018867924527 0.5550195749440713 0.020125786163521994 0.03803131991051467
0 0.3894261006289307 0.5292925055928408 0.02767295597484286 0.040268456375838924
0 0.16930031446540875 0.30781599552572686 0.02515723270440248 0.031319910514541326
0 0.23596698113207545 0.3111717002237134 0.0301886792452831 0.04697986577181208
0 0.29131289308176095 0.3659815436241608 0.03018867924528302 0.031319910514541326
0 0.23470911949685533 0.16352069351230403 0.02515723270440256 0.05592841163310968
0 0.25735062893081756 0.40177572706935105 0.025157232704402586 0.05816554809843394
0 0.0806210691823899 0.3357802013422817 0.031446540880503124 0.04697986577181208
0 0.10829402515723266 0.454348434004474 0.03647798742138368 0.05145413870246102
0 0.13533805031446536 0.5662052572706932 0.030188679245283033 0.03803131991051429
0 0.018356918238993693 0.3682186800894852 0.015094339622641508 0.04921700223713653
