0 0.3394950832072617 1.2903791920925178 0.10892586989409987 0.09148229751545862
0 0.19426059001512863 1.0818533668734578 0.05143721633888046 0.07802901846906764
0 0.27444213313161875 1.0186229553554202 0.054462934947049936 0.08071967427834573
0 0.12920763993948567 0.8975434439379016 0.04387291981845692 0.04843180456700759
0 0.10500189107413012 0.7441760628090448 0.052950075642965166 0.06457573942267665
0 0.17459341906202727 0.6163699118683305 0.04689863842662627 0.051122460376285574
0 0.2865450075642965 0.4374413005513306 0.040847201210287475 0.04843180456700759
0 0.33117435703479575 0.43340531683741335 0.024205748865355543 0.04035983713917296
0 0.27444213313161875 0.344613675131233 0.028744326777609623 0.029597213902060243
0 0.3311743570347958 0.3513403146544284 0.021180030257186015 0.032287869711338325
0 0.45069024205748864 0.5612114677781276 0.03328290468986376 0.03228786971133814
0 0.42875378214826015 0.5706287631106011 0.022692889561270833 0.024215902283503888
0 0.4363180786686838 0.5854273700616311 0.022692889561270833 0.03228786971133852
0 0.4635495461422088 0.4872184330229771 0.019667170953101408 0.04035983713917315
0 0.42118948562783665 0.4643478586441125 0.025718608169440254 0.021525246474225424
0 0.4151380484114977 0.4401319563606088 0.019667170953101356 0.02690655809278197
0 0.459767397881997 0.4038081029353532 0.021180030257186174 0.024215902283503888
0 0.5316282148260212 0.40515343083999233 0.025718608169440254 0.04305049294845104
0 0.547891452344932 0.4656931865487517 0.029500756429652008 0.04574114875772931
0 0.12013048411497733 0.47107449816730806 0.03479576399394856 0.05650377199484202
0 0.23056921331316188 0.17913834286062402 0.0438729198184569 0.0591944278041203
0 0.2721728441754917 0.1724117033374285 0.04236006051437213 0.083410330087624
0 0.3062121785173979 0.26523932875752626 0.019667170953101356 0.06995705104123297
0 0.3833680030257186 0.16568506381423298 0.028744326777609623 0.06995705104123298
0 0.41513804841149776 0.1724117033374285 0.04084720121028737 0.083410330087624
0 0.4680881240544629 0.1576130963863984 0.02874432677760968 0.032287869711338325
0 0.5066660363086233 0.16299440800495485 0.03328290468986387 0.04305049294845123
0 0.4854860060514372 0.21949817999979696 0.06354009077155831 0.04305049294845104
0 0.5263332072617246 0.20469957304876693 0.03328290468986376 0.024215902283503697
0 0.5096917549167927 0.25447670552041346 0.02420574886535549 0.02690655809278197
0 0.4605238275340393 0.29887252637350364 0.0438729198184569 0.045741148757729125
0 0.41438161875945534 0.32443375656164647 0.033282904689863814 0.05919442780412011
0 0.3856372919818457 0.28810990313639084 0.036308623298033235 0.040359837139172766
0 0.5051531770045385 0.4186067098863832 0.027231467473524913 0.037669181329894684
0 0.5407053706505295 0.3795922006518494 0.025718608169440146 0.029597213902060243
0 0.5588596822995461 0.3230884286570073 0.013615733736762456 0.04574114875772917
0 0.4801909984871407 0.4643478586441125 0.016641452344931987 0.04305049294845085
0 0.5013710287443268 0.4616572028348344 0.022692889561270833 0.037669181329894684
0 0.554321104387292 0.5410315492085411 0.01664145234493188 0.04574114875772931
0 0.5036403177004538 0.6540390931982251 0.021180030257186067 0.024215902283503888
0 0.5028838880484116 0.6163699118683303 0.01664145234493188 0.04035983713917296
0 0.5021274583963692 0.5988806491080222 0.015128593040847222 0.03228786971133814
0 0.4801909984871407 0.5356502375899846 0.022692889561270833 0.029597213902060056
0 0.5414618003025718 0.5100890074018418 0.021180030257186067 0.021525246474225424
0 0.39622730711043874 0.6204058955822477 0.030257186081694445 0.032287869711338325
0 0.43480521936459904 0.6701830280538942 0.019667170953101356 0.0349785255206166
0 0.4438823751891074 0.7078522093837891 0.022692889561270833 0.029597213902060056
0 0.42648449319213316 0.7361040953812099 0.021180030257186067 0.037669181329894684
0 0.3924451588502269 0.7266868000487364 0.01966717095310125 0.04574114875772931
0 0.39395801815431164 0.654039093198225 0.025718608169440254 0.03497852552061641
0 0.08760400907715582 0.5410315492085411 0.03630862329803326 0.04574114875772931
0 0.19501701966717094 0.32443375656164647 0.027231467473524968 0.05381311618556394
0 0.1798884266263238 0.03518825706424067 -0.04841149773071103 -0.05112246037628567
0 0.4015223146747352 0.023080305922488817 -0.052950075642965166 -0.03228786971133814
0 0.010448184568835124 0.0540228477291881 0.018154311649016645 0.07802901846906744
0 0.026333207261724674 0.23967809856938335 0.03479576399394858 0.06188508361339838
0 0.03541036308623299 0.3553762983683457 0.037821482602118 0.04035983713917296
0 0.03616679273827536 0.4683838423580298 0.024205748865355516 0.04035983713917315
