0 0.18593986384266262 1.0105509879275858 0.09531013615733736 0.09148229751545862
0 0.25099281391830564 1.0737813994456231 0.08623298033282903 0.06188508361339838
0 0.014986762481089272 1.0778173831595403 0.03177004538577913 0.06457573942267665
0 0.4885117246596067 0.8208597533734732 0.03479576399394852 0.051122460376285477
0 0.4665752647503782 0.7374494232858491 0.0635400907715582 0.07802901846906783
0 0.4090866111951589 0.7024708977652327 0.05143721633888046 0.05650377199484202
0 0.432535930408472 0.7589746697600745 0.0317700453857791 0.04574114875772931
0 0.10121974281391832 0.8396943440384205 0.052950075642965166 0.051122460376285477
0 0.10878403933434191 0.7778092604250219 0.037821482602118 0.04574114875772931
0 0.1700548411497731 0.7697372929971875 0.03328290468986387 0.05112246037628586
0 0.3410079425113465 0.37690154484257127 0.045385779122541665 0.05112246037628567
0 0.48246028744326774 0.6661470443399772 0.040847201210287475 0.03766918132989459
0 0.5490260968229955 0.6446217978657514 0.025718608169440254 0.06995705104123291
0 0.5089353252647504 0.7428307349044055 0.021180030257186067 0.07802901846906744
0 0.5482696671709532 0.5289235980667891 0.030257186081694445 0.08071967427834553
0 0.5225510590015129 0.5383408933992628 0.02723146747352502 0.061885083613398194
0 0.5225510590015129 0.9096513950796534 0.02723146747352502 0.040359837139172766
0 0.3523543872919818 0.6257872072008043 0.028744326777609623 0.04305049294845133
0 0.3886630105900151 1.111450580775518 0.06505295007564296 0.06188508361339838
0 0.3425208018154312 1.0347668902110894 0.04236006051437219 0.05381311618556394
0 0.04524394856278369 0.3943908076028795 0.05900151285930409 0.2367777112164808
0 0.054321104387291985 0.4024627750307141 0.07110438729198185 0.10224492075257134
