0 0.21317133131618762 0.9271406578399618 0.07110438729198182 0.08610098589690209
0 0.2525056732223903 0.9325219694585181 0.08018154311649019 0.09686360913401479
0 0.2547749621785174 0.9513565601234656 0.05748865355521936 0.08610098589690209
0 0.3833680030257186 0.9056154113657362 0.045385779122541665 0.08071967427834592
0 0.42345877458396364 1.0159322995461422 0.07110438729198182 0.08071967427834592
0 0.4151380484114978 0.9621191833605783 0.06354009077155826 0.06995705104123301
0 0.4854860060514372 1.0159322995461422 0.05900151285930412 0.08071967427834592
0 0.43934379727685324 0.8773635253683153 0.04236006051437229 0.05112246037628567
0 0.3765601361573374 0.7979891789946085 0.04387291981845695 0.05919442780412011
0 0.09138615733736763 0.9822991019301648 0.04841149773071103 0.04574114875772931
0 0.0278460665658094 0.9675004949791347 0.04538577912254158 0.0591944278041203
0 0.01725605143721635 0.7213054884301799 0.03630862329803329 0.083410330087624
0 0.035410363086233 0.7603199976647137 0.054462934947049936 0.08071967427834573
0 0.5112046142208775 0.804715818517804 0.02874432677760968 0.05650377199484202
0 0.5096917549167927 0.8518022951801721 0.022692889561270833 0.02690655809278197
0 0.3455465204236006 0.8935074602239843 0.027231467473524968 0.05650377199484222
0 0.038436081694402435 0.5248876143528718 0.03328290468986384 0.11569819979896251
0 0.23813350983358547 0.12667055457969928 0.045385779122541554 0.06188508361339838
0 0.3629444024205749 0.07689342210805275 0.03479576399394852 0.048431804567007394
0 0.4310230711043873 0.036533584968879804 0.031770045385779155 0.04305049294845085
0 0.07625756429652045 1.4289479662703448 0.06051437216338882 0.09955426494329325
0 0.3236100605143722 0.24640473809257896 0.025718608169440254 0.0591944278041203
0 0.3062121785173979 0.5114343353064809 0.03025718608169439 0.05112246037628586
