0 0.20766509433962263 0.8190016778523486 0.10188679245283022 0.10514541387024622
0 0.0755896226415094 0.6456236017897088 0.11949685534591194 0.09843400447427286
0 0.08062106918238991 0.8055788590604023 0.038993710691823884 0.04697986577181208
0 0.2403694968553459 0.8838786353467558 0.036477987421383695 0.06935123042505599
0 0.3158411949685534 0.902894295302013 0.05911949685534588 0.06711409395973154
0 0.28879716981132075 1.006921140939597 0.05031446540880512 0.05145413870246059
0 0.271816037735849 0.6847734899328856 0.03647798742138361 0.051454138702460975
0 0.4674135220125786 0.6098294183445185 0.045283018867924636 0.07606263982102915
0 0.4655267295597484 0.7306347874720354 0.036477987421383716 0.04921700223713653
0 0.4359669811320754 0.8391359060402681 0.035220125786163556 0.0738255033557047
0 0.4779217095310136 0.8679462300358414 0.046898638426626324 0.0591944278041203
0 0.5096917549167927 0.8262410649920294 0.04084720121028737 0.040359837139172766
0 0.505909606656581 0.8006798348038865 0.03328290468986387 0.037669181329894684
0 0.5293589258698941 0.7078522093837891 0.040847201210287475 0.04574114875772931
0 0.5482696671709532 0.7751186046157438 0.02420574886535549 0.051122460376285477
0 0.3833680030257186 0.7683919650925483 0.03328290468986392 0.06457573942267665
0 0.4499338124054463 0.6796003233863679 0.030257186081694337 0.037669181329894684
0 0.44615166414523444 0.5800460584430748 0.01664145234493188 0.04305049294845123
0 0.31302004538577916 0.6634563885306989 0.04387291981845685 0.059194427804120486
