0 0.04826966717095313 0.2450594101879397 0.04387291981845685 0.07802901846906764
0 0.10273260211800302 0.13070653829361661 0.016641452344931893 0.032287869711338325
0 0.12542549167927383 0.15357711267248114 0.02269288956127079 0.040359837139172766
0 0.06037254160363087 0.08765604534516548 0.022692889561270777 0.021525246474225424
0 0.21544062027231467 0.18721031028845853 0.021180030257186122 0.037669181329894684
0 0.24040279878971255 0.23295145904618786 0.01361573373676251 0.01614393485566926
0 0.37050869894099847 0.27062064037608263 0.01664145234493188 0.02690655809278178
0 0.30243003025718607 0.23026080323690967 0.01664145234493188 0.021525246474225615
0 0.29184001512859303 0.34595900303587207 0.013615733736762564 0.02690655809278197
0 0.32209720121028745 0.4038081029353532 0.019667170953101304 0.024215902283503888
0 0.13677193645990923 0.32443375656164647 0.018154311649016645 0.021525246474225424
0 0.09743759455370651 0.17779301495598498 0.021180030257186053 0.029597213902060243
0 0.12618192133131617 0.48990908883225537 0.021180030257186067 0.029597213902060243
0 0.5270896369137671 0.05536817563382705 0.02420574886535549 0.032287869711338325
0 0.3493286686838124 0.19528227771629317 0.019667170953101408 0.021525246474225424
0 0.23208207261724662 0.3715202332240149 0.015128593040847169 0.024215902283503697
0 0.05432110438729199 0.2733112961853608 0.022692889561270833 0.03228786971133814
