0 0.03541036308623299 1.014586971641503 0.04841149773071103 0.07802901846906764
0 0.037679652042360075 0.28272859151783447 0.037821482602118026 0.051122460376285477
0 0.07625756429652045 0.4024627750307141 0.03630862329803328 0.0538131161855638
0 0.2071198940998487 0.13205186619825565 0.031770045385779155 0.06188508361339838
0 0.29410930408472014 0.1925916219070149 0.027231467473524913 0.06457573942267665
0 0.3788294251134644 0.10649063601011272 0.024205748865355543 0.06995705104123301
0 0.44842095310136154 0.18182899866990218 0.027231467473524913 0.07533836265978937
0 0.5066660363086233 0.25447670552041335 0.03782148260211805 0.0591944278041203
0 0.451446671709531 0.37017490531937575 0.03328290468986387 0.04305049294845104
0 0.23056921331316188 0.7993345068992476 0.027231467473524968 0.045741148757729125
