0 0.2570442511346445 1.2338754200976758 0.06807866868381242 0.08071967427834592
0 0.37958585476550677 0.6984349140513154 0.21633888048411498 0.15605803693813527
0 0.2578006807866869 0.5733194189198795 0.0937972768532527 0.05650377199484202
0 0.23283850226928898 0.7414854069997665 0.049924357034795745 0.10762623237112788
0 0.24569780635400906 0.7213054884301798 0.0574886535552193 0.04574114875772931
0 0.14282337367624812 0.8020251627085258 0.05748865355521937 0.051122460376285477
0 0.05129538577912254 0.6728736838631725 0.06202723146747349 0.22870574378864655
0 0.048269667170953115 0.8908168044147061 0.062027231467473534 0.06726639523195474
0 0.015743192133131627 0.9298313136492399 0.03328290468986384 0.10224492075257134
0 0.05053895612708019 1.0078603321183077 0.045385779122541554 0.09686360913401498
0 0.11407904689863842 1.0226589390693377 0.08472012102874432 0.09955426494329307
0 0.3538672465960666 1.0361122181157285 0.07715582450832077 0.083410330087624
0 0.3932015885022693 1.0697454157317061 0.06807866868381239 0.09148229751545843
0 0.5119610438729197 0.7845358999482175 0.021180030257186174 0.1076262323711275
0 0.5391925113464447 0.8491116393708943 0.045385779122541665 0.06995705104123301
0 0.5497825264750379 0.8074064743270822 0.02723146747352502 0.07802901846906744
0 0.5361667927382754 0.7804999162343002 0.03328290468986387 0.05112246037628586
0 0.53767965204236 0.5047076957832854 0.05143721633888062 0.15605803693813527
0 0.3031864599092285 1.1087599249662399 0.051437216338880404 0.06726639523195474
0 0.24115922844175494 1.0468748413528415 0.024205748865355543 0.05112246037628567
0 0.030115355521936477 0.8491116393708942 0.03177004538577915 0.04305049294845123
0 0.030871785173978823 0.7630106534739919 0.02723146747352494 0.037669181329894684
