0 0.3198279122541603 1.1746809922935555 0.018154311649016645 0.037669181329894684
0 0.26536497730711045 0.2517860497111353 0.07866868381240548 0.08071967427834573
0 0.38715015128593033 0.4562758912162779 0.040847201210287426 0.05919442780412011
0 0.478678139183056 0.031152273350323258 0.021180030257186067 0.037669181329894684
0 0.4991017397881997 0.10783596391475185 0.019667170953101304 0.029597213902060056
0 0.4869988653555219 0.16703039171887216 0.022692889561270777 0.05112246037628586
0 0.4832167170953101 0.1899009660977367 0.018154311649016645 0.032287869711338325
0 0.43631807866868383 0.04998686401527069 0.018154311649016697 0.021525246474225615
0 0.47035741301059 0.0782387500126918 0.016641452344931987 0.029597213902060056
0 0.4537159606656581 0.20469957304876693 0.016641452344931827 0.024215902283503697
0 0.45825453857791226 0.16030375219567666 0.019667170953101408 0.02690655809278178
0 0.4227023449319213 0.06478547096630081 0.018154311649016697 0.040359837139172766
0 0.4423695158850226 0.09572801277300011 0.018154311649016645 0.037669181329894684
0 0.4537159606656581 0.11590793134258648 0.016641452344931827 0.029597213902060056
