0 0.19123487140695916 0.8975434439379015 0.05143721633888051 0.06457573942267665
0 0.367482980332829 0.904270083461097 0.04387291981845679 0.040359837139172766
0 0.19426059001512858 0.6917082745281198 0.03933434190620271 0.07802901846906783
0 0.3183150529500756 0.9675004949791347 0.04841149773071098 0.04843180456700759
0 0.14055408472012104 1.0630187762085106 0.025718608169440254 0.083410330087624
0 0.4359945255474452 0.8933660534953215 0.037956204379562 0.05452407779356295
0 0.4323448905109489 0.9621702469014843 0.04817518248175184 0.062313231764071914
0 0.5294251824817519 1.0400617866065742 0.06423357664233575 0.09346984764610777
0 0.5272354014598539 0.1650801572527311 0.06277372262773728 0.20771077254690645
0 0.5564324817518248 0.28970662078087495 0.01605839416058407 0.1298192328418164
0 0.29073905109489045 1.0439563635918288 0.07445255474452554 0.05452407779356276
0 0.33088503649635037 1.0115015553813744 0.04379562043795618 0.062313231764071914
0 0.27833029197080295 1.072516594817028 0.05255474452554739 0.03894576985254502
