0 0.5164996217851741 1.3818614896079764 0.09077155824508322 0.19372721826802997
0 0.08533472012102876 1.1746809922935557 0.05748865355521934 0.09686360913401498
0 0.24796709531013617 0.9352126252677962 0.1074130105900151 0.1399141020824662
0 0.19199130105900156 1.040148201829646 0.049924357034795745 0.0591944278041203
0 0.1874527231467474 0.8585289347033679 0.025718608169440254 0.05112246037628567
0 0.2071198940998487 0.8208597533734732 0.040847201210287426 0.051122460376285477
0 0.11332261724659612 0.832967704515225 0.08320726172465963 0.06457573942267665
0 0.08609114977307114 0.9621191833605783 0.037821482602118 0.06995705104123301
0 0.026333207261724688 0.7616653255693528 0.04841149773071103 0.07802901846906744
0 0.5028838880484116 0.956737871742022 0.04841149773071093 0.06995705104123301
0 0.46354954614220883 0.958083199646661 0.03630862329803329 0.05650377199484222
0 0.4295102118003026 0.904270083461097 0.03479576399394842 0.040359837139172766
0 0.46808812405446293 0.8692915579404805 0.033282904689863814 0.04574114875772931
0 0.49153744326777604 0.8827448369868716 0.04689863842662627 0.04574114875772931
0 0.5149867624810892 0.8813995090822324 0.03328290468986387 0.048431804567007394
0 0.5452439485627837 0.8652555742265633 0.027231467473524913 0.03766918132989487
0 0.5248203479576399 0.832967704515225 0.03479576399394852 0.04843180456700759
0 0.5195253403933434 0.8262410649920294 0.03328290468986387 0.040359837139172766
0 0.4938067322239032 0.8114424580409995 0.024205748865355436 0.04305049294845123
0 0.01271747352496222 0.8558382788940897 0.02420574886535552 0.0834103300876238
0 0.046756807866868415 0.6849816350049243 0.02571860816944023 0.06457573942267665
0 0.1814012859304085 0.2033542451441277 0.12556732223903175 0.36592919006183433
