0 0.4151380484114977 1.0293855785925332 0.03630862329803329 0.048431804567007394
0 0.48699886535552195 0.18451965447918045 0.09833585476550684 0.14529541370102256
0 0.5323846444780636 0.30828982170597724 0.013615733736762456 0.037669181329894684
0 0.510448184568835 0.2881099031363909 0.018154311649016645 0.02421590228350365
0 0.5384360816944025 0.36075760998690204 0.016641452344931987 0.029597213902060243
0 0.34781580937972767 0.6526937652935859 0.03177004538577921 0.037669181329894684
0 0.2827628593040847 0.6123339281544132 0.022692889561270833 0.021525246474225424
0 0.2910835854765507 0.625787207200804 0.021180030257186067 0.021525246474225615
0 0.2804935703479577 0.6715283559585333 0.021180030257186067 0.032287869711338325
0 0.25174924357034795 0.5585208119688494 0.018154311649016645 0.02690655809278197
0 0.24191565809379728 0.5773554026337967 0.02269288956127086 0.026906558092781876
0 0.23283850226928895 0.6056072886312176 0.013615733736762456 0.018834590664947342
0 0.23813350983358547 0.6701830280538943 0.02420574886535549 0.029597213902060243
0 0.3553801059001513 0.6123339281544132 0.013615733736762456 0.03228786971133862
0 0.3175586232980333 0.581391386347714 0.010590015128593033 0.018834590664947245
0 0.27671142208774585 0.4778011376905035 0.0499243570347958 0.06995705104123282
0 0.24796709531013614 0.4872184330229771 0.019667170953101384 0.051122460376285477
0 0.11937405446293496 0.4239880215049395 0.022692889561270833 0.048431804567007394
0 0.0770139939485628 0.5383408933992628 0.022692889561270777 0.040359837139172766
0 0.10500189107413012 0.6015713049173002 0.01815431164901663 0.02690655809278197
0 0.06566754916792739 0.6446217978657515 0.015128593040847169 0.021525246474225615
0 0.0770139939485628 0.6742190117678115 0.01361573373676251 0.02690655809278197
0 0.02633320726172466 0.5639021235874055 0.015128593040847195 0.02690655809278197
0 0.04373108925869896 0.5706287631106011 0.004538577912254181 0.024215902283503888
0 0.017256051437216355 0.5154703190203982 0.015128593040847169 0.03228786971133814
0 0.005909606656580963 0.49663572835545083 0.010590015128593033 0.03228786971133814
0 0.0694496974281392 0.5908086816801877 0.01966717095310137 0.03766918132989459
0 0.05280824508320728 0.5235422864482329 0.013615733736762463 0.03228786971133814
