0 0.20106845688350983 0.9553925438373828 0.0650529500756429 0.061885083613398575
0 0.37656013615733736 0.9513565601234655 0.06202723146747344 0.05919442780412011
0 0.05810325264750381 1.0791627110641797 0.05748865355521937 0.05112246037628567
0 0.06112897125567322 1.141047794677578 0.04236006051437213 0.083410330087624
0 0.15870839636913767 1.2903791920925178 0.06807866868381239 0.08071967427834592
0 0.13677193645990923 0.5585208119688493 0.03630862329803329 0.06457573942267655
0 0.08230900151285932 0.5800460584430749 0.02420574886535553 0.03228786971133814
0 0.45295953101361575 0.9204140183167663 0.05748865355521936 0.06726639523195493
0 0.4650624054462935 0.8141331138502778 0.021180030257186122 0.07533836265978937
0 0.5278460665658095 0.7751186046157439 0.03782148260211805 0.061885083613398575
0 0.440856656580938 0.6715283559585333 0.021180030257186015 0.032287869711338325
0 0.468088124054463 0.6190605676776085 0.021180030257186067 0.04574114875772931
0 0.48472957639939485 0.5517941724456538 0.027231467473524913 0.051122460376285477
0 0.14736195158850227 0.8840901648915106 0.03630862329803329 0.05381311618556375
0 0.367482980332829 1.1827529597213902 0.059001512859304016 0.08071967427834592
0 0.11332261724659606 0.5060530236879245 0.02874432677760968 0.04035983713917315
0 0.0482696671709531 0.44416794007452604 0.025718608169440254 0.06188508361339838
0 0.0860911497730711 0.374210889033293 0.025718608169440254 0.04035983713917296
0 0.11407904689863843 0.26389400085288717 0.027231467473524968 0.05650377199484202
0 0.05734682299546142 0.09976399648691732 0.025718608169440254 0.05112246037628567
0 0.008178895612708043 0.23295145904618794 0.015128593040847195 0.04843180456700759
