0 0.5043967473524963 1.112795908680157 0.11497730711043871 0.1291514788453533
0 0.3251229198184569 0.9271406578399618 0.0559757942511347 0.08610098589690209
0 0.17232413010590017 0.8518022951801724 0.031770045385779155 0.037669181329894684
0 0.32209720121028745 0.6311685188193605 0.04084720121028737 0.05919442780412011
0 0.2373770801815431 0.3809375285564885 0.06807866868381239 0.05919442780412006
0 0.31302004538577916 0.44551326797916513 0.04387291981845685 0.05919442780412011
0 0.3251229198184568 0.359412282082263 0.02874432677760968 0.04843180456700759
0 0.05053895612708019 0.18317432657454122 0.09984871406959149 0.083410330087624
0 0.40152231467473526 0.12936121038897747 0.05748865355521941 0.06726639523195474
0 0.4264844931921331 0.3365417077033984 0.0438729198184569 0.04574114875772931
0 0.26763426626323755 0.2356421148554661 0.06202723146747354 0.04305049294845123
0 0.3750472768532526 0.41860670988638327 0.022692889561270725 0.04843180456700759
0 0.42875378214826027 0.44954925169308235 0.03630862329803329 0.05112246037628567
0 0.4733831316187594 0.5195063027343154 0.0438729198184569 0.05112246037628586
0 0.2063634644478064 0.4562758912162779 0.03630862329803329 0.037669181329894684
0 0.1503876701966717 0.5343049096853456 0.03025718608169439 0.0591944278041203
0 0.4567416792738275 0.36344826579618034 0.049924357034795745 0.045741148757729125
0 0.46203668683812404 0.17779301495598487 0.054462934947049936 0.0349785255206166
0 0.4378309379727685 0.21815285209515783 0.04841149773071103 0.06726639523195474
0 0.432535930408472 0.04998686401527079 0.10438729198184568 0.08610098589690209
0 0.5475132375189107 0.21277154047660146 0.03479576399394852 0.0349785255206166
0 0.543731089258699 0.26120334504360887 0.03630862329803329 0.083410330087624
0 0.5195253403933434 0.28945523104103 0.021180030257186067 0.04305049294845104
0 0.11407904689863846 0.0674761267755789 0.07866868381240542 0.05112246037628586
0 0.09214258698940997 0.056713503538466284 0.037821482602118 0.0834103300876238
0 0.14206694402420578 0.22218883580907514 0.022692889561270777 0.048431804567007394
0 0.11786119515885023 0.33385105189412007 0.03479576399394858 0.06188508361339838
0 0.023307488653555225 0.5006717120693681 0.02420574886535549 0.05112246037628586
0 0.052051815431164904 0.43878662845596966 0.021180030257186067 0.06188508361339838
0 0.008935325264750386 0.22353416371371418 0.019667170953101356 0.0349785255206166
0 0.05280824508320728 0.17375703124206765 0.0832072617246596 0.04843180456700759
0 0.2146841906202723 0.5504488445410148 0.0317700453857791 0.06457573942267665
0 0.11332261724659606 0.5020170399740072 0.025718608169440254 0.0699570510412332
0 0.1715677004538578 0.7239961442394581 0.03328290468986387 0.05112246037628586
0 0.505909606656581 0.47107449816730795 0.03328290468986387 0.06726639523195493
0 0.2040941754916793 0.02442563382712786 0.0317700453857791 0.029597213902060056
0 0.5528082450832071 0.38362818436576673 0.027231467473524805 0.04305049294845104
0 0.5497825264750378 0.3567216262729848 0.021180030257186067 0.04305049294845123
0 0.5535646747352496 0.0742027662987744 0.013615733736762456 0.03228786971133834
0 0.5195253403933434 0.6015713049173004 0.02723146747352502 0.037669181329894684
0 0.5338975037821483 0.5504488445410147 0.01664145234493188 0.02690655809278197
0 0.5497825264750378 0.5248876143528719 0.021180030257186067 0.04035983713917296
0 0.5157431921331317 0.6365498304379169 0.013615733736762564 0.03228786971133814
0 0.5346539334341907 0.6634563885306988 0.02420574886535549 0.04305049294845123
