0 0.33571293494704996 0.5127796632111201 0.09531013615733741 0.1183888556082406
0 0.1776191376701967 0.5100890074018418 0.06656580937972771 0.0699570510412332
0 0.23435136157337366 0.7239961442394581 0.09833585476550684 0.08879164170618055
0 0.15946482602118003 0.779154588329661 0.06656580937972768 0.08610098589690227
0 0.23056921331316188 1.0011336925951122 0.06051437216338878 0.05650377199484202
0 0.16702912254160365 1.0172776274507813 0.04538577912254164 0.06188508361339838
0 0.13072049924357038 1.0791627110641795 0.048411497730711024 0.06726639523195493
0 0.0 0.0 0.0 0.0
0 0.5301153555219363 0.846420983561616 0.05748865355521936 0.06457573942267647
0 0.4938067322239032 0.8625649184172851 0.02420574886535549 0.06995705104123301
0 0.05280824508320726 0.6204058955822476 0.037821482602118 0.06457573942267665
0 0.030115355521936494 0.5773554026337966 0.04992435703479577 0.05381311618556394
