0 0.09441187594553707 1.4666171476002394 0.04236006051437219 0.061885083613398575
0 0.17459341906202724 0.4307146610281351 0.04841149773071101 0.09955426494329325
0 0.41059947049924356 0.3728655611286539 0.04841149773071109 0.07533836265978933
0 0.4158944780635401 0.5760100747291576 0.03782148260211805 0.05112246037628586
0 0.4332923600605144 0.5477581887317364 0.030257186081694337 0.04305049294845085
0 0.4718702723146747 0.6890176187188417 0.046898638426626324 0.04574114875772931
0 0.2676342662632375 0.4051534308399922 0.028744326777609623 0.02690655809278197
0 0.24040279878971257 0.46972917026266886 0.0317700453857791 0.03228786971133814
0 0.24040279878971255 0.5961899932987439 0.019667170953101384 0.037669181329894684
0 0.019525340393343433 0.6473124536750295 0.02571860816944023 0.06457573942267665
0 0.12996406959152798 0.4710744981673079 0.02874432677760965 0.04574114875772931
0 0.36067511346444775 0.1724117033374285 0.03630862329803329 0.056503771994842
0 0.4953195915279879 0.27465662408999997 0.03328290468986376 0.03497852552061641
0 0.49380673222390314 0.23295145904618794 0.018154311649016645 0.04843180456700759
0 0.5225510590015129 0.2585126892343308 0.02723146747352502 0.0349785255206166
0 0.5558339636913767 0.14685047314928568 0.0121028744326778 0.04305049294845104
0 0.5550775340393345 0.05267751982454896 0.016641452344931987 0.03766918132989449
0 0.48019099848714075 0.32981506818020284 0.02420574886535549 0.03228786971133814
0 0.47489599092284424 0.35268564255906754 0.03479576399394852 0.0349785255206166
0 0.5089353252647504 0.43878662845596966 0.03328290468986387 0.029597213902060243
0 0.46128025718608173 0.4670385144533908 0.028744326777609623 0.02690655809278197
0 0.43631807866868383 0.5100890074018418 0.02420574886535549 0.03228786971133852
0 0.5520518154311649 0.5356502375899845 0.019667170953101408 0.04574114875772931
0 0.5210381996974282 0.031152273350323258 0.0242057488653556 0.037669181329894684
0 0.3727779878971255 0.3594122820822629 0.027231467473524913 0.02690655809278197
0 0.2857885779122541 0.30290851008742087 0.022692889561270833 0.02690655809278197
0 0.2751985627836611 0.3284697402755638 0.019667170953101304 0.029597213902060056
0 0.25174924357034795 0.2921458868503081 0.027231467473524992 0.04305049294845123
0 0.32890506807866865 0.42936933312349584 0.021180030257186067 0.03766918132989473
0 0.2298127836611195 0.39708146341215766 0.019667170953101356 0.032287869711338325
0 0.07625756429652045 0.4778011376905035 0.02118003025718608 0.03228786971133814
0 0.10954046898638428 0.4751104818812254 0.015128593040847169 0.02690655809278197
0 0.07852685325264751 0.5706287631106011 0.022692889561270777 0.024215902283503888
0 0.1292076399394856 0.8396943440384205 0.030257186081694375 0.051122460376285477
