0 0.41726823708206695 0.7259446206727725 0.060790273556231025 0.054058464739601415
0 0.48717705167173264 0.25969036229371045 0.11246200607902736 0.1486607780339038
0 0.39371200607902745 0.24752720772730025 0.062310030395136794 0.07568185063544203
0 0.41270896656534967 0.14346466310356756 0.08510638297872337 0.10541400624222279
0 0.2538943768996961 0.1772512035658183 0.05319148936170215 0.18379878011464484
0 0.24705547112462012 0.4042967554721443 0.06079027355623105 0.054058464739601415
0 0.17638677811550157 0.49889906876644674 0.03799392097264442 0.04324677179168102
0 0.057845744680851074 0.6070159982456496 0.028875379939209748 0.037840925317721104
0 0.22045972644376904 0.4637610666857058 0.03191489361702128 0.0270292323698009
0 0.2159004559270517 0.43402891107892505 0.01975683890577505 0.0270292323698009
0 0.060125379939209744 0.3907821392872439 0.015197568389057703 0.037840925317720916
0 0.11559650455927054 0.2664476703861607 0.019756838905775106 0.0270292323698009
0 0.1361132218844985 0.32050613512576204 0.027355623100303983 0.04324677179168102
0 0.14143237082066873 0.4272716029864748 0.028875379939209748 0.024326309132820658
0 0.10495820668693012 0.46511252830419597 0.01975683890577505 0.03513800208074087
0 0.0821618541033435 0.4502464505008055 0.019756838905775106 0.027029232369800708
0 0.10039893617021278 0.3907821392872439 0.025835866261398166 0.021623385895840605
0 0.055566109422492405 0.5326856092286976 0.0243161094224924 0.040543848554700966
0 0.16194908814589665 0.6232335376675299 0.01519756838905773 0.027029232369800708
0 0.1718275075987842 0.6408025387079005 0.013677811550151965 0.018920462658860552
0 0.17866641337386022 0.665128847840721 0.018237082066869366 0.02973215560678076
0 0.23869680851063835 0.6259364609045102 0.01671732522796355 0.037840925317721104
0 0.27061170212765967 0.6137733063380998 0.013677811550151991 0.024326309132820658
0 0.3184840425531916 0.5718779961649084 0.015197568389057756 0.03243507884376091
0 0.5403685410334347 0.42592014136798484 0.027355623100303875 0.03243507884376081
0 0.538848784194529 0.3151002886518019 0.018237082066869286 0.037840925317720916
0 0.5312500000000001 0.19211728136920878 0.027355623100303983 0.040543848554700966
0 0.5532864741641339 0.19076581975071877 0.01671732522796352 0.03243507884376081
0 0.5320098784194529 0.15157343281450764 0.01671732522796352 0.03513800208074087
0 0.5190919452887538 0.11508396911527674 0.030395136778115513 0.04865261826564112
0 0.5054141337386019 0.13535589339262732 0.030395136778115513 0.02973215560678076
0 0.00997340425531917 0.6191791528120598 0.018237082066869314 0.062167234450541765
0 0.02745060790273559 0.5610663032169884 0.022796352583586636 0.037840925317720916
0 0.21818009118541035 0.3407780594031126 0.030395136778115513 0.04594969502866107
