0 0.22527420574886536 0.8235504091827512 0.0317700453857791 0.04574114875772931
0 0.3780729954614221 0.3863188401750449 0.0317700453857791 0.05381311618556375
0 0.13601550680786686 0.019044322208571503 0.037821482602118 0.024215902283503506
0 0.33571293494704996 0.2786926078039172 0.040847201210287475 0.05919442780412011
0 0.337982223903177 0.17644768705134584 0.02420574886535549 0.03228786971133852
0 0.4975888804841149 0.12936121038897747 0.04387291981845685 0.040359837139172766
0 0.5361667927382754 0.1764476870513458 0.027231467473524913 0.05919442780412011
0 0.2184663388804841 0.3634482657961802 0.04236006051437213 0.05650377199484202
0 0.48699886535552195 0.5127796632111199 0.01664145234493188 0.037669181329894684
0 0.45069024205748864 0.8935074602239843 0.03479576399394863 0.05650377199484222
0 0.4832167170953101 0.6405858141518341 0.03630862329803329 0.040359837139172766
0 0.059616111951588516 0.9849897577394429 0.07866868381240542 0.05650377199484202
0 0.08306543116490168 0.8719822137497588 0.04689863842662634 0.040359837139172766
