0 0.07247541603630864 0.6769096675770898 0.025718608169440254 0.03228786971133852
0 0.04675680786686839 0.6082979444404959 0.025718608169440254 0.040359837139173245
0 0.014230332829046916 0.5221969585435937 0.030257186081694417 0.04574114875772931
0 0.43631807866868383 0.5544848282549321 0.030257186081694337 0.0349785255206166
0 0.2040941754916793 0.06882145468021804 0.05295007564296514 0.0591944278041203
0 0.1602212556732224 0.3863188401750449 0.03479576399394858 0.05381311618556375
0 0.14917452830188674 0.4364513422818789 0.012578616352201213 0.03803131991051448
0 0.18124999999999997 0.40960570469798635 0.02138364779874213 0.03355704697986577
0 0.21647012578616343 0.3917086129753913 0.021383647798742158 0.029082774049217067
0 0.20200471698113204 0.3749300894854584 0.0050314465408804855 0.017897091722595015
0 0.2139544025157232 0.3525587248322145 0.011320754716981131 0.02237136465324391
0 0.24728773584905656 0.3928271812080535 0.020125786163522022 0.026845637583892617
0 0.2579795597484276 0.35927013422818765 0.018867924528301886 0.02237136465324396
0 0.2699292452830188 0.3715743847874718 0.012578616352201293 0.02460850111856817
0 0.21961477987421377 0.3122902684563756 0.017610062893081726 0.02237136465324391
0 0.3089229559748427 0.2272790827740489 0.017610062893081778 0.026845637583892617
0 0.25231918238993706 0.33018736017897066 0.02012578616352205 0.017897091722595206
0 0.27181603773584906 0.3033417225950781 0.011320754716981131 0.02237136465324372
0 0.25231918238993706 0.3011045861297536 0.025157232704402534 0.026845637583892617
0 0.2378537735849056 0.24293903803131967 0.013836477987421375 0.03131991051454151
0 0.25546383647798737 0.20826342281879165 0.00880503144654081 0.029082774049217067
0 0.21521226415094333 0.1970777404921698 0.011320754716981131 0.02460850111856817
0 0.23219339622641502 0.2832074944071586 0.017610062893081778 0.03131991051454151
0 0.32890506807866865 0.26389400085288717 0.021180030257186067 0.024215902283503888
0 0.33873865355521937 0.29618187056422535 0.013615733736762564 0.024215902283503697
0 0.47792170953101365 0.2450594101879397 0.013615733736762456 0.03497852552061641
0 0.45144667170953107 0.2100808846673232 0.012102874432677746 0.029597213902060056
0 0.468088124054463 0.2100808846673232 0.015128593040847115 0.029597213902060056
0 0.4544723903177005 0.179138342860624 0.012102874432677853 0.010762623237112903
0 0.47035741301059 0.1751023591467067 0.010590015128593087 0.024215902283503697
0 0.5195253403933434 0.1576130963863984 0.02723146747352502 0.032287869711338325
0 0.39320158850226933 0.06478547096630091 0.019667170953101356 0.024215902283503697
0 0.41892019667170954 0.03922424077815807 0.022692889561270885 0.02690655809278197
0 0.4764088502269289 0.03249760125496249 0.01664145234493188 0.024215902283503888
0 0.3810987140695915 0.015008338494654187 0.01664145234493188 0.02690655809278197
0 0.47558962264150934 0.09193232662192369 0.01635220125786167 0.03355704697986577
0 0.462382075471698 0.14338646532438448 0.027672955974842803 0.03355704697986577
0 0.4296776729559748 0.08410234899328839 0.017610062893081778 0.026845637583892617
0 0.44980345911949676 0.04159675615212484 0.017610062893081726 0.03131991051454151
0 0.4284198113207547 0.10871085011185656 0.015094339622641456 0.02237136465324372
