0 0.08533472012102875 0.5571754840642101 0.08472012102874432 0.12646082303607523
0 0.16627269288956129 0.5289235980667891 0.052950075642965166 0.0699570510412332
0 0.26158282904689867 0.4993263841647291 0.1074130105900151 0.07533836265978937
0 0.10046331316187596 0.7239961442394581 0.04841149773071103 0.08879164170618055
0 0.508178895612708 0.3338510518941201 0.040847201210287475 0.083410330087624
0 0.4332923600605144 0.4818371214044207 0.030257186081694337 0.024215902283503697
0 0.2646085476550681 0.03518825706424076 0.04084720121028737 0.05650377199484202
0 0.17988842662632376 0.6648017164353378 0.025718608169440254 0.04574114875772931
0 0.18593986384266264 0.6123339281544132 0.02874432677760968 0.03228786971133862
0 0.19274773071104387 0.19797293352557135 0.021180030257186067 0.032287869711338325
0 0.1503876701966717 0.6419311420564733 0.015128593040847169 0.026906558092781686
0 0.1276947806354009 0.6190605676776088 0.018154311649016645 0.018834590664947533
0 0.2880578668683813 0.6567297490075032 0.021180030257186067 0.029597213902060056
0 0.31907148260211804 0.5840820421569921 0.019667170953101304 0.040359837139172766
