0 0.4474014683153014 0.400171350995301 0.10046367851622877 0.1264483470431419
0 0.42576313755795986 0.5760994860118461 0.0664605873261206 0.11545283860460782
0 0.4481742658423493 0.7643975680217422 0.046367851622874844 0.046730910863769834
0 0.5391116352201257 0.8368987695749437 0.0402515723270441 0.0648769574944071
0 0.47810534591194964 0.8279502237136461 0.03144654088050334 0.04250559284116338
0 0.45169025157232695 0.8525587248322144 0.02893081761006291 0.04697986577181208
0 0.42653301886792444 0.9297399328859056 0.033962264150943396 0.06711409395973154
0 0.462382075471698 0.9632969798657717 0.06037735849056604 0.05816554809843413
0 0.3862814465408804 0.9185542505592839 0.031446540880503075 0.05369127516778543
0 0.3240172955974842 0.8536772930648765 0.03773584905660377 0.053691275167785234
0 0.3145833333333333 0.8391359060402681 0.03647798742138361 0.03803131991051467
0 0.27815880989180836 0.708045587274255 0.04327666151468313 0.08796406750827263
0 0.20706143740340036 0.6805568161779197 0.03400309119010819 0.0824663132890056
0 0.18928709428129836 0.8056307246662449 0.04173106646058736 0.057726419302303725
0 0.07336746522411129 0.8042562861114281 0.04791344667697065 0.06047529641193724
0 0.11664412673879446 0.6723101848490192 0.05718701700154561 0.06597305063120447
0 0.07491306027820713 0.548610714915511 0.06646058732612058 0.09895957594680671
0 0.08418663060278209 0.5472362763606942 0.07573415765069552 0.09071294461790634
0 0.030863601236476055 0.6297025896496997 0.02782071097372489 0.05772641930230391
0 0.040909969088098935 0.5719761703473959 0.03245749613601236 0.04673091086376965
0 0.026999613601236483 0.548610714915511 0.03245749613601237 0.08796406750827263
0 0.1606935857805255 0.7616486909121086 0.027820710973724877 0.03573540242523557
0 0.3036611282843895 0.7492787439187578 0.029366306027820678 0.049479787973403355
