0 0.056590393343419074 0.9338672973631573 0.045385779122541624 0.12646082303607503
0 0.148874810892587 0.5087436794972026 0.03933434190620277 0.04574114875772931
0 0.23813350983358547 0.46972917026266886 0.027231467473524913 0.03228786971133814
0 0.2502363842662632 0.4737651539765862 0.027231467473524913 0.040359837139172766
0 0.2865450075642965 0.4710744981673081 0.03630862329803334 0.0349785255206166
0 0.3236100605143722 0.04460555239671444 -0.05900151285930412 -0.07533836265978937
0 0.424215204236006 0.07285743839413525 0.054462934947049936 0.061885083613398575
0 0.15795196671709533 0.1966276056209322 0.04236006051437219 0.05650377199484202
0 0.23888993948562787 0.3782468727472103 0.02874432677760968 0.04843180456700759
0 0.3152893343419062 0.38228285646112764 0.03328290468986376 0.045741148757729125
0 0.3031864599092285 0.43071466102813505 0.02420574886535549 0.03497852552061641
0 0.046000378214826027 0.2275701474276316 0.04236006051437219 0.09686360913401498
0 0.09214258698941 0.3769015448425712 0.049924357034795745 0.061885083613398575
0 0.06339826021180033 0.4683838423580298 0.04689863842662634 0.061885083613398575
0 0.016499621785173984 0.3096351496106165 0.03782148260211798 0.061885083613398575
0 0.04524394856278367 0.14954112895856386 0.03479576399394852 0.05381311618556394
0 0.055833963691376706 0.09707334067763905 0.040847201210287475 0.05112246037628567
0 0.005909606656580963 0.35134031465442833 0.010590015128593033 0.04843180456700759
0 0.049782526475037836 0.3392323635126766 0.019667170953101356 0.04035983713917291
0 0.1587083963691377 0.4078440866492704 0.03479576399394855 0.043050492948451084
0 0.09138615733736763 0.5356502375899845 0.03630862329803329 0.04574114875772931
0 0.030871785173978823 0.5423768771131802 0.02723146747352494 0.059194427804120486
0 0.10046331316187597 0.4038081029353532 0.02723146747352494 0.040359837139172766
0 0.12088691376701968 0.4818371214044208 0.028744326777609665 0.05112246037628586
0 0.1927477307110439 0.4038081029353532 0.027231467473524968 0.040359837139172766
0 0.2184663388804841 0.42936933312349584 0.024205748865355464 0.03766918132989473
0 0.43934379727685324 0.42802400521885686 0.02420574886535549 0.040359837139172766
