0 0.5043967473524962 1.248674027048706 0.07866868381240553 0.21794312055153367
0 0.3251229198184569 0.9809537740255256 0.0953101361573373 0.08610098589690227
0 0.18367057488653554 1.0441841855435632 0.09077155824508322 0.11031688818040597
0 0.23662065052950074 1.2580913223811796 0.09077155824508319 0.09686360913401498
0 0.40681732223903183 0.9204140183167662 0.046898638426626324 0.05650377199484202
0 0.4680881240544629 0.8921621323193453 0.06051437216338878 0.06995705104123301
0 0.4408566565809379 0.7428307349044054 0.04841149773071098 0.040359837139172766
0 0.5074224659606656 0.7522480302368791 0.018154311649016645 0.03228786971133852
0 0.3092378971255674 0.5073983515925637 0.030257186081694445 0.037669181329894684
0 0.2358642208774584 1.0805080389688186 0.0438729198184569 0.08610098589690209
0 0.2782242813918306 1.0791627110641797 0.040847201210287475 0.05112246037628567
0 0.29864788199697423 0.9822991019301647 0.04841149773071109 0.05112246037628567
0 0.43707450832072614 0.5867726979662702 0.03479576399394852 0.05650377199484202
0 0.49229387291981846 0.4064987587446314 0.027231467473524913 0.07264770685051128
0 0.4748959909228442 0.5517941724456538 0.019667170953101408 0.051122460376285477
0 0.48170385779122543 0.7118881930977063 0.027231467473524913 0.037669181329894684
0 0.02179462934947052 1.096651973824488 0.04841149773071105 0.08610098589690227
