0 0.33672112462006093 1.1611152618265639 0.030395136778115513 0.04865261826564112
0 0.2379369300911855 0.8773083219436565 0.1063829787234043 0.12433446890108334
0 0.30860562310030404 0.9029860926949672 0.04103343465045587 0.05135554150262117
0 0.22653875379939215 1.2327427276065357 0.07446808510638299 0.1216315456641031
0 0.342800151975684 1.0611071020583012 0.054711246200607966 0.05946431121356152
0 0.40738981762917936 1.0002913292262496 0.053191489361702204 0.05676138797658147
0 0.3541983282674773 0.9908310978968194 0.059270516717325264 0.10811692947920265
0 0.3686360182370822 0.8070323177821747 0.05775075987841945 0.048652618265641316
0 0.36331686930091195 0.4840329909630563 0.047112462006079034 0.08379062034638218
0 0.45374240121580556 0.9219065553538276 0.04255319148936163 0.05676138797658147
0 0.35495820668693023 0.9178521704983577 0.030395136778115513 0.037840925317721104
