0 0.0 0.0 0.0 0.0
0 0.15114409984871408 0.48990908883225526 0.040847201210287426 0.083410330087624
0 0.2850321482602118 0.5571754840642101 0.04841149773071109 0.061885083613398194
0 0.2910835854765507 0.5154703190203982 0.09379727685325265 0.059194427804120486
0 0.3417643721633888 0.7159241768116236 0.040847201210287426 0.045741148757729125
0 0.3984965960665658 0.9675004949791346 0.08472012102874427 0.1076262323711277
0 0.49910173978819966 0.8396943440384205 0.04689863842662638 0.061885083613398575
0 0.5021274583963692 0.7078522093837889 0.040847201210287475 0.05650377199484202
0 0.4650624054462935 0.8840901648915106 0.039334341906202656 0.03766918132989487
0 0.48094742813918306 0.9056154113657362 0.040847201210287315 0.04305049294845104
0 0.4544723903177004 0.9338672973631573 0.02723146747352502 0.05112246037628567
0 0.2502363842662632 0.7307227837626538 0.04841149773071098 0.037669181329894684
0 0.22905635400907715 0.7589746697600748 0.04841149773071109 0.05650377199484202
0 0.2320820726172466 0.8141331138502775 0.03933434190620271 0.048431804567007394
0 0.2646085476550681 0.8020251627085258 0.04084720121028737 0.051122460376285477
0 0.13677193645990923 0.984989757739443 0.07261724659606658 0.06188508361339838
0 0.025576777609682303 0.8612195905126461 0.052950075642965194 0.12107951141751887
0 0.10954046898638427 0.7979891789946084 0.018154311649016645 0.04305049294845085
0 0.06339826021180031 0.6405858141518341 0.03479576399394853 0.061885083613398284
0 0.11180975794251138 0.2383327706647442 0.037821482602118 0.06457573942267665
