0 0.16475983358547658 0.9284859857446008 0.025718608169440254 0.061885083613398575
0 0.39471444780635406 0.8275863928966685 0.022692889561270777 0.037669181329894684
0 0.4499338124054463 0.917723362507488 0.030257186081694337 0.04035983713917296
0 0.4869988653555219 0.6796003233863679 0.022692889561270777 0.037669181329894684
0 0.5293589258698941 0.19662760562093232 0.013615733736762456 0.03497852552061641
0 0.5588596822995461 0.21546219628587956 0.012102874432677692 0.018834590664947342
0 0.48321671709531017 0.10783596391475185 0.02420574886535549 0.04574114875772931
0 0.521038199697428 0.08362006163124816 0.018154311649016645 0.024215902283503888
0 0.5225510590015128 0.12128924296114293 0.021180030257186174 0.024215902283503697
0 0.4764088502269289 0.08227473372660901 0.01664145234493188 0.021525246474225615
0 0.41892019667170954 0.21546219628587965 0.01664145234493188 0.03497852552061641
0 0.40379160363086236 0.2450594101879398 0.013615733736762564 0.024215902283503888
0 0.4015223146747352 0.2692753124714435 0.024205748865355543 0.024215902283503506
0 0.346302950075643 0.22487949161835333 0.019667170953101356 0.032287869711338325
0 0.34781580937972767 0.1858649823838195 0.016641452344931987 0.024215902283503888
0 0.28124999999999994 0.1024546522961955 0.01361573373676251 0.024215902283503878
0 0.2827628593040847 0.12397989877042111 0.022692889561270833 0.018834590664947342
0 0.41665090771558244 0.05671350353846619 0.021180030257186067 0.0349785255206166
0 0.13979765506807867 0.06613079887093985 0.03025718608169439 0.03228786971133852
0 0.1163483358547655 0.2316061311415488 0.025718608169440202 0.0349785255206166
0 0.1829141452344932 0.21142621257196234 0.03479576399394858 0.032287869711338325
0 0.3750472768532526 0.2652393287575262 0.022692889561270725 0.02690655809278197
0 0.33041792738275344 0.2558220334250525 0.015128593040847222 0.024215902283503888
0 0.3236100605143722 0.2961818705642254 0.022692889561270777 0.029597213902060243
0 0.3780729954614221 0.33519637979875927 0.010590015128593087 0.03228786971133828
