0 0.4340487897125568 1.0912706622059316 0.025718608169440254 0.037669181329894684
0 0.3697522692889561 0.6459671257703905 0.04841149773071098 0.051122460376285477
0 0.27898071104387295 0.49663572835545083 0.04538577912254161 0.06995705104123282
0 0.36899583963691374 0.22353416371371418 0.09531013615733736 0.11031688818040597
0 0.1481183812405446 0.35403097046370663 0.037821482602118 0.02690655809278178
0 0.12088691376701968 0.39439080760287953 0.09228441754916789 0.06457573942267665
0 0.16097768532526474 0.6432764699611122 0.06051437216338875 0.05650377199484202
0 0.111053328290469 0.6217512234868868 0.04236006051437219 0.051122460376285955
0 0.04902609682299548 0.5571754840642101 0.03933434190620271 0.05112246037628586
0 0.2086327534039334 0.4387866284559698 0.04992435703479577 0.083410330087624
0 0.19123487140695916 0.4778011376905035 0.030257186081694417 0.03228786971133814
0 0.19199130105900153 0.5127796632111199 0.03177004538577913 0.09148229751545862
0 0.52482034795764 0.21680752419051869 0.03782148260211805 0.04305049294845104
0 0.5399489409984871 0.2504407218064961 0.040847201210287475 0.05112246037628586
0 0.5376796520423601 0.44282261216988694 0.02420574886535549 0.03766918132989487
0 0.5512953857791225 0.5383408933992628 0.0242057488653556 0.05112246037628586
0 0.25704425113464446 0.40246277503071404 0.02874432677760968 0.06995705104123301
0 0.10121974281391832 0.32039777284772913 0.0317700453857791 0.08879164170618016
0 0.21619704992435707 0.11859858715186467 0.05597579425113464 0.0834103300876238
0 0.033897503782148286 0.2692753124714435 0.06354009077155826 0.12107951141751869
