0 0.3916887291981846 0.5827367142523531 0.03782148260211805 0.037669181329894684
0 0.25704425113464446 0.07554809420341353 0.02874432677760968 0.029597213902060066
0 0.31982791225416035 0.07554809420341353 0.02420574886535549 0.029597213902060066
0 0.5278460665658095 0.11994391505650379 0.016641452344931987 0.048431804567007394
0 0.24267208774583962 0.13877850572145115 0.018154311649016645 0.021525246474225424
0 0.33117435703479575 0.14281448943536834 0.01664145234493188 0.024215902283503697
0 0.40530446293494704 0.07151211048949621 0.016641452344931935 0.02690655809278197
0 0.4295102118003026 0.12532522667506016 0.01664145234493188 0.03228786971133814
0 0.48548600605143716 0.11859858715186467 0.019667170953101356 0.029597213902060243
0 0.5096917549167926 0.16703039171887216 0.013615733736762456 0.024215902283503888
0 0.5172560514372163 0.192591621907015 0.01059001512859314 0.02690655809278178
0 0.5391925113464447 0.25447670552041346 0.021180030257186067 0.04305049294845123
0 0.5520518154311649 0.20873555676268415 0.010590015128593033 0.03228786971133814
0 0.04524394856278367 0.17375703124206762 0.0317700453857791 0.053813116185563725
0 0.10575832072617249 0.095728012773 0.019667170953101356 0.032287869711338325
0 0.16627269288956129 0.021734978017849776 0.022692889561270833 0.024215902283503888
0 0.18745272314674735 0.0742027662987744 0.025718608169440254 0.03228786971133834
0 0.21014561270801815 0.2504407218064962 0.019667170953101356 0.0349785255206166
0 0.23359493192133132 0.25178604971113516 0.015128593040847169 0.021525246474225424
0 0.3848808623298033 0.16703039171887216 0.018154311649016645 0.024215902283503888
0 0.40227874432677757 0.1899009660977367 0.022692889561270777 0.032287869711338325
