0 0.2910835854765507 0.9177233625074881 0.04236006051437213 0.05650377199484202
0 0.3894194402420575 0.5773554026337966 0.05900151285930412 0.04843180456700759
0 0.3417643721633888 0.28945523104103 0.03933434190620271 0.08610098589690227
0 0.2101456127080182 0.10783596391475185 0.06656580937972771 0.07264770685051128
0 0.18896558245083206 0.5127796632111201 0.04841149773071103 0.048431804567007394
0 0.2721728441754917 0.72130548843018 0.02420574886535549 0.05650377199484202
0 0.26914712556732223 0.6957442582420371 0.03328290468986387 0.03228786971133852
0 0.3924451588502269 0.7737732767111047 0.040847201210287426 0.0591944278041203
0 0.46203668683812404 0.7455213907136837 0.03479576399394858 0.04574114875772931
0 0.3515979576399395 0.5289235980667891 0.025718608169440254 0.03228786971133852
0 0.19577344931921334 0.6311685188193605 0.02874432677760968 0.03228786971133862
0 0.14660552193645993 0.6836363071002852 0.030257186081694417 0.04574114875772931
0 0.12466906202723148 0.5571754840642101 0.0317700453857791 0.040359837139172766
0 0.03465393343419064 0.7576293418554355 0.03328290468986384 0.02690655809278197
0 0.11332261724659609 0.25716736132969165 0.08774583963691378 0.2852095157834884
0 0.4007658850226929 0.0782387500126918 0.054462934947049985 0.06726639523195474
0 0.15643910741301062 0.262548672948248 0.025718608169440202 0.05381311618556375
0 0.06491111951588505 0.28541924732711255 0.024205748865355516 0.04574114875772931
0 0.049782526475037836 0.22891547533227055 0.021180030257186067 0.04574114875772931
0 0.01952534039334344 0.35806695417762385 0.04236006051437215 0.06726639523195474
0 0.09970688350983359 0.3244337565616464 0.021180030257186108 0.04305049294845104
0 0.0278460665658094 0.5356502375899846 0.03479576399394855 0.029597213902060056
0 0.004396747352496238 0.49663572835545083 0.009077155824508323 0.03228786971133814
0 0.0089353252647504 0.6190605676776086 0.018154311649016645 0.03497852552061641
0 0.0278460665658094 0.7912625394714131 0.03479576399394855 0.04574114875772931
0 0.00969175491679276 0.7038162256698718 0.02269288956127079 0.037669181329894684
0 0.2472106656580938 0.3284697402755637 0.03177004538577913 0.03497852552061641
0 0.27065998487140697 0.43205998893277414 0.030257186081694445 0.04305049294845128
0 0.459767397881997 0.51277966321112 0.02420574886535549 0.02690655809278197
0 0.5043967473524962 0.7253414721440974 0.0317700453857791 0.02690655809278178
0 0.37882942511346446 0.5585208119688494 0.016641452344931987 0.02690655809278197
0 0.4105994704992436 0.6284778630100823 0.019667170953101408 0.01614393485566907
0 0.37580370650529504 0.5988806491080221 0.016641452344931827 0.021525246474225712
0 0.3122636157337368 0.5221969585435938 0.013615733736762456 0.029597213902060056
0 0.31680219364599094 0.539686221303902 0.019667170953101304 0.02690655809278178
0 0.15946482602118003 0.6419311420564732 0.02571860816944023 0.037669181329894684
