0 0.12542549167927383 1.3038324711389089 0.05900151285930407 0.05919442780412011
0 0.061128971255673244 0.09841866858227828 0.030257186081694396 0.032287869711338325
0 0.15719553706505296 0.023080305922488817 0.0317700453857791 0.03228786971133814
0 0.07777042360060515 0.1441598173400075 0.021180030257186067 0.02690655809278197
0 0.09062972768532526 0.1751023591467067 0.016641452344931935 0.04035983713917296
0 0.010448184568835124 0.13205186619825565 0.010590015128593033 0.03497852552061641
0 0.3614315431164902 0.062094815157022636 0.01664145234493188 0.029597213902060243
0 0.4711138426626324 0.01635366639929342 0.027231467473524913 0.018834590664947342
0 0.3939580181543116 0.27465662408999986 0.027231467473524913 0.029597213902060056
0 0.394714447806354 0.3082898217059773 0.016641452344931987 0.032287869711338325
0 0.3879065809379727 0.34730433094051116 0.018154311649016645 0.024215902283503888
0 0.413625189107413 0.37690154484257127 0.021180030257186067 0.03497852552061641
0 0.432535930408472 0.27062064037608263 0.01664145234493188 0.02690655809278178
0 0.44766452344931923 0.21949817999979687 0.019667170953101408 0.02690655809278197
0 0.4953195915279879 0.06613079887093977 0.015128593040847222 0.048431804567007596
0 0.5414618003025718 0.14281448943536845 0.01664145234493188 0.029597213902060056
0 0.5520518154311649 0.206044900953406 0.01664145234493188 0.02690655809278178
0 0.37807299546142203 0.12263457086578197 0.03782148260211795 0.02690655809278178
0 0.44766452344931923 0.062094815157022545 0.02571860816944031 0.04035983713917315
0 0.46657526475037825 0.164339735909594 0.01815431164901659 0.029597213902060243
0 0.41740733736762486 0.17106637543278938 0.03479576399394852 0.032287869711338325
0 0.38034228441754914 0.19931826143021047 0.021180030257186067 0.0349785255206166
0 0.3515979576399395 0.220843507904436 0.0242057488653556 0.05112246037628567
0 0.33571293494704996 0.1441598173400075 0.019667170953101408 0.02690655809278197
0 0.3115071860816945 0.0782387500126917 0.025718608169440254 0.04035983713917296
0 0.26082639939485625 0.4912544167368944 0.027231467473524913 0.04305049294845104
0 0.23737708018154313 0.45223990750236054 0.013615733736762538 0.029597213902060056
0 0.23888993948562784 0.3338510518941202 0.01664145234493196 0.040359837139172766
0 0.24267208774583962 0.2975271984688645 0.018154311649016645 0.02690655809278197
0 0.2078763237518911 0.31636178913381185 0.015128593040847222 0.02690655809278197
0 0.21468419062027233 0.26389400085288706 0.022692889561270833 0.04035983713917296
0 0.17686270801815435 0.19393694981165402 0.022692889561270833 0.05112246037628567
0 0.19047844175491682 0.4643478586441125 0.022692889561270777 0.04305049294845085
0 0.19577344931921334 0.5154703190203982 0.012102874432677746 0.03228786971133814
0 0.2207356278366112 0.4925997446415336 0.019667170953101328 0.024215902283503697
0 0.3440336611195159 0.42398802150493964 0.018154311649016697 0.03766918132989487
0 0.3667265506807867 0.4118800703631877 0.027231467473524913 0.05112246037628567
0 0.386393721633888 0.4778011376905035 0.015128593040847222 0.03228786971133814
0 0.4022787443267776 0.48318244930905996 0.016641452344931987 0.04305049294845104
0 0.3939580181543116 0.5020170399740072 0.027231467473524913 0.03228786971133852
