0 0.28049357034795763 1.2029328782909765 0.07261724659606653 0.08879164170618035
0 0.19199130105900153 1.209659517814172 0.05295007564296522 0.06457573942267665
0 0.13072049924357038 1.2258034526698414 0.057488653555219385 0.0591944278041203
0 0.36521369137670195 0.6432764699611122 0.04841149773071098 0.05650377199484202
0 0.4249716338880484 0.6567297490075035 0.0317700453857791 0.05650377199484193
0 0.43102307110438726 0.9204140183167663 0.0438729198184569 0.06726639523195493
0 0.2759549924357035 0.34057769141731564 0.04841149773071103 0.0591944278041203
0 0.33268721633888043 0.3984267913167967 0.16187594553706502 0.1426047578917443
0 0.29789145234493186 0.5329595817807065 0.08018154311649008 0.1426047578917441
0 0.28730143721633883 0.5571754840642101 0.031770045385779155 0.061885083613398194
0 0.35613653555219366 0.5343049096853455 0.05143721633888046 0.1076262323711275
0 0.21317133131618757 0.6446217978657515 0.037821482602118 0.04305049294845123
0 0.18140128593040847 0.6648017164353378 0.037821482602118 0.04574114875772931
0 0.19501701966717097 0.5746647468245183 0.025718608169440254 0.04305049294845104
0 0.02406391830559758 0.7118881930977063 0.04689863842662632 0.05381311618556375
0 0.038436081694402435 0.6580750769121425 0.05143721633888049 0.059194427804120014
0 0.04902609682299547 0.22218883580907506 0.05446293494704991 0.13453279046390967
0 0.17686270801815432 0.25447670552041335 0.03479576399394852 0.06995705104123301
0 0.2222484871406959 0.220843507904436 0.06202723146747352 0.07802901846906764
0 0.16702912254160363 0.5504488445410148 0.03933434190620271 0.06457573942267665
0 0.21770990922844174 0.4589665470255561 0.0317700453857791 0.04305049294845123
0 0.5460003782148259 0.8652555742265633 0.034795763993948736 0.06457573942267647
0 0.19804273827534039 0.7280321279533755 0.0317700453857791 0.059194427804120486
0 0.13147692889561274 0.5504488445410145 0.019667170953101356 0.037669181329894684
0 0.13450264750378213 0.4670385144533906 0.02874432677760968 0.037669181329894684
0 0.08836043872919819 0.4778011376905035 0.024205748865355543 0.03228786971133814
0 0.11861762481089258 0.3634482657961803 0.021180030257186067 0.04035983713917296
0 0.16702912254160363 0.3755562169379321 0.03025718608169439 0.04305049294845123
0 0.17686270801815435 0.34057769141731564 0.022692889561270833 0.03766918132989487
0 0.15492624810892588 0.345959003035872 0.02723146747352494 0.032287869711338325
0 0.13298978819969745 0.29752719846886455 0.022692889561270753 0.037669181329894684
0 0.10197617246596068 0.3244337565616465 0.018154311649016645 0.03228786971133852
0 0.05659039334341907 0.37824687274721036 0.03025718608169439 0.032287869711338325
0 0.21770990922844174 0.3863188401750449 0.0317700453857791 0.05381311618556375
0 0.26233925869894104 0.38631884017504486 0.021180030257186122 0.02690655809278197
0 0.27822428139183053 0.3755562169379321 0.019667170953101356 0.03228786971133814
0 0.4522031013615734 0.5988806491080222 0.05295007564296512 0.059194427804120583
0 0.5089353252647503 0.6634563885306988 0.03630862329803329 0.04305049294845123
0 0.5422182299546143 0.9002340997471798 0.042360060514372244 0.04305049294845123
0 0.5535646747352496 0.7872265557574956 0.019667170953101516 0.06457573942267665
0 0.17081127080181546 0.4778011376905035 0.022692889561270777 0.059194427804120486
0 0.1942605900151286 0.45493056331163884 0.03328290468986387 0.05112246037628581
0 0.32587934947049924 0.7186148326209018 0.03025718608169439 0.051122460376285477
