0 0.3667265506807867 1.0858893505873752 0.021180030257186067 0.04305049294845123
0 0.3969837367624811 0.3674842495100975 0.0877458396369137 0.11300754398968405
0 0.28276285930408473 0.5289235980667891 0.03177004538577921 0.04305049294845085
0 0.27595499243570343 0.5571754840642102 0.024205748865355543 0.024215902283503506
0 0.27292927382753396 0.596189993298744 0.018154311649016645 0.026906558092781876
0 0.2865450075642965 0.637895158342556 0.0242057488653556 0.029597213902060056
0 0.25401853252647505 0.6473124536750295 0.03479576399394852 0.02690655809278197
0 0.31831505295007567 0.6661470443399768 0.02723146747352486 0.02690655809278197
0 0.3727779878971256 0.6594204048167815 0.015128593040847222 0.024215902283503413
0 0.3644572617246596 0.6769096675770898 0.01664145234493188 0.03228786971133852
0 0.2615828290468986 0.6769096675770898 0.019667170953101356 0.03228786971133852
0 0.25780068078668683 0.6876722908142024 0.021180030257186067 0.03228786971133852
0 0.25174924357034795 0.6284778630100821 0.027231467473524992 0.02690655809278197
0 0.13223335854765506 0.5652474514920448 0.009077155824508323 0.013453279046391176
0 0.15719553706505296 0.6217512234868867 0.013615733736762456 0.024215902283503603
0 0.11861762481089258 0.6567297490075032 0.018154311649016645 0.029597213902060056
0 0.1708112708018154 0.5961899932987439 0.02571860816944023 0.037669181329894684
0 0.21014561270801815 0.5073983515925635 0.02571860816944023 0.02690655809278197
0 0.04524394856278367 0.6540390931982252 0.03479576399394852 0.051122460376285386
0 0.02708963691376703 0.4643478586441125 0.02874432677760968 0.04305049294845085
0 0.0391925113464448 0.51277966321112 0.019667170953101356 0.02690655809278197
0 0.07474470499243571 0.5316142538760672 0.024205748865355557 0.037669181329894684
0 0.0755011346444781 0.5760100747291576 0.019667170953101356 0.024215902283503506
0 0.0906297276853253 0.5961899932987439 0.02269288956127082 0.037669181329894684
0 0.023307488653555246 0.03922424077815807 0.0453857791225416 0.048431804567007394
