0 0.1768474842767295 0.9789569351230423 0.06540880503144653 0.06711409395973116
0 0.05986635220125783 0.6903663310961965 0.0729559748427673 0.06711409395973154
0 0.211438679245283 0.31452740492169995 0.07924528301886795 0.053691275167785234
0 0.29634433962264145 0.23734619686800873 0.14088050314465408 0.10961968680089491
0 0.35231918238993704 0.5829837807606261 0.04905660377358491 0.040268456375838924
0 0.12275943396226413 0.855914429530201 0.03270440251572325 0.04474272930648782
0 0.15483490566037733 0.8335430648769571 0.033962264150943396 0.040268456375838924
0 0.15420597484276724 0.6512164429530198 0.03773584905660377 0.0693512304250558
0 0.18313679245283013 0.6545721476510065 0.02767295597484275 0.053691275167785046
0 0.24036949685534587 0.6780620805369124 0.03396226415094342 0.04250559284116318
0 0.38502358490566024 0.8044602908277401 0.033962264150943396 0.04474272930648763
0 0.39823113207547167 0.8279502237136462 0.025157232704402534 0.03355704697986577
0 0.3535770440251571 0.9934983221476509 0.044025157232704316 0.08277404921700211
0 0.2454009433962264 0.7462947427293062 0.031446540880503124 0.04474272930648763
0 0.451446671709531 0.6943989303373979 0.04841149773071103 0.083410330087624
0 0.3818551437216339 1.0226589390693377 0.03630862329803329 0.0726477068505111
0 0.4090866111951588 0.9782631182162475 0.03630862329803329 0.037669181329894684
0 0.43404878971255667 0.9553925438373828 0.040847201210287426 0.0349785255206166
0 0.29789145234493186 0.8006798348038866 0.025718608169440254 0.07533836265978937
0 0.33268721633888054 0.8679462300358416 0.040847201210287475 0.06995705104123301
0 0.2721728441754917 1.0186229553554205 0.037821482602118 0.09686360913401498
0 0.09516830559757941 0.8222050812781122 0.025718608169440254 0.03766918132989487
0 0.11634833585476552 0.8006798348038865 0.031770045385779155 0.037669181329894684
0 0.2797371406959153 0.4455132679791651 0.0499243570347958 0.08071967427834573
0 0.3077250378214826 0.4912544167368944 0.021180030257186067 0.04305049294845104
0 0.29789145234493186 0.401117447126075 0.025718608169440254 0.05112246037628567
0 0.394714447806354 0.38766416807968407 0.0438729198184569 0.11031688818040597
0 0.546000378214826 0.41188007036318774 0.03177004538577921 0.0726477068505111
0 0.5407053706505296 0.23698744276010517 0.042360060514372244 0.061885083613398575
0 0.43631807866868383 0.20873555676268415 0.030257186081694337 0.05381311618556394
0 0.4151380484114977 0.11859858715186467 0.05748865355521936 0.11031688818040578
0 0.37656013615733736 0.24236875437866162 0.08925869894099857 0.06726639523195493
0 0.2555313918305598 0.15357711267248117 0.08623298033282908 0.10493557656184942
0 0.27444213313161875 0.5329595817807063 0.027231467473524968 0.04035983713917296
0 0.3750472768532526 0.5383408933992628 0.03782148260211795 0.05112246037628586
0 0.3576493948562784 0.7549386860461574 0.02420574886535549 0.06457573942267665
0 0.48472957639939485 0.7011255698605935 0.021180030257186067 0.06995705104123282
0 0.46203668683812404 0.931176641553879 0.027231467473524968 0.07802901846906764
0 0.20636346444780634 0.7307227837626535 0.027231467473524968 0.06457573942267665
0 0.2358642208774584 0.6042619607265785 0.016641452344931935 0.03228786971133852
0 0.22981278366111954 0.6056072886312178 0.02874432677760968 0.04574114875772941
0 0.12693835098335857 0.6405858141518341 0.025718608169440268 0.024215902283503413
