0 0.35008509833585477 1.4760344429327132 0.11649016641452348 0.09686360913401479
0 0.23662065052950076 1.2284941084791194 0.06505295007564296 0.09686360913401498
0 0.07625756429652042 1.1168318923940743 0.11346444780635401 0.09955426494329307
0 0.12542549167927383 0.8074064743270822 0.03933434190620274 0.07802901846906744
0 0.26006996974281393 0.7845358999482175 0.05143721633888046 0.06995705104123282
0 0.27973714069591527 0.6701830280538942 0.042360060514372085 0.05650377199484202
0 0.40303517397881994 0.7697372929971874 0.06505295007564296 0.06188508361339838
0 0.3773165658093797 0.8975434439379015 0.04992435703479569 0.06457573942267665
0 0.42421520423600606 1.0320762344018113 0.06202723146747354 0.07533836265978956
0 0.4665752647503782 0.928485985744601 0.03782148260211795 0.05112246037628567
0 0.47338313161875945 0.8275863928966686 0.051437216338880404 0.07533836265978937
0 0.5180124810892587 0.7845358999482175 0.0438729198184569 0.059194427804120486
0 0.5255767776096824 0.8208597533734732 0.046898638426626324 0.051122460376285477
0 0.41892019667170954 0.8343130324198641 0.030257186081694445 0.040359837139172766
0 0.44615166414523455 0.8585289347033679 0.02420574886535549 0.05112246037628567
0 0.4817038577912253 0.7845358999482175 0.02874432677760968 0.04305049294845123
0 0.4635495461422088 0.3984267913167968 0.037821482602118 0.08879164170618055
0 0.2873014372163389 0.25985801713896983 0.11195158850226929 0.10762623237112788
0 0.4552288199697428 0.15895842429103751 0.01815431164901659 0.0349785255206166
0 0.4945631618759455 0.20469957304876693 0.02420574886535549 0.05112246037628567
0 0.2282999243570348 0.12128924296114284 0.027231467473524992 0.040359837139172766
0 0.17005484114977307 1.4787250987419913 0.05295007564296522 0.07533836265978937
