0 0.10348903177004541 0.8047158185178039 0.09379727685325265 0.12107951141751869
0 0.2003120272314675 0.9338672973631572 0.04841149773071106 0.07264770685051128
0 0.27973714069591527 0.9688458228837737 0.0438729198184569 0.06188508361339838
0 0.37731656580937967 0.8222050812781123 0.054462934947049936 0.06995705104123301
0 0.4174073373676248 0.7509027023322401 0.06202723146747354 0.08879164170618055
0 0.5210381996974282 0.7280321279533756 0.045385779122541665 0.08610098589690209
0 0.46430597579425115 0.3836281843657666 0.11649016641452348 0.18296459503091705
0 0.5263332072617246 0.8302770487059468 0.040847201210287475 0.0591944278041203
0 0.3886630105900151 0.9728818065976911 0.04992435703479569 0.08071967427834573
0 0.43329236006051436 1.0388028739250068 0.05748865355521936 0.06726639523195474
0 0.3546236762481089 0.72130548843018 0.045385779122541665 0.05650377199484202
0 0.2638521180030257 1.0724360715409842 0.054462934947049936 0.08610098589690209
0 0.18518343419062028 1.0388028739250068 0.060514372163388834 0.083410330087624
0 0.16702912254160363 1.083198694778097 0.05748865355521936 0.0591944278041203
0 0.06869326777609683 0.5221969585435937 0.04841149773071109 0.04574114875772931
0 0.03087178517397885 0.6500031094843078 0.05143721633888049 0.04305049294845075
0 0.04070537065052951 0.7239961442394581 0.040847201210287426 0.05112246037628586
0 0.1276947806354009 0.5477581887317365 0.018154311649016645 0.0699570510412332
0 0.11180975794251136 0.5854273700616313 0.022692889561270833 0.0699570510412332
0 0.06642397881996977 0.4737651539765862 0.037821482602118 0.05112246037628586
0 0.02255105900151288 0.36479359370081926 0.046898638426626345 0.24215902283503737
0 0.018012481089258722 0.5289235980667891 0.022692889561270805 0.0699570510412332
0 0.03238464447806355 0.5800460584430748 0.027231467473524985 0.04305049294845123
0 0.16249054462934948 0.8558382788940896 0.021180030257186067 0.045741148757729125
0 0.06793683812405449 0.6822909791956462 0.016641452344931935 0.03228786971133814
