0 0.021794629349470514 0.7885718836621348 0.03933434190620271 0.061885083613398194
0 0.386393721633888 1.2527100107626232 0.05446293494704988 0.1183888556082406
0 0.2525056732223903 0.46300253073947345 0.1316187594553706 0.12646082303607523
0 0.10046331316187593 0.5356502375899848 0.05748865355521936 0.05650377199484202
0 0.18518343419062028 0.5571754840642101 0.03933434190620271 0.061885083613398194
0 0.394714447806354 0.31367113332453367 0.0438729198184569 0.0591944278041203
0 0.47035741301059 0.32577908446628556 0.03782148260211805 0.06726639523195493
0 0.49229387291981846 0.6540390931982251 0.04841149773071098 0.07802901846906783
0 0.12845121028744327 0.4778011376905035 0.028744326777609693 0.04305049294845123
0 0.11710476550680787 0.4212973656956614 0.04236006051437213 0.032287869711338325
0 0.08457829046898638 0.4616572028348344 0.025718608169440254 0.037669181329894684
0 0.08155257186081695 0.5477581887317364 0.016641452344931935 0.03228786971133852
0 0.10046331316187597 0.5665927793966838 0.02723146747352494 0.03228786971133852
0 0.09819402420574888 0.5961899932987439 0.025718608169440202 0.037669181329894684
0 0.14131051437216338 0.625787207200804 0.027231467473524968 0.032287869711338235
0 0.2071198940998487 0.6163699118683303 0.025718608169440254 0.04035983713917296
0 0.14055408472012104 0.6594204048167815 0.025718608169440254 0.024215902283503413
0 0.03843608169440245 0.4643478586441125 0.03630862329803329 0.04305049294845085
0 0.26233925869894104 0.3957361355075186 0.03630862329803329 0.024215902283503697
0 0.052051815431164924 0.04864153611063156 0.04538577912254161 0.0349785255206166
0 0.05205181543116492 0.08362006163124816 0.06656580937972771 0.040359837139172766
0 0.05280824508320726 0.11321727553330829 0.05597579425113464 0.03497852552061641
0 0.16249054462934948 0.048641536110631656 0.042360060514372105 0.045741148757729125
0 0.19955559757942512 0.08092940582197007 0.046898638426626324 0.05650377199484202
0 0.11483547655068078 0.17510235914670677 0.02874432677760968 0.0349785255206166
0 0.2298127836611195 0.19528227771629314 0.040847201210287426 0.04305049294845123
0 0.3470593797276853 0.1549224405771203 0.05748865355521936 0.04843180456700759
0 0.4310230711043873 0.2275701474276315 0.04084720121028737 0.03228786971133814
0 0.4068173222390318 0.22891547533227063 0.025718608169440254 0.04035983713917296
0 0.5475132375189108 0.15492244057712032 0.02874432677760968 0.07533836265978956
0 0.029358925869894123 0.3123258054198945 0.03328290468986386 0.04574114875772931
0 0.058103252647503774 0.3984267913167968 0.027231467473524968 0.07264770685051128
0 0.25401853252647505 0.2786926078039172 0.03177004538577918 0.03228786971133852
0 0.262339258698941 0.3607576099869021 0.01815431164901659 0.018834590664947342
0 0.25628782148260215 0.37959220065184934 0.02420574886535549 0.024215902283503697
0 0.2850321482602118 0.3701749053193757 0.021180030257186174 0.032287869711338325
0 0.5460003782148259 0.5813913863477138 0.025718608169440146 0.05650377199484212
0 0.516499621785174 0.7307227837626538 0.027231467473524913 0.037669181329894684
0 0.45295953101361575 0.5585208119688494 0.03630862329803329 0.02690655809278197
0 0.40833018154311645 0.5585208119688492 0.022692889561270833 0.037669181329894684
0 0.4227023449319213 0.46838384235802977 0.018154311649016697 0.051122460376285477
0 0.40227874432677757 0.4562758912162779 0.022692889561270777 0.037669181329894684
0 0.3810987140695915 0.4885637609276163 0.022692889561270833 0.03766918132989487
0 0.3667265506807867 0.3217431007523683 0.021180030257186067 0.03766918132989487
0 0.2910835854765508 0.4226426936003005 0.027231467473524968 0.029597213902060056
0 0.3122636157337368 0.4710744981673079 0.027231467473524913 0.029597213902060056
0 0.29789145234493186 0.5612114677781276 0.025718608169440254 0.03228786971133814
0 0.2888142965204236 0.6082979444404958 0.01664145234493188 0.024215902283503888
0 0.2827628593040847 0.6446217978657515 0.016641452344931987 0.021525246474225615
0 0.2857885779122542 0.6634563885306989 0.01664145234493188 0.03228786971133804
0 0.33646936459909227 0.72130548843018 0.05143721633888051 0.05650377199484202
0 0.24645423600605143 0.5100890074018418 0.01664145234493196 0.03228786971133852
0 0.20409417549167927 0.4589665470255561 0.02571860816944028 0.03228786971133814
0 0.22754349470499244 0.5450675329224581 0.021180030257186042 0.02690655809278197
0 0.23737708018154313 0.5827367142523528 0.013615733736762538 0.02690655809278197
0 0.25401853252647505 0.6082979444404958 0.013615733736762456 0.024215902283503888
0 0.2547749621785174 0.625787207200804 0.021180030257186067 0.032287869711338235
0 0.36445726172465964 0.6244418792961651 0.037821482602118 0.12107951141751869
0 0.4635495461422087 0.6244418792961652 0.024205748865355543 0.04574114875772941
0 0.5286024962178518 0.3526856425590675 0.027231467473524913 0.04574114875772931
0 0.5074224659606656 0.21546219628587965 0.018154311649016645 0.04035983713917296
0 0.4907810136157338 0.1199439150565037 0.02420574886535549 0.032287869711338325
0 0.5308717851739788 0.12532522667506016 0.022692889561270833 0.05919442780412011
0 0.148874810892587 0.5733194189198793 0.01815431164901659 0.04574114875772931
0 0.08230900151285932 0.6257872072008043 0.021180030257186122 0.04305049294845133
0 0.00590960665658095 0.5491035166363756 0.013615733736762484 0.05650377199484202
0 0.01498676248108927 0.51277966321112 0.019667170953101328 0.02690655809278197
