0 0.4121123298033283 0.48318244930905985 0.03933434190620271 0.05919442780412011
0 0.3410079425113465 0.6500031094843078 0.0242057488653556 0.04305049294845075
0 0.4332923600605144 0.6594204048167815 0.024205748865355543 0.024215902283503413
0 0.2835192889561271 0.19393694981165413 0.05446293494704988 0.1318421346546314
0 0.5331410741301059 0.33385105189412007 0.021180030257186067 0.024215902283503697
0 0.5172560514372163 0.5343049096853456 0.022692889561270833 0.03228786971133814
0 0.5361667927382754 0.5248876143528718 0.021180030257186067 0.024215902283503888
0 0.4340487897125567 0.5450675329224584 0.019667170953101304 0.037669181329894684
0 0.4068173222390318 0.5221969585435938 0.019667170953101408 0.029597213902060056
0 0.4718702723146747 0.5625567956827666 0.019667170953101408 0.018834590664947533
0 0.45144667170953096 0.5733194189198793 0.021180030257186067 0.029597213902060056
0 0.45598524962178516 0.5988806491080221 0.018154311649016538 0.021525246474225712
0 0.46657526475037825 0.6217512234868867 0.01815431164901659 0.024215902283503603
0 0.48548600605143727 0.6217512234868867 0.013615733736762456 0.024215902283503603
0 0.5338975037821483 0.5598661398734883 0.01664145234493188 0.018834590664947342
0 0.5565903933434191 0.5894633537755485 0.013615733736762564 0.04035983713917305
0 0.3667265506807867 0.596189993298744 0.021180030257186067 0.026906558092781876
