0 0.4544723903177004 1.1235585319172698 0.06051437216338878 0.08610098589690209
0 0.1927477307110439 0.7199601605255409 0.04841149773071103 0.06995705104123282
0 0.3440336611195159 0.5598661398734882 0.030257186081694445 0.05650377199484202
0 0.34857223903177 0.5154703190203982 0.03328290468986387 0.03228786971133814
0 0.43404878971255667 0.5961899932987439 0.02874432677760968 0.037669181329894684
0 0.4249716338880484 0.5517941724456538 0.01664145234493188 0.04035983713917315
0 0.4340487897125567 0.42667867731421777 0.03479576399394852 0.03228786971133857
0 0.5195253403933434 0.3432683472265938 0.02723146747352502 0.04305049294845104
0 0.4612802571860817 0.6284778630100821 0.019667170953101408 0.02690655809278197
0 0.07999213836477982 0.6154222595078298 0.03270440251572329 0.04250559284116318
0 0.12150157232704399 0.6366750559284113 0.030188679245282977 0.040268456375838924
0 0.39760220125786155 0.5785095078299771 0.02138364779874221 0.026845637583892617
0 0.38753930817610055 0.5908137583892614 0.021383647798742102 0.02460850111856836
0 0.46992924528301877 0.5818652125279637 0.012578616352201293 0.03355704697986577
0 0.4340801886792452 0.49797259507829955 0.016352201257861618 0.02237136465324372
0 0.4303066037735849 0.5158696868008946 0.018867924528301834 0.022371364653244102
0 0.4007468553459119 0.5360039149888141 0.01509433962264151 0.022371364653244102
0 0.4359669811320754 0.5650866890380308 0.02012578616352205 0.026845637583892617
0 0.4498034591194968 0.5807466442953015 0.012578616352201347 0.017897091722595206
0 0.412067610062893 0.60535514541387 0.012578616352201293 0.02237136465324372
0 0.5554638364779874 0.4577041387024606 0.01761006289308162 0.026845637583892617
0 0.5567216981132075 0.47895693512304216 0.01509433962264151 0.03355704697986577
