0 0.18593986384266264 0.7630106534739919 0.0438729198184569 0.05381311618556394
0 0.2842757186081694 0.6486577815796688 0.11043872919818452 0.08879164170618055
0 0.3682394099848714 0.5544848282549321 0.08472012102874438 0.09417295332473671
0 0.42421520423600606 0.6701830280538942 0.04841149773071098 0.05650377199484202
0 0.45598524962178516 0.6352045025332778 0.05748865355521936 0.051122460376285574
0 0.5210381996974282 0.3203977728477292 0.05143721633888051 0.07802901846906783
0 0.5422182299546141 0.5517941724456538 0.03630862329803329 0.051122460376285477
0 0.319071482602118 0.4280240052188569 0.04689863842662621 0.05112246037628567
0 0.3637008320726172 0.4710744981673081 0.036308623298033235 0.0349785255206166
0 0.28805786686838125 0.5396862213039019 0.02420574886535549 0.037669181329894684
0 0.0 0.0 0.0 0.0
0 0.18518343419062028 0.2114262125719623 0.04841149773071103 0.07533836265978956
0 0.1526569591527988 0.4778011376905035 0.0922844175491679 0.2260150879793684
0 0.3447900907715582 0.2692753124714435 0.08925869894099846 0.2017991856958646
0 0.24418494704992436 0.34864965884515015 0.033282904689863814 0.07533836265978937
0 0.07323184568835099 0.24909539390185703 0.033282904689863814 0.06457573942267647
0 0.02103819969742816 0.4172613819817442 0.034795763993948584 0.0349785255206166
0 0.01725605143721635 0.5571754840642101 0.033282904689863814 0.061885083613398194
0 0.07247541603630864 0.36882957741473665 0.025718608169440254 0.03497852552061641
0 0.12542549167927383 0.3419230193219548 0.025718608169440202 0.0349785255206166
0 0.28578857791225415 0.017698994303932465 -0.06202723146747354 -0.021525246474225424
0 0.20258131618759453 0.5181609748296764 0.019667170953101356 0.02690655809278178
0 0.2767114220877458 0.46165720283483425 0.0317700453857791 0.02690655809278197
0 0.3326872163388805 0.48318244930905985 0.022692889561270777 0.03228786971133852
0 0.35538010590015123 0.4051534308399922 0.02571860816944031 0.037669181329894684
0 0.552051815431165 0.372865561128654 0.02269288956127094 0.12377016722679696
0 0.09289901664145238 0.5195063027343154 0.018154311649016645 0.040359837139172766
0 0.11407904689863844 0.5477581887317364 0.018154311649016645 0.03228786971133852
0 0.13904122541603633 0.7038162256698718 0.022692889561270833 0.037669181329894684
0 0.19426059001512858 0.5827367142523531 0.021180030257186094 0.037669181329894684
