0 0.2789807110438729 1.2271487805744803 0.0635400907715582 0.06726639523195493
0 0.07625756429652045 0.4791464655951425 0.09379727685325265 0.083410330087624
0 0.16929841149773073 0.4751104818812252 0.059001512859304044 0.07533836265978937
0 0.1957734493192133 0.2625486729482481 0.0816944024205749 0.15605803693813527
0 0.25931354009077157 0.1925916219070149 0.07866868381240548 0.06457573942267665
0 0.3152893343419062 0.36882957741473665 0.04236006051437219 0.05112246037628567
0 0.1163483358547655 0.6123339281544131 0.037821482602118 0.05919442780412011
0 0.19728630862329802 0.5921540095848266 0.03025718608169439 0.04574114875772931
0 0.13979765506807867 0.5181609748296764 0.021180030257186122 0.037669181329894684
0 0.18064485627836613 0.6526937652935859 0.015128593040847222 0.037669181329894684
0 0.15946482602118003 0.6419311420564733 0.015128593040847169 0.026906558092781686
0 0.14963124054462934 0.6217512234868867 0.010590015128593061 0.024215902283503603
0 0.16324697428139182 0.539686221303902 0.016641452344931935 0.02690655809278178
0 0.21846633888048414 0.42667867731421777 0.0121028744326778 0.04305049294845104
0 0.02255105900151287 0.26792998456680445 0.040847201210287426 0.15067672531957874
0 0.1942605900151286 0.7145788489069845 0.015128593040847169 0.021525246474225424
0 0.20863275340393345 0.7535933581415182 0.016641452344931935 0.0349785255206166
0 0.22527420574886534 0.7213054884301799 0.01664145234493188 0.03497852552061641
