0 0.14282337367624812 0.6352045025332778 0.03933434190620271 0.051122460376285574
0 0.08382186081694404 0.29752719846886455 0.08774583963691375 0.06457573942267665
0 0.20787632375189108 0.4414772842652478 0.03328290468986389 0.051122460376285477
0 0.21997919818456885 0.33788703560803746 0.03328290468986387 0.04305049294845123
0 0.32587934947049924 0.40649875874463137 0.027231467473524913 0.04035983713917296
0 0.31831505295007567 0.45089457959772156 0.02723146747352486 0.037669181329894684
0 0.33798222390317706 0.4616572028348344 0.027231467473524968 0.037669181329894684
0 0.40076588502269295 0.4401319563606088 0.03479576399394858 0.04305049294845123
0 0.3069686081694402 0.4078440866492704 0.022692889561270725 0.032287869711338325
0 0.4983453101361573 0.4603118749301952 0.021180030257186067 0.06726639523195474
0 0.5013710287443268 0.33519637979875927 0.02723146747352502 0.04843180456700759
0 0.5074224659606656 0.1441598173400075 0.1119515885022694 0.26368426930926314
0 0.5528082450832073 0.06344014306166178 0.021180030257186174 0.05919442780412011
0 0.3614315431164902 0.06882145468021804 0.0317700453857791 0.0591944278041203
0 0.26536497730711045 0.14550514524464653 0.05748865355521936 0.05650377199484202
0 0.2948657337367625 0.1831743265745413 0.02874432677760968 0.03497852552061639
0 0.4022787443267777 0.2504407218064961 0.037821482602118 0.040359837139172766
0 0.3682394099848714 0.20469957304876685 0.02420574886535549 0.040359837139172766
0 0.01725605143721635 0.19797293352557144 0.03025718608169439 0.037669181329894684
0 0.14055408472012104 0.24236875437866154 0.0317700453857791 0.04574114875772931
0 0.21090204236006052 0.15761309638639848 0.03328290468986387 0.048431804567007394
0 0.25628782148260215 0.19931826143021047 0.02420574886535549 0.040359837139172766
0 0.2699035552193646 0.2813832636131953 0.02420574886535549 0.03766918132989483
0 0.18215771558245084 0.4226426936003006 0.030257186081694445 0.04035983713917296
0 0.20031202723146746 0.374210889033293 0.027231467473524913 0.05650377199484222
0 0.0770139939485628 0.41322539826782695 0.03479576399394856 0.0591944278041203
0 0.06793683812405449 0.35537629836834567 0.031770045385779155 0.06188508361339838
0 0.16854198184568833 0.06613079887093985 0.03025718608169436 0.05381311618556394
0 0.3372257942511347 0.028461617541045175 0.02874432677760973 0.04305049294845085
0 0.3334436459909228 0.23295145904618786 0.018154311649016538 0.02690655809278197
0 0.3697522692889561 0.33385105189412007 0.021180030257186067 0.024215902283503697
0 0.4204330559757943 0.3392323635126765 0.019667170953101356 0.029597213902060056
0 0.4665752647503782 0.33250572398948103 0.03630862329803329 0.04305049294845104
0 0.4635495461422087 0.3742108890332931 0.024205748865355543 0.04574114875772931
0 0.4000094553706505 0.4118800703631878 0.027231467473524968 0.029597213902060056
0 0.40227874432677757 0.37690154484257127 0.022692889561270777 0.03497852552061641
0 0.4401002269288956 0.36882957741473654 0.01664145234493188 0.04574114875772931
0 0.1413105143721634 0.4778011376905035 0.021180030257186067 0.03228786971133814
0 0.16627269288956129 0.5127796632111199 0.022692889561270833 0.037669181329894684
0 0.18669629349470498 0.5316142538760673 0.027231467473524968 0.05381311618556375
0 0.1889655824508321 0.48049179349978177 0.016641452344931935 0.037669181329894684
0 0.17610627836611198 0.46838384235802977 0.012102874432677746 0.051122460376285477
0 0.15795196671709533 0.4576212191209171 0.015128593040847169 0.04574114875772931
0 0.03389750378214827 0.0257709617317669 0.030257186081694417 0.048431804567007394
