0 0.31302004538577916 0.3728655611286539 0.04387291981845685 0.037669181329894684
0 0.33722579425113464 0.29752719846886455 0.03782148260211805 0.06457573942267665
0 0.3523543872919818 0.4455132679791651 0.025718608169440254 0.04305049294845104
0 0.32436649016641456 0.5383408933992628 0.024205748865355543 0.040359837139172766
0 0.1806448562783661 0.4670385144533908 0.03025718608169439 0.02690655809278197
0 0.28125 0.4899090888322554 0.019667170953101408 0.05650377199484202
0 0.17686270801815432 0.3647935937008194 0.03479576399394852 0.04305049294845104
0 0.015743192133131627 0.16972104752815034 0.03328290468986384 0.0941729533247369
0 0.14206694402420578 0.15223178476784213 0.040847201210287426 0.048431804567007394
0 0.05356467473524964 0.2531313776157742 0.04236006051437219 0.05650377199484202
0 0.11332261724659606 0.17913834286062402 0.02874432677760968 0.03766918132989487
0 0.12466906202723148 0.206044900953406 0.02420574886535549 0.02690655809278178
0 0.18896558245083206 0.2383327706647442 0.0317700453857791 0.02690655809278197
0 0.17383698940998488 0.14146916153072922 0.03479576399394855 0.037669181329894684
0 0.12693835098335854 0.1441598173400075 0.022692889561270777 0.02690655809278197
0 0.11180975794251136 0.24909539390185703 0.022692889561270833 0.02690655809278178
0 0.1935041603630862 0.2786926078039172 0.019667170953101384 0.037669181329894684
0 0.2275434947049924 0.32308842865700743 0.03025718608169439 0.05650377199484202
0 0.32587934947049924 0.31232580541989463 0.03328290468986376 0.05650377199484222
0 0.22376134644478063 0.415916054077105 0.02874432677760965 0.032287869711338325
0 0.17761913767019671 0.39304547969824044 0.018154311649016645 0.029597213902060056
0 0.15795196671709533 0.39304547969824033 0.027231467473524992 0.034978525520616366
0 0.008935325264750386 0.4670385144533908 0.019667170953101356 0.08071967427834592
0 0.07171898638426628 0.4455132679791651 0.024205748865355543 0.04305049294845104
0 0.10424546142208775 0.5100890074018418 0.019667170953101356 0.03228786971133852
0 0.1450926626323752 0.5248876143528719 0.03479576399394858 0.04035983713917296
0 0.19350416036308626 0.5733194189198793 0.02874432677760968 0.04574114875772931
0 0.33420007564296517 0.44820392378844337 0.01664145234493188 0.04305049294845104
0 0.3357129349470499 0.0742027662987745 0.13464447806354013 0.13453279046390948
0 0.4968324508320726 0.19259162190701498 0.030257186081694337 0.06995705104123301
0 0.5089353252647504 0.30021785427814274 0.03328290468986387 0.04305049294845104
