0 0.2003120272314675 0.6594204048167814 0.11195158850226931 0.14260475789174448
0 0.2600699697428139 0.6190605676776086 0.043872919818456875 0.0726477068505111
0 0.25174924357034795 0.5100890074018418 0.07261724659606653 0.13453279046390948
0 0.38034228441754914 0.6674923722446161 0.054462934947049825 0.07802901846906736
0 0.4885117246596067 0.6849816350049243 0.04084720121028737 0.06457573942267665
0 0.47262670196671713 0.7307227837626538 0.024205748865355436 0.05381311618556394
0 0.4991017397881997 0.7414854069997665 0.03479576399394852 0.0699570510412332
0 0.39849659606656584 0.8141331138502778 0.05143721633888051 0.05381311618556394
0 0.365213691376702 0.862564918417285 0.02420574886535549 0.04843180456700759
0 0.33571293494704996 0.8275863928966686 0.03479576399394863 0.05381311618556394
0 0.32739220877458397 0.9890257414533602 0.02420574886535549 0.09686360913401498
0 0.3659701210287443 1.0078603321183075 0.05295007564296528 0.06457573942267665
0 0.39017586989409986 0.928485985744601 0.040847201210287475 0.05112246037628567
0 0.1314769288956127 0.41995203779102225 0.034795763993948535 0.05650377199484202
0 0.08079614220877457 0.5437222050178192 0.03630862329803329 0.051122460376285477
0 0.0482696671709531 0.5383408933992628 0.02874432677760968 0.040359837139172766
0 0.06264183055975797 0.5961899932987439 0.027231467473524968 0.037669181329894684
0 0.09592473524962178 0.3917001517936013 0.04538577912254161 0.04843180456700759
0 0.012717473524962204 0.7118881930977062 0.027231467473524992 0.06457573942267665
0 0.008178895612708043 0.5316142538760674 0.015128593040847195 0.06457573942267665
0 0.014986762481089285 0.38497351227040577 0.02874432677760968 0.05112246037628543
0 0.03616679273827535 0.3661389216054585 0.0317700453857791 0.061885083613398575
0 0.043731089258698966 0.09438268486836088 0.08623298033282904 0.1318421346546314
0 0.14963124054462937 0.34326834722659383 0.019667170953101356 0.06457573942267665
0 0.21770990922844174 0.3849735122704058 0.0317700453857791 0.04574114875772931
0 0.0 0.0 0.0 0.0
0 0.505909606656581 0.456275891216278 0.054462934947049936 0.10224492075257154
0 0.29486573373676245 0.9540472159327437 0.040847201210287475 0.05381311618556375
0 0.10424546142208778 0.7576293418554356 0.016641452344931935 0.03766918132989487
0 0.1375283661119516 0.7939531952806912 0.02874432677760968 0.051122460376285477
