0 0.12769478063540093 0.6109886002497739 0.024205748865355543 0.04574114875772931
0 0.21544062027231467 0.3109804775152555 0.036308623298033235 0.04305049294845123
0 0.18593986384266262 0.24640473809257882 0.02571860816944023 0.03228786971133814
0 0.16475983358547652 0.2100808846673232 0.019667170953101356 0.029597213902060056
0 0.148874810892587 0.28272859151783447 0.027231467473524968 0.029597213902060056
0 0.16627269288956129 0.058058831443105224 0.02874432677760968 0.03228786971133852
0 0.17610627836611195 0.11052661972403005 0.027231467473524968 0.04035983713917295
0 0.2880578668683813 0.02442563382712786 0.021180030257186067 0.03497852552061622
0 0.32134077155824503 0.1831743265745413 0.021180030257186067 0.029597213902060243
0 0.41892019667170954 0.26523932875752615 0.03782148260211795 0.048431804567007394
0 0.41059947049924356 0.2141168683812406 0.02723146747352502 0.04305049294845104
0 0.546000378214826 0.19124629400237583 0.019667170953101304 0.0349785255206166
