0 0.18518343419062028 1.373789522180142 0.0695915279878971 0.09686360913401498
0 0.2865450075642965 1.2863432083786006 0.07261724659606658 0.07802901846906764
0 0.2782242813918306 1.1060692691569616 0.05295007564296528 0.0726477068505111
0 0.2373770801815431 1.122213204012631 0.052950075642965166 0.06726639523195474
0 0.0429746596066566 0.4899090888322554 0.07261724659606657 0.07264770685051128
0 0.09441187594553707 0.6473124536750297 0.03630862329803329 0.07533836265978947
0 0.1239126323751891 0.7051615535745108 0.040847201210287426 0.061885083613398194
0 0.3258793494704993 0.5491035166363757 0.04841149773071103 0.04574114875772931
0 0.25704425113464446 0.749557374427601 0.0408472012102875 0.06457573942267665
0 0.2562878214826021 0.2585126892343307 0.04538577912254158 0.06188508361339838
0 0.04826966717095311 0.18721031028845853 0.02571860816944023 0.037669181329894684
0 0.07928328290468988 0.2316061311415488 0.03025718608169439 0.0349785255206166
0 0.12315620272314674 0.21815285209515783 0.03933434190620271 0.04574114875772931
0 0.14963124054462937 0.19124629400237586 0.034795763993948604 0.05650377199484202
0 0.02255105900151287 0.35134031465442844 0.019667170953101356 0.06457573942267661
0 0.06264183055975794 0.3674842495100976 0.04841149773071103 0.05381311618556375
0 0.06869326777609686 0.3338510518941202 0.03933434190620274 0.0349785255206166
0 0.1337462178517398 0.29752719846886455 0.027231467473524968 0.037669181329894684
0 0.15568267776096822 0.3540309704637066 0.0317700453857791 0.037669181329894684
0 0.1632469742813918 0.36344826579618034 0.019667170953101356 0.045741148757729125
0 0.17761913767019666 0.2692753124714435 0.027231467473524913 0.05112246037628586
0 0.21770990922844174 0.2921458868503082 0.022692889561270753 0.05381311618556399
0 0.19199130105900153 0.3917001517936013 0.022692889561270833 0.04843180456700759
0 0.24947995461422087 0.4199520377910223 0.0347957639939485 0.03497852552061641
0 0.129964069591528 0.49798105626008987 0.022692889561270777 0.04574114875772931
0 0.16324697428139184 0.5087436794972026 0.02874432677760968 0.04574114875772931
0 0.11786119515885023 0.4145707261724659 0.025718608169440254 0.04574114875772931
0 0.1466055219364599 0.40918941455390956 0.0317700453857791 0.0349785255206166
0 0.19123487140695916 0.5329595817807063 0.030257186081694417 0.04035983713917296
0 0.2540185325264751 0.6917082745281199 0.04689863842662635 0.08879164170618006
0 0.2767114220877458 0.5961899932987439 0.02571860816944031 0.05381311618556394
0 0.2525056732223903 0.5248876143528718 0.03177004538577913 0.11569819979896251
0 0.2525056732223903 0.5706287631106012 0.04084720121028745 0.061885083613398575
0 0.3712651285930409 0.9782631182162475 0.054462934947049985 0.09148229751545862
0 0.48926815431164905 0.8840901648915107 0.0574886535552193 0.04843180456700759
0 0.5255767776096822 0.8141331138502778 0.0242057488653556 0.05381311618556394
0 0.5157431921331316 0.6997802419559543 0.025718608169440254 0.04035983713917296
0 0.508178895612708 0.7818452441389392 0.022692889561270833 0.037669181329894684
0 0.47035741301059 0.6822909791956462 0.02874432677760968 0.04305049294845123
