0 0.1148354765506808 1.071090743636345 0.05295007564296522 0.07802901846906764
0 0.09970688350983362 1.2823072246646832 0.08320726172465961 0.1183888556082404
0 0.2071198940998487 1.1746809922935555 0.08018154311649019 0.13991410208246602
0 0.3493286686838124 0.847766311466255 0.07413010590015123 0.083410330087624
0 0.432535930408472 0.7078522093837889 0.06505295007564287 0.07264770685051128
0 0.2661214069591528 0.4374413005513306 0.06505295007564302 0.1399141020824662
0 0.19350416036308624 0.7979891789946084 0.10136157337367625 0.09686360913401479
0 0.09895045385779122 0.8773635253683153 0.054462934947049936 0.05112246037628567
0 0.13979765506807867 0.9742271345023301 0.07866868381240548 0.06726639523195474
0 0.09895045385779122 1.0213136111646985 0.05748865355521936 0.05381311618556394
0 0.23056921331316188 1.042838857638924 0.03933434190620271 0.06995705104123301
0 0.26536497730711045 0.9298313136492399 0.03630862329803329 0.06457573942267665
0 0.30848146747352495 0.8652555742265633 0.02874432677760968 0.06457573942267647
0 0.29940431164901665 0.9567378717420219 0.03782148260211795 0.037669181329894684
0 0.33117435703479575 0.9984430367858339 0.03782148260211795 0.05650377199484202
0 0.3705086989409985 0.9715364786930518 0.037821482602117894 0.04574114875772931
0 0.5399489409984871 0.7307227837626538 0.040847201210287475 0.09148229751545862
0 0.5172560514372163 0.6688377001492553 0.0438729198184569 0.0699570510412332
0 0.5051531770045385 0.7885718836621348 0.040847201210287475 0.05112246037628586
0 0.4393437972768533 0.902924755556458 0.03630862329803329 0.07533836265978956
0 0.38034228441754914 0.8141331138502778 0.027231467473524968 0.05381311618556394
0 0.20787632375189105 0.08092940582196997 0.11195158850226923 0.10493557656184961
0 0.014986762481089272 0.8706368858451198 0.03177004538577913 0.07533836265978937
