0 0.3818551437216339 0.7266868000487362 0.05748865355521936 0.05650377199484202
0 0.1730805597579425 0.21680752419051869 0.0635400907715582 0.1452954137010224
0 0.12013048411497733 0.3540309704637065 0.06656580937972767 0.07533836265978937
0 0.0 0.0 0.0 0.0
0 0.30772503782148264 0.5262329422575108 0.025718608169440254 0.02690655809278197
0 0.02633320726172468 0.17644768705134584 0.028744326777609686 0.03228786971133852
0 0.06264183055975796 0.3055991658966991 0.02874432677760968 0.05919442780412011
0 0.06793683812405449 0.3849735122704058 0.027231467473524954 0.0349785255206166
0 0.03994894099848717 0.4078440866492704 0.028744326777609686 0.032287869711338325
0 0.08155257186081696 0.4993263841647289 0.021180030257186108 0.02690655809278197
0 0.016499621785174 0.5867726979662702 0.030257186081694396 0.0349785255206166
0 0.16097768532526477 0.6056072886312177 0.025718608169440254 0.02959721390206015
0 0.24796709531013617 0.5639021235874055 0.027231467473524968 0.048431804567007394
0 0.34857223903177004 0.21277154047660146 0.022692889561270833 0.040359837139172766
0 0.4733831316187594 0.09169202905908277 0.021180030257186067 0.0349785255206166
0 0.508178895612708 0.06613079887093985 0.021180030257186067 0.037669181329894684
0 0.5248203479576399 0.09438268486836096 0.015128593040847222 0.029597213902060243
0 0.5217946293494704 0.13205186619825557 0.021180030257186067 0.018834590664947342
0 0.5263332072617247 0.16164908010031578 0.018154311649016753 0.0349785255206166
0 0.4090866111951589 0.2248794916183533 0.025718608169440202 0.02690655809278178
0 0.38261157337367624 0.3647935937008194 0.0121028744326778 0.032287869711338325
0 0.3410079425113465 0.4912544167368944 0.016641452344931987 0.04305049294845104
