0 0.3326872163388805 0.4522399075023606 0.06807866868381234 0.06726639523195474
0 0.41513804841149776 0.5840820421569921 0.045385779122541554 0.05112246037628577
0 0.44615166414523455 0.6674923722446162 0.02874432677760973 0.04035983713917267
0 0.055833963691376706 0.6917082745281198 0.040847201210287475 0.04035983713917315
0 0.16097768532526477 0.8141331138502778 0.030257186081694417 0.037669181329894684
0 0.43556164901664146 0.4737651539765862 0.022692889561270833 0.05112246037628586
0 0.4355616490166414 0.6540390931982251 0.01664145234493188 0.024215902283503888
0 0.4204330559757943 0.637895158342556 0.019667170953101356 0.029597213902060056
0 0.4227023449319213 0.5329595817807065 0.018154311649016697 0.024215902283503888
0 0.5338975037821483 0.4885637609276163 0.01664145234493188 0.03766918132989487
0 0.548269667170953 0.4589665470255561 0.018154311649016645 0.03228786971133814
0 0.518768910741301 0.5585208119688494 0.019667170953101408 0.02690655809278197
0 0.5414618003025718 0.5450675329224584 0.01664145234493188 0.037669181329894684
0 0.5452439485627837 0.5854273700616311 0.02420574886535549 0.03228786971133852
0 0.45976739788199694 0.6082979444404958 0.016641452344931987 0.024215902283503888
0 0.5278460665658093 0.6136792560590523 0.03177004538577921 0.045741148757729215
0 0.5157431921331317 0.31636178913381185 0.013615733736762564 0.02690655809278197
0 0.49002458396369136 0.30290851008742087 0.01664145234493188 0.02690655809278197
0 0.5444875189107413 0.4334053168374133 0.01664145234493188 0.018834590664947533
