0 0.11937405446293496 0.8168237696595558 0.0438729198184569 0.05919442780412011
0 0.1889655824508321 0.3392323635126765 0.03479576399394858 0.04574114875772931
0 0.205607034795764 0.36613892160545847 0.022692889561270833 0.051122460376285477
0 0.22678706505295007 0.4670385144533906 0.0317700453857791 0.037669181329894684
0 0.24796709531013617 0.43475064474205244 0.034795763993948604 0.037669181329894684
0 0.2789807110438729 0.3621029378915413 0.03630862329803329 0.04305049294845104
0 0.3493286686838124 0.48049179349978177 0.019667170953101408 0.037669181329894684
0 0.40076588502269295 0.5006717120693681 0.03479576399394858 0.05112246037628586
0 0.4090866111951589 0.4051534308399922 0.030257186081694445 0.037669181329894684
0 0.4196766263237519 0.44820392378844326 0.030257186081694445 0.037669181329894635
0 0.5293589258698941 0.21277154047660146 0.03479576399394863 0.040359837139172766
0 0.33949508320726174 0.32981506818020284 0.02723146747352502 0.04305049294845123
0 0.14963124054462934 0.14685047314928576 0.06202723146747354 0.07533836265978937
0 0.12391263237518912 0.35134031465442833 0.022692889561270777 0.04843180456700759
0 0.15568267776096825 0.36075760998690215 0.0317700453857791 0.040359837139172766
0 0.10424546142208774 0.4078440866492704 0.013615733736762456 0.032287869711338325
0 0.1087840393343419 0.4455132679791651 0.019667170953101356 0.04305049294845104
0 0.11407904689863844 0.5369955654946237 0.021180030257186067 0.032287869711338325
0 0.018012481089258722 0.4670385144533906 0.022692889561270805 0.037669181329894684
0 0.0709625567322239 0.45627589121627793 0.022692889561270777 0.02690655809278178
0 0.09592473524962179 0.48318244930905985 0.02420574886535549 0.03228786971133852
0 0.07928328290468988 0.30156318218278183 0.021180030257186067 0.03497852552061665
0 0.04751323751891074 0.29349121475494727 0.03025718608169439 0.03497852552061641
0 0.03919251134644479 0.19124629400237583 0.04084720121028745 0.0349785255206166
0 0.022551059001512882 0.3674842495100976 0.03479576399394855 0.032287869711338325
0 0.027846066565809385 0.07285743839413535 0.04841149773071103 0.045741148757729506
0 0.022551059001512882 0.2531313776157744 0.03479576399394855 0.04574114875772931
0 0.0051531770045385936 0.24371408228330066 0.012102874432677772 0.032287869711338325
0 0.00590960665658095 0.19662760562093232 0.016641452344931907 0.04035983713917296
