0 0.3410079425113465 0.48049179349978177 0.0242057488653556 0.037669181329894684
0 0.20106845688350986 0.19124629400237583 0.025718608169440202 0.0349785255206166
0 0.224517776096823 0.14819580105392471 0.02723146747352494 0.05112246037628567
0 0.24267208774583965 0.08362006163124816 0.02420574886535557 0.05112246037628586
0 0.36975226928895616 0.1791383428606241 0.027231467473524968 0.02690655809278197
0 0.13904122541603633 0.19662760562093232 0.025718608169440254 0.04035983713917296
0 0.2071198940998487 0.2383327706647442 0.019667170953101356 0.02690655809278197
0 0.11407904689863844 0.5154703190203982 0.021180030257186067 0.03228786971133814
0 0.1466055219364599 0.4912544167368945 0.016641452344931935 0.03228786971133852
0 0.15568267776096822 0.46972917026266886 0.019667170953101356 0.03228786971133814
0 0.18820915279878972 0.4401319563606088 0.024205748865355516 0.02690655809278197
0 0.1919913010590015 0.401117447126075 0.013615733736762484 0.03497852552061641
0 0.17913199697428142 0.3809375285564885 0.018154311649016645 0.02690655809278197
0 0.030871785173978823 0.056713503538466284 0.02723146747352494 0.045741148757729125
0 0.08079614220877461 0.18048367076526314 0.024205748865355543 0.0349785255206166
0 0.0936554462934947 0.21277154047660146 0.04084720121028746 0.029597213902060056
0 0.19274773071104384 0.5073983515925635 0.01815431164901667 0.02690655809278197
0 0.3455465204236006 0.19528227771629317 0.015128593040847222 0.021525246474225424
0 0.3750472768532526 0.21277154047660138 0.022692889561270725 0.02421590228350372
0 0.32814863842662634 0.28138326361319543 0.013615733736762456 0.02690655809278197
0 0.3697522692889561 0.29483654265958625 0.021180030257186067 0.02690655809278197
0 0.38034228441754914 0.3365417077033983 0.027231467473524968 0.024215902283503697
0 0.3440336611195159 0.3849735122704058 0.0242057488653556 0.024215902283503888
0 0.3735344175491679 0.40246277503071404 0.01361573373676251 0.021525246474225615
0 0.3689958396369138 0.4374413005513305 0.013615733736762456 0.021525246474225424
0 0.4143816187594554 0.11052661972403005 0.03479576399394863 0.04035983713917295
0 0.24872352496217853 0.3163617891338119 0.018154311649016645 0.04843180456700759
0 0.2835192889561271 0.07420276629877458 0.030257186081694445 0.04305049294845104
0 0.49229387291981846 0.109181291819391 0.021180030257186067 0.037669181329894864
0 0.5059096066565809 0.16972104752815043 0.021180030257186067 0.04574114875772931
0 0.37958585476550677 0.054022847729188105 0.02571860816944031 0.040359837139172766
