0 0.29108358547655067 0.44551326797916524 0.11497730711043877 0.12377016722679696
0 0.2986478819969743 0.3594122820822629 0.07564296520423605 0.10224492075257129
0 0.14963124054462937 0.5961899932987439 0.0438729198184569 0.05381311618556394
0 0.23813350983358547 0.6204058955822476 0.0574886535552193 0.06457573942267665
0 0.21922276853252648 0.7495573744276012 0.05597579425113467 0.07533836265978937
0 0.36823940998487137 0.7952985231853302 0.05143721633888051 0.10224492075257134
0 0.5180124810892587 0.7495573744276011 0.05748865355521936 0.09148229751545862
0 0.3410079425113464 0.889471476510067 0.05143721633888046 0.04843180456700759
0 0.4090866111951588 0.8894714765100671 0.05748865355521936 0.06995705104123301
0 0.46506240544629346 0.8800541811775933 0.075642965204236 0.08341033008762419
0 0.4975888804841149 0.8746728695590369 0.04387291981845685 0.07264770685051128
0 0.4733831316187595 0.8222050812781122 0.0317700453857791 0.06457573942267665
0 0.43556164901664146 0.8195144254688339 0.04387291981845695 0.037669181329894684
0 0.47035741301059 0.7280321279533755 0.0438729198184569 0.059194427804120486
0 0.4771652798789712 0.7401400790951272 0.030257186081694445 0.04574114875772931
0 0.4211894856278366 0.928485985744601 0.054462934947049936 0.05112246037628567
0 0.07928328290468989 0.7361040953812101 0.04538577912254161 0.06457573942267665
0 0.4196766263237519 0.9379032810770745 0.030257186081694445 0.06457573942267665
0 0.3879065809379728 0.6365498304379169 0.0242057488653556 0.06995705104123282
0 0.16854198184568836 0.19124629400237594 0.05446293494704988 0.08879164170618035
0 0.020281770045385786 0.4482039237884434 0.04236006051437216 0.08071967427834592
0 0.01423033282904693 0.7818452441389394 0.027231467473524968 0.06457573942267665
