0 0.13450264750378216 0.6163699118683306 0.17095310136157335 0.1426047578917441
0 0.16022125567322237 0.9069607392703751 0.06505295007564296 0.083410330087624
0 0.03314107413010591 1.099342629633766 0.055975794251134615 0.08610098589690209
0 0.329661497730711 0.9876804135487212 0.03782148260211805 0.06726639523195474
0 0.3213407715582451 1.0603281203992323 0.04841149773071109 0.05650377199484222
0 0.37126512859304084 1.1195225482033526 0.051437216338880404 0.083410330087624
0 0.3954708774583964 0.8585289347033677 0.030257186081694445 0.04035983713917296
0 0.4121123298033283 0.7764639325203829 0.03630862329803334 0.05381311618556375
0 0.4680881240544629 0.7145788489069845 0.03328290468986387 0.0699570510412332
0 0.440856656580938 0.5773554026337965 0.03328290468986387 0.037669181329894684
0 0.5422182299546142 0.832967704515225 0.03933434190620271 0.05381311618556375
0 0.5255767776096824 0.7307227837626535 0.03328290468986387 0.048431804567007394
0 0.24342851739788202 0.5329595817807065 0.02874432677760968 0.051122460376285477
0 0.37126512859304084 0.6688377001492553 0.03630862329803318 0.0699570510412332
0 0.4204330559757942 0.6284778630100822 0.02874432677760968 0.06457573942267665
0 0.44236951588502266 0.4966357283554508 0.024205748865355436 0.059194427804120486
0 0.46808812405446293 0.3136711333245337 0.02723146747352502 0.07533836265978937
0 0.4832167170953101 0.25447670552041335 0.03630862329803329 0.0591944278041203
0 0.4559852496217852 0.24102342647402247 0.0242057488653556 0.05381311618556394
