0 0.1753498487140696 1.1168318923940745 0.06807866868381239 0.083410330087624
0 0.21468419062027233 0.9083060671750144 0.06505295007564296 0.06995705104123301
0 0.2388899394856278 0.7428307349044054 0.0650529500756429 0.08879164170618055
0 0.4045480332829047 0.5531395003502928 0.05143721633888056 0.13453279046390987
0 0.20106845688350983 0.30425383799206 0.1013615733736762 0.07802901846906764
0 0.04600037821482604 0.17375703124206765 0.057488653555219385 0.08610098589690227
0 0.07928328290468989 0.45358523540699974 0.04841149773071103 0.04305049294845104
0 0.05432110438729197 0.5087436794972026 0.037821482602118 0.04574114875772931
0 0.021038199697428168 0.695744258242037 0.049924357034795766 0.08610098589690227
0 0.10500189107413012 0.6540390931982251 0.03328290468986387 0.08879164170618026
0 0.13828479576399394 0.6446217978657514 0.03933434190620271 0.06995705104123291
0 0.5354103630862329 0.6002259770126612 0.059001512859304016 0.083410330087624
0 0.4612802571860817 0.9500112322188264 0.040847201210287475 0.07802901846906764
0 0.5240639183055975 0.8168237696595558 0.045385779122541665 0.05919442780412011
0 0.5036403177004538 0.7885718836621348 0.0317700453857791 0.061885083613398194
0 0.4544723903177004 0.7979891789946084 0.03328290468986387 0.04305049294845085
0 0.5331410741301059 0.8773635253683152 0.03328290468986387 0.061885083613398575
0 0.44236951588502266 0.902924755556458 0.024205748865355436 0.04843180456700759
0 0.5021274583963692 0.6190605676776086 0.046898638426626324 0.083410330087624
0 0.2865450075642965 0.39304547969824044 0.08472012102874427 0.250230990262872
0 0.21922276853252648 0.41860670988638327 0.05597579425113467 0.06995705104123301
0 0.05885968229954616 0.38362818436576673 0.0499243570347958 0.06995705104123301
0 0.01574319213313164 0.3567216262729848 0.03025718608169439 0.04305049294845123
0 0.514230332829047 0.09438268486836097 0.08623298033282903 0.17489262760308244
