0 0.32739220877458397 0.5154703190203982 0.02420574886535549 0.059194427804120486
0 0.04524394856278367 0.23295145904618783 0.025718608169440254 0.037669181329894684
0 0.07323184568835099 0.17510235914670677 0.024205748865355543 0.0349785255206166
0 0.21770990922844174 0.13205186619825565 0.0317700453857791 0.045741148757729125
0 0.2396463691376702 0.10110932439155636 0.027231467473524968 0.032287869711338325
0 0.26309568835098335 0.059404159347744366 0.01664145234493188 0.04035983713917296
0 0.17761913767019666 0.29080055894566903 0.03025718608169439 0.056503771994842265
0 0.20106845688350983 0.262548672948248 0.016641452344931935 0.032287869711338325
0 0.22678706505295007 0.17779301495598487 0.025718608169440254 0.0349785255206166
0 0.27822428139183053 0.22353416371371418 0.013615733736762456 0.029597213902060056
0 0.27671142208774585 0.2786926078039172 0.022692889561270777 0.037669181329894684
0 0.29335287443267777 0.35806695417762396 0.022692889561270885 0.03497852552061641
0 0.21695347957639943 0.4172613819817441 0.018154311649016645 0.029597213902060056
0 0.19955559757942512 0.5020170399740072 0.025718608169440202 0.03228786971133852
0 0.2282999243570348 0.5383408933992628 0.022692889561270777 0.024215902283503506
0 0.18140128593040847 0.48990908883225537 0.016641452344931935 0.029597213902060243
0 0.14584909228441756 0.5289235980667891 0.021180030257186067 0.03228786971133852
0 0.16854198184568836 0.5450675329224584 0.021180030257186122 0.037669181329894684
0 0.3523543872919818 0.21277154047660135 0.025718608169440254 0.05112246037628567
0 0.39320158850226933 0.24640473809257882 0.019667170953101356 0.03228786971133814
0 0.413625189107413 0.2342967869508271 0.027231467473524913 0.04574114875772931
0 0.4499338124054463 0.16164908010031578 0.02420574886535549 0.0349785255206166
0 0.41059947049924356 0.05267751982454896 0.02723146747352502 0.03766918132989449
0 0.4393437972768533 0.35806695417762396 0.03630862329803329 0.03497852552061641
0 0.300160741301059 0.4778011376905035 0.018154311649016645 0.03228786971133814
0 0.3115071860816944 0.4670385144533908 0.013615733736762402 0.02690655809278197
0 0.3637008320726172 0.42398802150493964 0.02723146747352502 0.03766918132989487
0 0.3871501512859304 0.4670385144533908 0.019667170953101304 0.02690655809278197
0 0.3682394099848714 0.5289235980667891 0.02420574886535549 0.03228786971133852
0 0.18140128593040847 0.04729620820599252 0.02874432677760968 0.03228786971133852
