0 0.29335287443267777 0.8329677045152252 0.07110438729198182 0.07533836265978937
0 0.10121974281391832 0.7361040953812101 0.052950075642965166 0.06457573942267665
0 0.3637008320726172 1.0374575460203677 0.051437216338880404 0.08071967427834573
0 0.4385873676248109 0.8491116393708943 0.03630862329803329 0.06995705104123301
0 0.4612802571860817 0.8100971301363604 0.033282904689863814 0.04574114875772931
0 0.5278460665658093 0.8773635253683153 0.042360060514372244 0.05112246037628567
0 0.4635495461422087 0.6957442582420371 0.03479576399394842 0.04305049294845085
0 0.4098430408472012 0.4925997446415335 0.024205748865355543 0.05112246037628586
0 0.44463880484114976 0.4899090888322554 0.02420574886535549 0.05650377199484202
0 0.4635495461422088 0.22622481952299237 0.0317700453857791 0.04035983713917296
0 0.48246028744326774 0.24775006599721788 0.03630862329803329 0.029597213902060056
0 0.32587934947049924 0.39708146341215766 0.0317700453857791 0.05381311618556375
0 0.3833680030257186 0.5894633537755485 0.025718608169440254 0.04035983713917305
0 0.32814863842662634 0.6984349140513152 0.03328290468986387 0.037669181329894684
0 0.17459341906202724 0.6688377001492551 0.031770045385779155 0.03228786971133852
0 0.16400340393343424 0.874672869559037 0.02571860816944023 0.045741148757729125
0 0.05053895612708021 0.28272859151783447 0.07110438729198185 0.083410330087624
0 0.019525340393343447 0.4912544167368944 0.03025718608169439 0.04305049294845104
0 0.040705370650529524 0.5517941724456538 0.021180030257186094 0.051122460376285477
0 0.09365544629349475 1.2204221410512848 0.03933434190620271 0.05381311618556394
0 0.27065998487140697 1.1692996806749991 0.045385779122541665 0.07533836265978937
0 0.32814863842662634 1.1585370574378864 0.03933434190620271 0.08610098589690227
0 0.32739220877458397 1.0885800063966533 0.04387291981845685 0.05381311618556375
0 0.2668778366111952 0.22487949161835322 0.10741301059001515 0.333641320350496
