0 0.08911686838124058 0.6500031094843078 0.046898638426626324 0.05919442780412011
0 0.049782526475037836 0.7347587674765709 0.03479576399394858 0.029597213902060243
0 0.25099281391830564 0.11456260343794736 0.12254160363086232 0.1076262323711277
0 0.44842095310136154 0.2504407218064961 0.027231467473524913 0.10493557656184942
0 0.47187027231467477 0.24371408228330066 0.03479576399394863 0.09686360913401498
0 0.5006145990922845 0.2046995730487669 0.022692889561270725 0.1426047578917443
0 0.5157431921331316 0.2100808846673232 0.046898638426626324 0.05650377199484202
0 0.25931354009077157 0.6459671257703905 0.02420574886535549 0.051122460376285477
0 0.3765601361573373 0.6082979444404959 0.019667170953101356 0.040359837139173245
0 0.4499338124054463 0.4455132679791651 0.02420574886535549 0.04305049294845104
0 0.4907810136157337 0.6742190117678116 0.03025718608169439 0.03766918132989487
0 0.34252080181543115 0.6567297490075035 0.02723146747352502 0.07264770685051128
0 0.30394288956127075 0.4872184330229772 0.03782148260211805 0.07802901846906783
0 0.05961611195158852 0.07554809420341353 0.10892586989409983 0.1318421346546314
