0 0.7774678517397882 0.919068690412127 0.1830559757942512 -1.603630862329803
0 0.29410930408472014 1.4033867360822019 0.04841149773071098 0.06457573942267647
0 0.413625189107413 0.07151211048949621 0.027231467473524913 0.02690655809278197
0 0.44463880484114976 0.15895842429103751 0.013615733736762456 0.029597213902060056
0 0.468088124054463 0.1199439150565038 0.015128593040847115 0.021525246474225424
0 0.4915374432677761 0.13877850572145106 0.019667170953101304 0.032287869711338325
0 0.432535930408472 0.21815285209515783 0.022692889561270725 0.024215902283503888
0 0.44615166414523444 0.1899009660977368 0.01664145234493188 0.0215252464742254
0 0.4295102118003026 0.13877850572145115 0.01664145234493188 0.021525246474225424
0 0.4544723903177005 0.07151211048949631 0.012102874432677853 0.021525246474225615
0 0.3735344175491679 0.04998686401527069 0.01361573373676251 0.021525246474225615
0 0.39320158850226933 0.1616490801003157 0.013615733736762564 0.013453279046390985
0 0.4953195915279879 0.27465662408999986 0.012102874432677692 0.029597213902060056
0 0.4938067322239032 0.28676457523175175 0.009077155824508269 0.021525246474225424
0 0.5384360816944025 0.32712441237092466 0.016641452344931987 0.032287869711338325
