0 0.08382186081694404 1.3428469803734426 0.075642965204236 0.11569819979896233
0 0.20938918305597579 0.987680413548721 0.06959152798789715 0.07802901846906764
0 0.2562878214826021 1.5661714125435326 0.3358547655068079 0.2287057437886464
0 0.3697522692889561 0.945975248504909 0.04841149773071098 0.09686360913401498
0 0.459767397881997 0.8706368858451198 0.05900151285930407 0.07533836265978937
0 0.432535930408472 0.8302770487059468 0.037821482602118 0.048431804567007394
0 0.5293589258698941 0.7751186046157438 0.040847201210287475 0.051122460376285477
0 0.4612802571860817 0.7401400790951275 0.052950075642965166 0.05650377199484202
0 0.451446671709531 0.6567297490075035 0.04841149773071103 0.05650377199484193
0 0.4037916036308623 0.3338510518941202 0.11649016641452337 0.08879164170618055
0 0.27444213313161875 0.6917082745281198 0.0816944024205749 0.07802901846906783
0 0.19501701966717097 0.9379032810770744 0.03479576399394852 0.048431804567007394
0 0.04600037821482603 0.7482120465229619 0.08774583963691375 0.11031688818040578
0 0.12088691376701968 0.5639021235874058 0.040847201210287475 0.037669181329894684
0 0.13601550680786686 0.5894633537755485 0.037821482602118 0.061885083613398575
0 0.27065998487140697 0.9177233625074881 0.046898638426626324 0.07802901846906764
0 0.28200642965204237 0.8208597533734732 0.03328290468986387 0.08879164170618016
0 0.013473903177004561 0.4993263841647289 0.028744326777609706 0.06457573942267665
0 0.07247541603630864 0.11859858715186467 0.13767019667170954 0.19641787407730824
0 0.30167360060514375 1.0320762344018113 0.04841149773071098 0.05381311618556375
0 0.4143816187594554 0.9015794276518189 0.040847201210287475 0.07264770685051128
