0 0.3546236762481089 1.2163861573373673 0.07866868381240542 0.12107951141751869
0 0.08079614220877461 1.3778255058940592 0.06354009077155826 0.083410330087624
0 0.13298978819969745 1.3374656687548863 0.05900151285930407 0.06188508361339838
0 0.13072049924357035 1.4276026383657057 0.04538577912254161 0.06457573942267665
0 0.09441187594553707 1.5392648544507506 0.04236006051437219 0.06188508361339838
0 0.03994894099848716 0.6473124536750295 0.07866868381240544 0.10224492075257134
0 0.12693835098335854 0.6513484373889469 0.05295007564296522 0.07264770685051128
0 0.16702912254160365 0.5195063027343155 0.060514372163388834 0.07802901846906744
0 0.17308055975794254 1.2513646828579839 0.06656580937972768 0.06726639523195493
0 0.22224848714069595 1.251364682857984 0.0438729198184569 0.05112246037628567
0 0.04448751891074131 0.8127877859456385 0.09228441754916793 0.1533673811288572
0 0.01649962178517399 0.4549305633116389 0.042360060514372175 0.10493557656184961
0 0.2093891830559758 0.9500112322188263 0.05597579425113457 0.05112246037628567
0 0.3410079425113464 0.9338672973631572 0.05900151285930412 0.04574114875772931
0 0.40303517397882 0.9109967229842926 0.03782148260211811 0.06457573942267665
0 0.48019099848714064 0.8558382788940897 0.031770045385779044 0.05650377199484222
0 0.38563729198184565 1.198896894577059 0.05143721633888046 0.06457573942267665
0 0.34781580937972767 1.0334215623064504 0.06354009077155826 0.07264770685051128
0 0.41892019667170954 1.0226589390693375 0.06354009077155831 0.083410330087624
0 0.4885117246596066 0.9459752485049091 0.024205748865355543 0.048431804567007394
0 0.4975888804841149 0.9083060671750144 0.02723146747352502 0.048431804567007394
0 0.46279311649016647 0.8719822137497589 0.02420574886535549 0.06188508361339838
0 0.3894194402420575 0.8370036882291423 0.02874432677760973 0.018834590664947342
0 0.3039428895612708 0.9594285275513 0.04236006051437219 0.0591944278041203
0 0.22981278366111954 1.0172776274507813 0.054462934947049936 0.07802901846906764
0 0.12315620272314676 1.0912706622059314 0.05295007564296521 0.06457573942267665
0 0.04373108925869895 0.9742271345023302 0.03630862329803329 0.061885083613398575
0 0.21165847201210292 0.5544848282549321 0.03630862329803329 0.09417295332473671
0 0.4590109682299546 0.43340531683741335 0.019667170953101304 0.04035983713917296
0 0.4748959909228441 0.6876722908142024 0.02420574886535549 0.03228786971133852
0 0.489268154311649 0.7239961442394582 0.016641452344931935 0.024215902283503506
0 0.49607602118003025 0.7441760628090445 0.0242057488653556 0.037669181329894684
0 0.5172560514372162 0.7751186046157438 0.0242057488653556 0.04035983713917315
