0 0.06415468986384266 0.5477581887317365 0.09379727685325262 0.08071967427834553
0 0.1148354765506808 0.4939450725461726 0.1255673222390318 0.09148229751545862
0 0.14055408472012104 0.4347506447420524 0.10438729198184568 0.1399141020824662
0 0.10727118003025721 0.526232942257511 0.04084720121028741 0.037669181329894684
0 0.06793683812405445 0.776463932520383 0.08623298033282903 0.07533836265978956
0 0.06869326777609684 0.8719822137497587 0.054462934947049936 0.05112246037628567
0 0.024063918305597606 1.0388028739250068 0.043872919818456896 0.06726639523195474
0 0.29486573373676245 0.8302770487059468 0.040847201210287475 0.0591944278041203
0 0.4068173222390318 0.7818452441389394 0.040847201210287475 0.048431804567007394
0 0.4786781391830559 0.8275863928966686 0.03328290468986387 0.04843180456700759
0 0.4174073373676248 0.9903710693579993 0.040847201210287475 0.06188508361339838
0 0.4090866111951589 0.9500112322188264 0.0242057488653556 0.04574114875772931
0 0.38488086232980334 0.9190686904121271 0.045385779122541554 0.05381311618556394
0 0.359162254160363 1.0038243484043903 0.03933434190620271 0.05112246037628567
0 0.12920763993948564 0.7441760628090446 0.045385779122541596 0.15605803693813508
0 0.2298127836611195 0.16703039171887227 0.13464447806354007 0.30404410644843577
0 0.5338975037821483 0.3836281843657668 0.0559757942511347 0.13991410208246602
0 0.48699886535552195 0.4051534308399922 0.0317700453857791 0.06457573942267665
0 0.4748959909228442 0.7468667186183229 0.040847201210287475 0.06995705104123282
0 0.33571293494704996 0.8598742626080069 0.03479576399394863 0.05381311618556375
0 0.34857223903177 0.9459752485049091 0.03328290468986387 0.048431804567007394
0 0.47187027231467477 0.8827448369868716 0.03479576399394863 0.05112246037628567
