0 0.1927477307110439 1.6589990379636304 0.1694402420574887 0.13453279046390967
0 0.052051815431164904 0.8020251627085259 0.05748865355521936 0.061885083613398575
0 0.4975888804841149 0.6769096675770899 0.04387291981845685 0.059194427804120014
0 0.27444213313161875 0.39708146341215766 0.054462934947049936 0.05381311618556375
0 0.3425208018154312 0.14954112895856386 0.0877458396369137 0.09148229751545862
0 0.07928328290468986 0.4818371214044208 0.06959152798789714 0.12646082303607523
0 0.06112897125567322 0.3903548238889622 0.04236006051437213 0.05112246037628586
0 0.0709625567322239 0.18990096609773682 0.05295007564296522 0.04305049294845123
0 0.4612802571860817 0.07151211048949631 0.06202723146747349 0.037669181329894504
0 0.28125 0.2558220334250526 0.03479576399394863 0.04035983713917296
0 0.39849659606656584 0.25985801713896983 0.0242057488653556 0.037669181329894684
0 0.4060608925869894 0.2813832636131954 0.030257186081694445 0.032287869711338325
0 0.46960098335854766 0.29080055894566903 0.030257186081694445 0.04035983713917296
0 0.42875378214826015 0.6446217978657515 0.03025718608169439 0.03228786971133804
0 0.3727779878971256 0.6109886002497739 0.021180030257186122 0.04574114875772931
0 0.3326872163388805 0.5746647468245184 0.019667170953101304 0.03228786971133842
0 0.2880578668683813 0.5733194189198793 0.021180030257186067 0.029597213902060056
0 0.23510779122541603 0.4334053168374132 0.04538577912254161 0.04574114875772936
0 0.1889655824508321 0.34057769141731564 0.0438729198184569 0.043050492948450994
0 0.18367057488653554 0.3311603960848419 0.03933434190620271 0.04574114875772931
0 0.16475983358547658 0.30425383799205996 0.025718608169440254 0.04035983713917296
0 0.29184001512859303 0.5195063027343155 0.019667170953101408 0.024215902283503506
0 0.29335287443267777 0.5410315492085409 0.010590015128593087 0.018834590664947342
0 0.34857223903177 0.4710744981673079 0.03328290468986387 0.029597213902060056
0 0.3440336611195159 0.5033623678786464 0.0242057488653556 0.029597213902060056
0 0.5157431921331316 0.4912544167368945 0.040847201210287475 0.03228786971133852
0 0.31831505295007567 0.6526937652935859 0.02723146747352486 0.037669181329894684
0 0.3304179273827534 0.6284778630100821 0.022692889561270833 0.02690655809278197
0 0.3357129349470499 0.6863269629095635 0.018154311649016645 0.024215902283503506
0 0.38109871406959156 0.46165720283483425 0.03630862329803329 0.02690655809278197
0 0.4083301815431165 0.5248876143528718 0.027231467473524968 0.024215902283503888
0 0.3894194402420575 0.6405858141518341 0.025718608169440254 0.024215902283503413
0 0.4045480332829047 0.5800460584430749 0.031770045385779044 0.03228786971133814
0 0.186696293494705 0.4468585958838042 0.031770045385779155 0.040359837139172766
0 0.22451777609682302 0.414570726172466 0.022692889561270777 0.03497852552061641
0 0.14206694402420575 0.6123339281544131 0.021180030257186042 0.05919442780412011
0 0.12315620272314677 0.40784408664927035 0.025718608169440268 0.08071967427834573
0 0.11559190620272317 0.2975271984688646 0.02269288956127082 0.043050492948451084
0 0.08003971255673224 0.35134031465442844 0.027231467473524968 0.05381311618556394
0 0.06264183055975797 0.24371408228330066 0.022692889561270805 0.04843180456700759
0 0.1602212556732224 0.14550514524464664 0.03630862329803329 0.06188508361339838
0 0.014986762481089278 0.42398802150493964 0.030257186081694403 0.0591944278041203
0 0.0278460665658094 0.4616572028348344 0.013615733736762484 0.037669181329894684
0 0.03616679273827536 0.05536817563382705 0.039334341906202726 0.06995705104123302
0 0.2532621028744327 0.019044322208571503 0.07110438729198176 0.024215902283503506
0 0.3447900907715583 0.023080305922488817 0.04841149773071103 0.03228786971133814
0 0.4257280635400908 0.23026080323690976 0.022692889561270777 0.037669181329894684
0 0.4688445537065053 0.22891547533227055 0.021180030257186067 0.04574114875772931
0 0.3440336611195159 0.2490953939018571 0.022692889561270777 0.037669181329894684
0 0.3092378971255674 0.3392323635126765 0.046898638426626324 0.029597213902060056
0 0.3432772314674735 0.39304547969824033 0.027231467473524968 0.024215902283503697
0 0.4491773827534039 0.38093752855648855 0.021180030257186122 0.037669181329894684
0 0.49153744326777615 0.4051534308399922 0.03025718608169439 0.02690655809278197
0 0.5210381996974282 0.3513403146544284 0.025718608169440254 0.04305049294845104
0 0.5127174735249621 0.3257790844662856 0.0242057488653556 0.029597213902060243
0 0.42421520423600606 0.45493056331163884 0.01815431164901659 0.040359837139172766
0 0.49153744326777604 0.44282261216988694 0.016641452344931987 0.026906558092781925
0 0.32890506807866865 0.4778011376905035 0.03025718608169439 0.03228786971133814
0 0.2751985627836611 0.4656931865487517 0.025718608169440254 0.04574114875772931
0 0.33041792738275344 0.5894633537755485 0.021180030257186122 0.04035983713917305
0 0.3515979576399395 0.5504488445410147 0.015128593040847222 0.02690655809278197
0 0.29864788199697423 0.6567297490075032 0.015128593040847222 0.029597213902060056
0 0.4143816187594554 0.5598661398734883 0.013615733736762564 0.018834590664947342
0 0.43631807866868383 0.5652474514920447 0.018154311649016697 0.024215902283503697
0 0.45069024205748864 0.5504488445410145 0.01664145234493188 0.037669181329894684
0 0.46884455370650524 0.5504488445410147 0.013615733736762456 0.02690655809278197
0 0.432535930408472 0.6082979444404958 0.01664145234493188 0.024215902283503888
0 0.44615166414523444 0.5961899932987439 0.01664145234493188 0.037669181329894684
0 0.49229387291981835 0.5894633537755485 0.018154311649016645 0.024215902283503888
0 0.49153744326777604 0.6123339281544132 0.016641452344931987 0.03228786971133862
0 0.12466906202723146 0.025770961731767093 0.02118003025718608 0.037669181329894684
