0 0.216197049924357 0.2894552310410299 0.25264750378214823 0.20448984150514268
0 0.055833963691376706 0.4670385144533908 0.049924357034795745 0.06457573942267665
0 0.11332261724659606 0.8100971301363604 0.06505295007564296 0.083410330087624
0 0.05507753403933436 0.8235504091827512 0.048411497730711045 0.04574114875772931
0 0.08987329803328291 0.984989757739443 0.04236006051437213 0.05112246037628567
0 0.22678706505295007 0.9822991019301648 0.049924357034795745 0.05650377199484202
0 0.23888993948562784 0.8961981160332625 0.037821482602118 0.0349785255206166
0 0.26082639939485625 0.9190686904121271 0.027231467473524913 0.04305049294845123
0 0.33722579425113464 0.9930617251672774 0.022692889561270833 0.040359837139172766
0 0.3553801059001513 0.9648098391698565 0.03479576399394852 0.04305049294845123
0 0.3682394099848714 0.9661551670744956 0.03025718608169439 0.04035983713917296
0 0.41513804841149776 0.9822991019301648 0.045385779122541554 0.04574114875772931
0 0.4370745083207262 0.9553925438373828 0.06202723146747354 0.061885083613398575
0 0.5301153555219364 0.8679462300358414 0.054462934947049936 0.0591944278041203
0 0.5119610438729199 0.8289317208013076 0.02723146747352502 0.05112246037628567
0 0.5429746596066566 0.8235504091827514 0.03479576399394852 0.0349785255206166
0 0.5475132375189108 0.6029166328219395 0.02874432677760968 0.07802901846906744
0 0.505909606656581 0.832967704515225 0.03328290468986387 0.05381311618556375
0 0.38034228441754914 0.8531476230848114 0.027231467473524968 0.06726639523195493
0 0.40303517397882 0.861219590512646 0.021180030257186015 0.045741148757729506
0 0.3152893343419062 0.6150245839636912 0.05446293494704988 0.09148229751545862
0 0.24342851739788196 0.2316061311415487 0.13464447806354005 0.11569819979896233
