0 0.4786781391830559 0.5894633537755485 0.03328290468986387 0.061885083613398575
0 0.08155257186081695 0.7455213907136836 0.016641452344931935 0.018834590664947342
0 0.0709625567322239 0.6984349140513152 0.022692889561270777 0.037669181329894684
0 0.08760400907715585 0.44685859588380433 0.025718608169440202 0.029597213902060243
0 0.09895045385779123 0.4656931865487515 0.018154311649016645 0.018834590664947342
0 0.013473903177004547 0.7038162256698717 0.019667170953101356 0.032287869711338325
0 0.025576777609682307 0.6755643396724508 0.019667170953101328 0.018834590664947342
0 0.04902609682299548 0.7280321279533755 0.02118003025718606 0.021525246474225615
0 0.11180975794251136 0.6943989303373982 0.022692889561270833 0.018834590664947342
0 0.10878403933434191 0.7697372929971874 0.016641452344931935 0.040359837139172766
0 0.12164334341906202 0.7280321279533756 0.01512859304084718 0.03228786971133814
