0 0.27065998487140697 0.12263457086578197 0.019667170953101408 0.02690655809278178
0 0.31831505295007567 0.17644768705134584 0.02723146747352486 0.03228786971133852
0 0.33873865355521937 0.11859858715186475 0.013615733736762564 0.018834590664947342
0 0.3576493948562784 0.08496538953588728 0.02420574886535549 0.021525246474225615
0 0.35386724659606655 0.1441598173400075 0.010590015128593033 0.021525246474225424
0 0.3493286686838124 0.1831743265745413 0.007564296520423611 0.018834590664947533
0 0.4748959909228442 0.1024546522961955 0.019667170953101408 0.040359837139172766
0 0.49380673222390314 0.10110932439155636 0.018154311649016645 0.032287869711338325
0 0.5104481845688351 0.2813832636131953 0.0242057488653556 0.03766918132989483
0 0.4340487897125567 0.0432602244920753 0.019667170953101304 0.03497852552061641
0 0.5021274583963691 0.0257709617317669 0.019667170953101304 0.02690655809278197
0 0.28957072617246593 0.023080305922488817 0.030257186081694497 0.03228786971133814
0 0.2419156580937973 0.067476126775579 0.025718608169440254 0.018834590664947533
0 0.2033377458396369 0.10649063601011273 0.018154311649016645 0.03228786971133832
0 0.12315620272314674 0.07016678258485717 0.024205748865355543 0.024215902283503888
0 0.02557677760968232 0.22487949161835333 0.02874432677760968 0.032287869711338325
0 0.21770990922844177 0.2100808846673232 0.016641452344931935 0.018834590664947366
0 0.35386724659606655 0.30828982170597724 0.01664145234493188 0.037669181329894684
0 0.35613653555219366 0.23698744276010517 0.021180030257186015 0.024215902283503888
0 0.5429746596066566 0.21277154047660146 0.019667170953101304 0.0349785255206166
