0 0.055833963691376706 1.0078603321183075 0.049924357034795745 0.06995705104123301
0 0.09289901664145234 1.045529513448202 0.042360060514372175 0.06457573942267665
0 0.23283850226928898 1.0240042669739766 0.046898638426626324 0.0591944278041203
0 0.27973714069591527 1.1235585319172698 0.08320726172465964 0.08610098589690209
0 0.3205843419062027 1.181407631816751 0.03782148260211795 0.06726639523195493
0 0.0 0.0 0.0 0.0
0 0.3894194402420575 1.0172776274507813 0.06656580937972774 0.09417295332473671
0 0.4287537821482602 0.9688458228837737 0.05143721633888051 0.06188508361339838
0 0.41211232980332824 0.8800541811775934 0.039334341906202656 0.10493557656184961
0 0.3326872163388805 0.7979891789946085 0.04084720121028737 0.0699570510412332
0 0.5490260968229955 0.8087518022317214 0.02269288956127094 0.06457573942267665
0 0.5157431921331316 0.6594204048167815 0.055975794251134484 0.07802901846906744
0 0.47640885022692886 0.5033623678786463 0.05295007564296512 0.11031688818040597
0 0.224517776096823 0.6284778630100822 0.05446293494704988 0.06457573942267665
0 0.2282999243570348 0.7993345068992476 0.04387291981845685 0.05650377199484202
0 0.26233925869894104 0.8518022951801724 0.054462934947049936 0.06457573942267684
0 0.020281770045385804 0.7710826209018266 0.054462934947049936 0.06457573942267665
0 0.049782526475037836 0.7361040953812101 0.0438729198184569 0.06457573942267665
0 0.07928328290468988 0.6688377001492553 0.03933434190620271 0.0699570510412332
0 0.1503876701966717 0.6217512234868868 0.03933434190620274 0.051122460376285955
0 0.13223335854765508 0.5733194189198793 0.03933434190620274 0.029597213902060056
0 0.10046331316187596 0.5450675329224584 0.03630862329803329 0.037669181329894684
0 0.08684757942511348 0.4670385144533906 0.03025718608169439 0.037669181329894684
0 0.049782526475037836 0.6029166328219395 0.037821482602118 0.061885083613398194
0 0.05659039334341909 0.5760100747291576 0.036308623298033256 0.05112246037628586
0 0.014230332829046915 0.637895158342556 0.024205748865355516 0.03497852552061641
0 0.37353441754916794 0.8222050812781123 0.44024205748865364 1.0924062585669465
0 0.5066660363086234 0.8598742626080069 0.03479576399394863 0.05381311618556375
0 0.1806448562783661 0.30828982170597735 0.05143721633888051 0.08610098589690227
0 0.42194591527987896 0.09707334067763915 0.06505295007564296 0.07264770685051128
0 0.18745272314674735 1.0899253343012925 0.040847201210287475 0.061885083613398575
