0 0.05129538577912255 0.8692915579404806 0.019667170953101356 0.029597213902060243
0 0.16551626323751892 0.18048367076526303 0.027231467473524968 0.05112246037628567
0 0.20106845688350983 0.028461617541045175 0.016641452344931935 0.04305049294845085
0 0.2456978063540091 0.12936121038897747 0.03933434190620271 0.06726639523195474
0 0.2857885779122542 0.13743317781681208 0.0317700453857791 0.05650377199484202
0 0.3319307866868381 0.1966276056209322 0.03328290468986387 0.04574114875772931
0 0.3720215582450832 0.22622481952299234 0.01664145234493188 0.024215902283503697
0 0.33873865355521937 0.22353416371371418 0.013615733736762564 0.0349785255206166
0 0.3515979576399395 0.2275701474276315 0.0242057488653556 0.037669181329894684
0 0.32512291981845687 0.15761309638639848 0.019667170953101356 0.021525246474225424
0 0.35613653555219366 0.0782387500126918 0.021180030257186015 0.0349785255206166
0 0.3833680030257186 0.04460555239671443 0.021180030257186067 0.037669181329894684
0 0.42572806354009074 0.0257709617317669 0.024205748865355543 0.03228786971133814
0 0.41211232980332835 0.07958407791733094 0.02420574886535549 0.032287869711338325
0 0.5316282148260212 0.12397989877042111 0.0242057488653556 0.018834590664947342
0 0.5452439485627837 0.1441598173400075 0.02420574886535549 0.021525246474225424
0 0.3584058245083207 0.3701749053193757 0.016641452344931935 0.032287869711338325
0 0.337982223903177 0.344613675131233 0.02420574886535549 0.029597213902060243
