0 0.2951244948305358 0.2688380817363239 0.026281208935611047 0.042067572692236516
0 0.34768691270175794 0.30506293599908313 0.02890932982917213 0.03038213583328184
0 0.28724013214985256 0.34011924657594683 0.015768725361366608 0.016359611602536465
0 0.3115502504152928 0.39620934349892883 0.01971090670170823 0.025707961089700047
0 0.6131271229514295 0.21742215955692376 0.04467805519053874 0.03271922320507283
0 0.5664779770907198 0.2594897322491603 0.05124835742444144 0.03739339794865462
0 0.5395397379317185 0.3599844892361696 0.06307490144546664 0.05609009692298203
0 0.602614639377185 0.3868609940117651 0.02890932982917224 0.07244970852551835
0 0.5776474908883544 0.4522994404219108 0.02890932982917213 0.030382135833281938
0 0.5362545868147671 0.3856924503258697 0.02759526938239159 0.028045048461490946
0 0.5395397379317186 0.44879380936422436 0.031537450722733215 0.03739339794865472
0 0.6650325105992613 0.3284338097169922 0.03285151116951376 0.08179805801268193
0 0.6919707497582624 0.30389439231318766 0.042049934296977655 0.028045048461490946
0 0.6729168732799445 0.2583211885632648 0.024967148488830398 0.03038213583328184
0 0.7327066236084596 0.33895070289005136 0.04730617608409993 0.046741747435818354
0 0.8306041268936109 0.3284338097169922 0.04862023653088047 0.025707961089700096
0 0.8174635224258053 0.3681642950374378 0.03810775295663603 0.03505631057686373
0 0.7570167418738999 0.3856924503258697 0.03810775295663603 0.046741747435818305
0 0.7103675960131903 0.3985464308707196 0.03942181340341657 0.03973048532044557
0 0.6663465710460418 0.40789478035788335 0.03285151116951376 0.030382135833281938
0 0.6821152964074084 0.4371083725052698 0.024967148488830505 0.014022524230745568
0 0.6242966367490641 0.47216468308213344 0.024967148488830505 0.03739339794865462
0 0.8108932201919026 0.4359398288193743 0.01708278580814715 0.03973048532044562
0 0.8936790283390774 0.4394454598770607 0.03547963206307473 0.042067572692236516
0 0.8614845473929539 0.4628163335949699 0.02628120893561094 0.023370873717909246
0 0.9606961111248854 0.4195802172168379 0.011826544021024982 0.05375300955119109
0 0.8614845473929538 0.13328701417245095 0.015768725361366608 0.051415922179400005
