0 0.41733211638112716 0.4721646830821335 0.042049934296977655 0.023370873717909153
0 0.4731796853693006 0.5037153626013109 0.048620236530880365 0.04440466006402741
0 0.5546514330696949 0.5142322557743699 0.059132720105124804 0.042067572692236516
0 0.5743623397714032 0.5516256537230246 0.05650459921156372 0.046741747435818305
0 0.5349405263679866 0.5270862363192201 0.030223390275952673 0.04440466006402731
0 0.6137841531748197 0.460479246223179 0.0433639947437582 0.03271922320507283
0 0.6578051781419681 0.5352660421204882 0.04993429697766091 0.042067572692236516
0 0.6722598430565543 0.5855134206139928 0.0683311432325887 0.03505631057686382
0 0.6492637852378946 0.6357607991074975 0.05124835742444155 0.051415922179400095
0 0.6762020243968958 0.6322551680498112 0.0341655716162944 0.03038213583328184
0 0.7123386866833611 0.6638058475689885 0.030223390275952777 0.05141592217940029
0 0.7589878325440707 0.6579631291395112 0.03679369250985538 0.05375300955119109
0 0.7800127996925595 0.6299180806780201 0.03679369250985549 0.05375300955119099
0 0.7011691728857264 0.6112213817036929 0.03153745072273332 0.035056310576863633
