0 0.5342834961445962 0.8869976915750208 0.07621550591327206 0.07712388326910025
0 0.3608275171695634 0.9115371089788253 0.07095926412614983 0.06543844641014566
0 0.2990666761708775 0.8905033226327073 0.039421813403416515 0.08413514538447311
0 0.2786987392457789 0.7701433229854752 0.038107752956635974 0.09114640749984572
0 0.3148354015322441 0.7631320608701024 0.023653088042049963 0.07244970852551835
0 0.24453316762948457 0.7234015755496569 0.05387647831800261 0.049078834807609203
0 0.2491323791932165 0.682502546543316 0.034165571616294375 0.06543844641014557
0 0.038882707708328176 0.7900085656456979 0.06307490144546651 0.06543844641014566
0 0.06910609798428088 0.7456039055816706 0.06307490144546651 0.051415922179400095
0 0.047424100612401765 0.7128846823765977 0.08015768725361368 0.03739339794865453
0 0.0710771886544517 0.41023186772967424 0.051248357424441525 0.08179805801268203
0 0.6683176617162125 0.8741437110301709 0.07884362680683314 0.07946097064089104
