0 0.7123386866833611 0.7865029345880116 0.05124835742444144 0.10984310647417307
0 0.7005121426623362 0.7082105076330159 0.05387647831800264 0.08880932012805481
0 0.68605747774775 0.7829973035303253 0.048620236530880365 0.09348349487163632
0 0.6137841531748197 0.7689747792995797 0.04073587385019711 0.08880932012805481
0 0.5993294882602336 0.8028625461905479 0.06176084099868589 0.09114640749984562
0 0.5415108286018894 0.7245701192355524 0.05650459921156372 0.051415922179400095
0 0.5152296196662783 0.7549522550688342 0.0670170827858081 0.060764271666563875
0 0.49880386408152133 0.7958512840751751 0.076215505913272 0.06777553378193638
0 0.42653053950859104 0.5913561390434702 0.03416557161629435 0.06543844641014576
0 0.39367902833907725 0.6088842943319019 0.03679369250985543 0.03973048532044562
