0 0.45149768799742157 0.5270862363192199 0.14454664914586082 0.31550679519177344
0 0.07961858155852528 0.8636268178571118 0.09198423127463863 0.09114640749984572
0 0.03362646592120597 0.7713118666713706 0.055190538764783185 0.12620271807670944
0 0.05925064463342673 0.716390313434284 0.06701708278580816 0.11451728121775487
0 0.14137942255721125 0.7409297308380886 0.09461235216819974 0.07011262115372736
0 0.29315340416036506 0.7234015755496569 0.05387647831800264 0.06310135903835458
0 0.3010377668410483 0.6100528380177974 0.030223390275952725 0.07011262115372736
0 0.31089322019190246 0.6661429349407795 0.03679369250985549 0.06076427166656378
0 0.4140469652641758 0.6591316728254067 0.04599211563731933 0.06543844641014566
0 0.38907981677534526 0.6018730322165292 0.04599211563731933 0.04440466006402741
