0 0.7727854672352665 0.19171419846722373 0.05124835742444155 0.04206757269223642
0 0.7642440743311929 0.2559841011914739 0.02890932982917213 0.04440466006402741
0 0.8437447313614164 0.3190854602298286 0.024967148488830505 0.03038213583328184
0 0.8069510388515609 0.3623215766079605 0.011826544021024982 0.028045048461490946
0 0.8989352701261996 0.39153516875534694 0.011826544021024874 0.04440466006402741
0 0.7635870441078026 0.45931070253728357 0.01971090670170823 0.030382135833281938
0 0.7267933515979472 0.4289285667040016 0.011826544021024982 0.04440466006402731
0 0.7905252832668039 0.3973778871848242 0.02102496714848888 0.04206757269223642
0 0.7037972937792876 0.5235806052615337 0.0 0.037393397948654435
0 0.8306041268936109 0.417243129845047 0.02233902759526942 0.030382135833281938
0 0.8154924317556345 0.4382769161911652 0.018396846254927796 0.03038213583328184
