0 0.4639812622418368 0.5048839062872064 0.003942181340341625 0.014022524230745377
0 0.45938205067810484 0.5095580810307881 0.002628120893561083 0.018696698974327266
0 0.3864516958817842 0.5866819642998884 0.014454664914586066 0.02804504846149104
0 0.41010478392383415 0.6123899253895884 0.003942181340341625 0.014022524230745568
0 0.4403281741997868 0.5446143916076518 0.003942181340341679 0.02804504846149085
0 0.6558340874717973 0.5773336148127246 0.006570302233902816 0.01869669897432736
0 0.6840863870775793 0.5925246827293656 0.013140604467805524 0.011685436858954672
0 0.6899996590880918 0.6603002165113022 0.02233902759526942 0.03973048532044542
0 0.6131271229514295 0.6264124496203339 0.00788436268068325 0.03271922320507293
0 0.6709457826097737 0.6439406049087657 0.015768725361366608 0.03973048532044542
0 0.6440075434507725 0.636929342793393 0.011826544021024982 0.016359611602536368
0 0.6466356643443335 0.6766598281138385 0.009198423127463898 0.03505631057686382
0 0.6196974251853322 0.7105475950048069 0.023653088042049856 0.051415922179400386
0 0.6045857300473558 0.6719856533702567 0.01971090670170823 0.03505631057686382
0 0.5888170046859892 0.7023677892035386 0.006570302233902708 0.049078834807609203
0 0.5960443371432823 0.654457498081825 0.005256241787122166 0.03739339794865462
0 0.5585936144100365 0.6053786632742156 0.009198423127463792 0.03739339794865472
0 0.5651639166439393 0.6719856533702567 0.006570302233902816 0.03505631057686382
0 0.5737053095480129 0.6649743912548841 0.00788436268068325 0.049078834807609203
0 0.5204858614534006 0.5855134206139928 0.009198423127463898 0.03505631057686382
0 0.5493951912825726 0.6053786632742156 0.024967148488830505 0.06076427166656378
0 0.5106304081025463 0.6053786632742156 0.015768725361366608 0.03739339794865472
0 0.5388827077083282 0.6556260417677203 0.01971090670170823 0.03973048532044552
0 0.5645068864205491 0.7152217697483886 0.013140604467805631 0.05609009692298208
0 0.49289059207100894 0.6077157506460067 0.006570302233902708 0.023370873717909153
0 0.469237504028959 0.5890190516716792 0.009198423127463846 0.03271922320507283
0 0.488291380507277 0.6310866243639157 0.007884362680683358 0.014022524230745377
0 0.5204858614534006 0.6673114786266748 0.009198423127463898 0.025707961089700047
0 0.5362545868147671 0.7117161386907023 0.03285151116951386 0.07712388326910015
0 0.5178577405598395 0.6860081776010022 0.022339027595269314 0.03973048532044542
0 0.5020890151984727 0.6871767212868977 0.014454664914586066 0.01869669897432736
0 0.5178577405598395 0.7222330318637614 0.014454664914586171 0.051415922179400095
0 0.45609689956115346 0.5995359448447384 0.01708278580814715 0.049078834807609203
0 0.47055156447573954 0.5726594400691428 0.009198423127463898 0.02804504846149104
0 0.4495265973272507 0.5983674011588429 0.009198423127463846 0.023370873717909153
0 0.4331008417424938 0.6603002165113021 0.010512483574244386 0.049078834807609106
0 0.457410960007934 0.6789969154856295 0.009198423127463898 0.03038213583328203
0 0.47252265514591035 0.6930194397163749 0.013140604467805524 0.030382135833281938
0 0.47383671559269086 0.667311478626675 0.03942181340341657 0.05375300955119099
0 0.500117924528302 0.6743227407420478 0.01839684625492769 0.049078834807609106
0 0.48106404804998393 0.6544574980818249 0.019710906701708338 0.018696698974327266
0 0.48303513872015474 0.6404349738510794 0.01051248357424444 0.04206757269223632
0 0.46792344358217847 0.6392664301651839 0.009198423127463846 0.03038213583328184
