0 0.32140570376614686 0.9115371089788256 0.07358738501971092 0.07946097064089123
0 0.2970955855007067 0.9325708953249437 0.04073587385019711 0.046741747435818305
0 0.2603018929908512 0.9477619632415847 0.04599211563731931 0.08179805801268193
0 0.2727854672352665 0.8869976915750208 0.026281208935610992 0.06777553378193656
0 0.2780417090223886 0.8402559441392026 0.026281208935611047 0.07244970852551835
0 0.25767377209729014 0.8437615751968889 0.030223390275952725 0.05609009692298189
0 0.23664880494880125 0.8472672062545754 0.030223390275952673 0.07244970852551835
0 0.21693789824709298 0.8577840994276344 0.03547963206307489 0.03739339794865453
0 0.17160281283316392 0.8285705072802481 0.07095926412614983 0.08647223275626373
0 0.23073553293828877 0.9185483710941983 0.034165571616294375 0.07011262115372746
0 0.21825195869387354 0.9489305069274802 0.02759526938239159 0.05609009692298208
0 0.197884021768775 0.9465934195556892 0.026281208935611075 0.051415922179400095
0 0.17751608484367642 0.9687957495877029 0.02759526938239159 0.049078834807609203
0 0.1755449941735056 0.9173798274083028 0.02890932982917213 0.06777553378193656
0 0.16371845015248063 0.9325708953249436 0.03153745072273324 0.07478679589730924
0 0.12429663674906406 0.9278967205813619 0.03416557161629435 0.09815766961521859
0 0.10458573004735577 0.89751458474808 0.03153745072273324 0.07478679589730924
