0 0.4357289626360549 0.7315813813509251 0.031537450722733264 0.04674174743581821
0 0.39367902833907725 0.7023677892035385 0.03679369250985543 0.05375300955119099
0 0.3739681216373689 0.7467724492675659 0.049934296977660955 0.03505631057686382
0 0.34702988247836764 0.5936932264152611 0.024967148488830453 0.023370873717909153
0 0.3076080690749511 0.6334237117357067 0.024967148488830505 0.01869669897432736
0 0.30497994818138996 0.6895138086586885 0.019710906701708285 0.02804504846149085
0 0.3378314593509038 0.6813340028574203 0.019710906701708285 0.04440466006402731
0 0.34768691270175794 0.6416035175369749 0.013140604467805524 0.03973048532044542
0 0.3595134567227829 0.6287495369921248 0.01576872536136666 0.01869669897432717
0 0.3982782399028092 0.6743227407420477 0.024967148488830505 0.03038213583328203
0 0.38053842387127174 0.6988621581458523 0.031537450722733264 0.028045048461491136
0 0.3233767944363177 0.7374240997804022 0.05387647831800264 0.05375300955119119
