0 0.3207486735427566 0.4265914793322107 0.06438896189224702 0.08179805801268203
0 0.24913237919321649 0.7175588571201796 0.08672798948751642 0.08880932012805481
0 0.22285117025760548 0.8157165267353981 0.06044678055190542 0.08880932012805481
0 0.11444118339820991 0.6731541970561522 0.04862023653088041 0.06543844641014547
0 0.08881700468598915 0.7140532260624931 0.0657030223390276 0.08647223275626373
0 0.14597863412094317 0.7993569151328616 0.06964520367936927 0.07946097064089123
0 0.1118130625046488 0.8016940025046525 0.04862023653088041 0.07478679589730924
0 0.18802856841792082 0.8531099246840527 0.06438896189224705 0.07011262115372746
0 0.14466457367416263 0.8928404100044982 0.09329829172141921 0.07946097064089123
0 0.235991774725411 0.9103685652929301 0.07884362680683314 0.1051689317305911
0 0.3043229179579997 0.8951774973762892 0.0683311432325887 0.07478679589730924
0 0.30826509929834134 0.9617844874723301 0.076215505913272 0.08179805801268213
0 0.37068297052041754 0.9477619632415847 0.06964520367936924 0.06310135903835477
0 0.3759392123075398 0.9769755553889711 0.04862023653088041 0.04206757269223632
0 0.3246908548830983 0.7981883714469661 0.09067017082785807 0.049078834807609203
0 0.48960544095405756 0.9734699243312848 0.07358738501971097 0.05842718429477298
0 0.5789615513351352 0.770143322985475 0.052562417871221984 0.07244970852551835
0 0.6072138509409168 0.8274019635943525 0.05913272010512491 0.09815766961521841
0 0.6965699613219944 0.839087400453307 0.059132720105124804 0.06543844641014566
0 0.6288958483127961 0.6965250707740613 0.07095926412614978 0.05609009692298189
0 0.7557026814271194 0.8706380799724845 0.05650459921156372 0.06310135903835458
0 0.7589878325440708 0.7888400219598024 0.023653088042049963 0.05375300955119099
0 0.8542572149356606 0.9080314779211391 0.04073587385019711 0.07244970852551835
0 0.8838235749882232 0.8425930315109935 0.04993429697766101 0.05842718429477278
0 0.552680342399524 0.634592255421602 0.07884362680683303 0.05375300955119099
0 0.578961551335135 0.5679852653255609 0.08409986859395542 0.04674174743581811
