0 0.33651739890412324 0.6976936144599568 0.05124835742444155 0.049078834807609294
0 0.38645169588178424 0.823896332536666 0.05650459921156377 0.04440466006402741
0 0.34111661046785513 0.8075367209341299 0.049934296977660955 0.04440466006402722
0 0.3128643108620733 0.886997691575021 0.04073587385019717 0.03973048532044562
0 0.2839549810329012 0.7806602161585342 0.06176084099868594 0.046741747435818305
0 0.24584722807626513 0.7234015755496569 0.04073587385019714 0.049078834807609203
0 0.15911923858874866 0.7374240997804022 0.04599211563731933 0.03973048532044552
0 0.09801542781345302 0.7853343909021161 0.0630749014454665 0.05609009692298208
0 0.08093264200530584 0.7981883714469661 0.04730617608409987 0.049078834807609203
0 0.08947403490937943 0.7047048765753294 0.05650459921156375 0.08179805801268213
0 0.05202331217613369 0.7140532260624932 0.026281208935611054 0.049078834807609203
