0 0.6610903292589195 0.7198959444919706 0.03285151116951386 0.042067572692236516
0 0.7103675960131903 0.7175588571201796 0.01051248357424444 0.051415922179400095
0 0.68605747774775 0.7806602161585343 0.014454664914586066 0.032719223205072735
0 0.6794871755138473 0.7993569151328617 0.017082785808147257 0.023370873717909153
0 0.7241652307043861 0.7713118666713706 0.014454664914586066 0.042067572692236516
0 0.7734424974586568 0.7269072066073432 0.02102496714848888 0.03271922320507293
0 0.7609589232142415 0.7818287598444298 0.009198423127463792 0.021033786346118258
0 0.7806698299159498 0.7818287598444298 0.030223390275952777 0.021033786346118258
0 0.7931534041603651 0.7923456530174889 0.04993429697766091 0.042067572692236516
0 0.7583308023206804 0.7958512840751751 0.019710906701708338 0.03505631057686382
0 0.7511034698633875 0.8472672062545753 0.026281208935611155 0.06310135903835458
0 0.7267933515979472 0.813379439363607 0.027595269382391697 0.06543844641014566
