0 0.6748879639501154 0.5352660421204882 0.02890932982917213 0.042067572692236516
0 0.31023618996851215 0.445288178306538 0.014454664914586066 0.030382135833281938
0 0.27607061835221786 0.4908613820564608 0.006570302233902762 0.018696698974327266
0 0.2695003161183151 0.4569736151654926 0.019710906701708285 0.021033786346118258
0 0.288554192596633 0.41607458615915155 0.02102496714848888 0.04206757269223647
0 0.2662151650013637 0.5621425468960837 0.013140604467805524 0.02103378634611816
0 0.3457158220315871 0.5340974984345928 0.032851511169513806 0.03038213583328203
0 0.28329795080951087 0.5083895373448927 0.015768725361366608 0.03038213583328203
0 0.22153710981082492 0.44879380936422436 0.015768725361366632 0.03739339794865472
0 0.21825195869387354 0.3775126445246015 0.02233902759526937 0.03038213583328184
0 0.25307456053355815 0.34362487763363314 0.026281208935611075 0.023370873717909153
0 0.22350820048099576 0.3132427418003514 0.030223390275952697 0.0233708737179092
0 0.205111354226068 0.21859070324281926 0.032851511169513806 0.049078834807609176
0 0.1624043897057001 0.21274798481334198 0.031537450722733215 0.03271922320507283
0 0.14072239233382097 0.23495031484535564 0.030223390275952697 0.03038213583328184
0 0.17423093372672505 0.29688313019781487 0.026281208935611047 0.028045048461490946
0 0.1308669389829668 0.30623147968497855 0.036793692509855445 0.023370873717909153
0 0.1341520900999182 0.32025400391572406 0.009198423127463872 0.009348349487163775
0 0.11641227406838074 0.3611530329220651 0.026281208935611033 0.030382135833281938
0 0.16568954082265144 0.4125689551014652 0.02759526938239159 0.025707961089700047
0 0.08684591401581833 0.2676695380504285 0.01971090670170827 0.007011262115372689
0 0.1065568207175266 0.27701788753759216 0.009198423127463858 0.021033786346118258
0 0.11772633451516129 0.10290487833916896 0.06833114323258871 0.023370873717908962
0 0.09932948826023355 0.1239386646852872 0.05256241787122208 0.028045048461491136
0 0.011944468549326855 0.060837305646932446 0.017082785808147174 0.028045048461491147
0 0.009973377879156028 0.18470293635185098 0.01314060446780552 0.042067572692236516
0 0.013915559219497683 0.2863662370247558 0.01314060446780552 0.04440466006402736
0 0.09801542781345303 0.3950407998130333 0.04204993429697767 0.03739339794865462
0 0.06056470508020728 0.4149060424732561 0.0354796320630749 0.03038213583328184
0 0.06450688642054894 0.47567031413981986 0.05387647831800263 0.03038213583328184
0 0.0953873069198919 0.4382769161911652 0.044678055190538774 0.025707961089700047
0 0.1091849416110877 0.4522994404219108 0.045992115637319315 0.016359611602536368
0 0.09078809535615998 0.5165693431461609 0.03810775295663599 0.03271922320507283
0 0.040196768155108725 0.5598054595242928 0.03153745072273325 0.03973048532044562
0 0.13612318077008903 0.5025468189154153 0.02628120893561102 0.032719223205072735
0 0.2083965053430194 0.4838501199410881 0.042049934296977655 0.042067572692236606
