0 0.09407324647311135 0.7876714782739069 0.0683311432325887 0.07946097064089104
0 0.22088007958743464 0.8098738083059207 0.032851511169513806 0.07244970852551835
0 0.21496680757692216 0.7783231287867434 0.03679369250985546 0.060764271666563965
0 0.19591293109860414 0.7584578861265204 0.051248357424441525 0.049078834807609203
0 0.23533474450202072 0.7128846823765977 0.03547963206307492 0.04206757269223632
0 0.20642541467284856 0.6883452649727931 0.04599211563731933 0.03973048532044552
0 0.2714714067884859 0.6743227407420478 0.04730617608409987 0.049078834807609106
0 0.2458472280762651 0.636929342793393 0.051248357424441525 0.03973048532044542
0 0.2911823134901942 0.6018730322165292 0.049934296977660955 0.06777553378193665
0 0.2412480165125332 0.5901875953575748 0.04467805519053877 0.05375300955119109
0 0.1722598430565542 0.8309075946520389 0.04599211563731933 0.05842718429477298
0 0.1584622083653584 0.7631320608701024 0.03942181340341657 0.049078834807609203
0 0.17685905462028614 0.7946827403892798 0.04730617608409987 0.046741747435818305
