0 0.08290373267547665 0.8484357499404709 0.08541392904073587 0.07011262115372746
0 0.26818625567153453 0.744435361895775 0.030223390275952673 0.07712388326910015
0 0.21825195869387354 0.7222330318637614 0.04599211563731933 0.08413514538447303
0 0.19656996132199442 0.6825025465433159 0.026281208935611047 0.032719223205072735
0 0.25307456053355815 0.705873420261225 0.03679369250985543 0.042067572692236516
0 0.35097206381870927 0.5866819642998883 0.05124835742444155 0.051415922179400095
0 0.33651739890412324 0.6848396339151067 0.05124835742444155 0.0467417474358184
0 0.3115502504152927 0.7245701192355524 0.04073587385019711 0.03271922320507283
0 0.2964385552773164 0.7070419639471204 0.03942181340341657 0.035056310576863633
0 0.3043229179579997 0.6801654591715249 0.02890932982917213 0.028045048461490946
0 0.2806698299159498 0.6731541970561523 0.04204993429697771 0.04674174743581821
0 0.3214057037661469 0.6451091485946612 0.039421813403416515 0.02804504846149104
0 0.300380736617658 0.6147270127613793 0.028909329829172183 0.04206757269223642
0 0.2806698299159498 0.6205697311908567 0.02890932982917213 0.049078834807609106
0 0.25307456053355815 0.6334237117357067 0.04730617608409987 0.042067572692236516
