0 0.38053842387127174 0.8075367209341298 0.060446780551905395 0.05375300955119119
0 0.4804070178265937 0.8227277888507708 0.04204993429697771 0.07011262115372746
0 0.42324538839163967 0.8402559441392026 0.06438896189224708 0.05375300955119099
0 0.3752821820841495 0.8869976915750208 0.04467805519053879 0.1051689317305911
0 0.442956295093348 0.8928404100044981 0.06701708278580816 0.05609009692298189
0 0.4324438115191035 0.8647953615430072 0.07227332457293038 0.03739339794865472
0 0.4902624711774478 0.9045258468634527 0.03547963206307489 0.04206757269223632
0 0.47252265514591035 0.9477619632415846 0.04993429697766091 0.04440466006402741
0 0.4462414462102994 0.9758070117030757 0.04730617608409987 0.049078834807609203
0 0.4547828391143729 0.9430877884980028 0.02759526938239159 0.04440466006402741
