0 0.6295528785361864 0.4149060424732561 0.035479632063074945 0.04440466006402741
0 0.5605647050802073 0.46632196465265624 0.02890932982917213 0.030382135833281938
0 0.5204858614534005 0.3880295376976606 0.05124835742444155 0.03739339794865472
0 0.5112874383259367 0.4230858482745243 0.035479632063074945 0.046741747435818305
0 0.4219313279448591 0.41841167353094244 0.019710906701708285 0.03739339794865462
0 0.4587250204547146 0.3821868192681833 0.01708278580814715 0.049078834807609294
0 0.4416422346465674 0.5165693431461609 0.014454664914586066 0.03271922320507283
0 0.34834394292514825 0.29571458651191945 0.05387647831800264 0.06310135903835468
0 0.30826509929834134 0.13562410154424173 0.021024967148488827 0.042067572692236585
0 0.01785774055983934 0.21391652849923742 0.023653088042049936 0.05375300955119109
0 0.3076080690749511 0.3518046834349014 0.02233902759526937 0.03973048532044562
0 0.19854105199216524 0.3856924503258697 0.019710906701708285 0.01869669897432731
0 0.32009164331936635 0.39153516875534694 0.031537450722733264 0.04440466006402741
