0 0.6413794225572113 0.018769732954696024 0.019710906701708338 0.03739339794865453
0 0.49551871296457006 0.059668761961037084 0.03285151116951386 0.06310135903835477
0 0.3910509074455161 0.033960800871336946 0.01839684625492769 0.03973048532044562
0 0.3641126682865148 0.06551148039051423 0.02759526938239159 0.03739339794865472
0 0.3851376354350036 0.08771381042252804 0.014454664914586066 0.039730485320445805
0 0.2780417090223886 0.11809594625580988 0.03942181340341657 0.035056310576863654
0 0.17423093372672505 0.12627575205707814 0.04993429697766101 0.060764271666563764
0 0.19525590087521386 0.1531522568326737 0.013140604467805524 0.03038213583328184
0 0.23336365383184987 0.2010625479543874 0.04730617608409987 0.11218019384596388
0 0.2878971623732428 0.25598410119147386 0.030223390275952673 0.05375300955119099
0 0.24847534896982626 0.2922089554542331 0.03547963206307492 0.0654384464101457
0 0.21628086802370272 0.32492817865930584 0.03416557161629433 0.06076427166656378
0 0.14926378523789452 0.24546720801841476 0.026281208935611047 0.06543844641014566
0 0.18342935685418893 0.21975924692871474 0.023653088042049936 0.046741747435818305
0 0.2412480165125332 0.4546365277937016 0.047306176084099844 0.07244970852551835
0 0.18999965908809166 0.5224120615756381 0.04467805519053877 0.05842718429477298
0 0.29249637393697475 0.5282547800051154 0.05256241787122204 0.11685436858954566
0 0.38053842387127174 0.2875347807106512 0.031537450722733264 0.04674174743581821
0 0.41010478392383415 0.20924235375565559 0.030223390275952673 0.07712388326910015
0 0.43112975107232293 0.21625361587102837 0.02233902759526942 0.049078834807609203
0 0.48697732006049643 0.19872546058259646 0.04730617608409982 0.07011262115372746
0 0.5493951912825726 0.30973711074266486 0.03285151116951386 0.07244970852551835
0 0.5592506446334269 0.13562410154424173 0.03942181340341657 0.10750601910238208
0 0.6242966367490641 0.09939924728148261 0.03547963206307484 0.04907883480760919
0 0.6735739035033348 0.12861283942886903 0.021024967148488772 0.05609009692298196
0 0.6236396065256739 0.20924235375565559 0.03679369250985549 0.08179805801268193
0 0.7267933515979471 0.16483769369162818 0.04073587385019711 0.07244970852551835
0 0.7419050467359235 0.12043303362760086 0.03942181340341657 0.05842718429477276
0 0.7944674646071456 0.15782643157625545 0.03942181340341657 0.05375300955119109
0 0.7097105657898001 0.266500994364533 0.035479632063074945 0.07478679589730924
0 0.7504464396399972 0.26182681962095117 0.027595269382391697 0.05609009692298198
0 0.7018262031091167 0.21975924692871474 0.022339027595269314 0.042067572692236516
0 0.8378314593509039 0.22677050904408746 0.031537450722733215 0.04674174743581821
0 0.8660837589566857 0.30389439231318754 0.03810775295663603 0.06076427166656378
0 0.8312611571170011 0.3190854602298286 0.0341655716162944 0.06310135903835468
0 0.7990666761708776 0.2957145865119194 0.02233902759526942 0.07244970852551835
0 0.7846120112562915 0.2466357517043102 0.05124835742444155 0.06310135903835477
0 0.7649011045545833 0.348299052377215 0.0433639947437582 0.05609009692298198
0 0.7497894094166069 0.32726526603109685 0.023653088042049963 0.07478679589730924
