0 0.6709457826097738 0.06317439301872342 0.01839684625492769 0.06543844641014565
0 0.6676606314928224 0.1309499268006599 0.024967148488830505 0.03271922320507293
0 0.6794871755138473 0.1882085674095374 0.03285151116951376 0.03973048532044552
0 0.7320495933850694 0.15665788789035995 0.02759526938239159 0.04206757269223647
0 0.7504464396399971 0.12861283942886903 0.02233902759526942 0.05609009692298196
0 0.7898682530434137 0.08654526673663258 0.030223390275952673 0.03271922320507273
0 0.8102361899685123 0.10874759676864629 0.023653088042049963 0.035056310576863633
0 0.8233767944363178 0.08771381042252804 0.01839684625492769 0.039730485320445805
0 0.9107618141472245 0.15665788789036 0.04073587385019711 0.05141592217940019
0 0.8253478851064886 0.20456817901207378 0.03285151116951376 0.025707961089700047
0 0.785926071703072 0.20223109164028286 0.030223390275952673 0.03973048532044552
0 0.7878971623732429 0.22209633430050568 0.023653088042049963 0.03739339794865462
0 0.931129751072323 0.27000662542221937 0.0341655716162944 0.05375300955119099
0 0.9087907234770537 0.29805167388371034 0.03942181340341646 0.03973048532044552
0 0.8325752175637816 0.24546720801841476 0.03942181340341657 0.023370873717909153
0 0.7083965053430195 0.23261322747356467 0.017082785808147257 0.03505631057686373
0 0.7438761374060944 0.2606582759350557 0.03285151116951376 0.025707961089700047
0 0.7116816564599708 0.28169206228117394 0.03679369250985549 0.03038213583328184
0 0.623639606525674 0.3027258486272922 0.031537450722733215 0.03038213583328184
0 0.6762020243968959 0.3214225476016195 0.02102496714848888 0.025707961089700002
0 0.6512348759080654 0.3319394407746786 0.02102496714848888 0.028045048461490946
0 0.6610903292589196 0.3693328387233333 0.02759526938239159 0.014022524230745473
0 0.6400653621104307 0.3810182755822878 0.030223390275952673 0.023370873717909153
0 0.6302099087595766 0.34713050869131956 0.026281208935611047 0.04440466006402727
