0 0.5927591860263309 0.350636139749006 0.02759526938239159 0.051415922179400046
0 0.5763334304415738 0.3167483728580377 0.023653088042049856 0.04440466006402741
0 0.5960443371432822 0.30856856705676944 0.02102496714848888 0.06076427166656378
0 0.6111560322812586 0.2840291496529649 0.017082785808147257 0.03973048532044552
0 0.6124700927280392 0.25715264487736933 0.006570302233902708 0.032719223205072735
0 0.7583308023206804 0.3658272076656469 0.014454664914586066 0.03973048532044562
0 0.7484753489698263 0.33310798446057405 0.018396846254927796 0.025707961089700047
0 0.7471612885230458 0.35531031449258776 0.010512483574244332 0.01869669897432736
0 0.7438761374060944 0.3728384697810197 0.011826544021024982 0.021033786346118258
0 0.7340206840552402 0.35998448923616955 0.010512483574244332 0.018696698974327266
0 0.7366488049488014 0.348299052377215 0.013140604467805524 0.018696698974327266
0 0.7438761374060944 0.3296023534028877 0.014454664914586066 0.023370873717909153
0 0.7432191071827041 0.3179169165439331 0.01051248357424444 0.028045048461490946
0 0.7346777142786305 0.31674837285803775 0.017082785808147257 0.016359611602536465
0 0.7267933515979472 0.3296023534028877 0.011826544021024982 0.023370873717909153
0 0.7241652307043862 0.35764740186437866 0.01708278580814715 0.03739339794865462
0 0.7143097773535318 0.3062314796849786 0.015768725361366608 0.03739339794865467
0 0.6584622083653584 0.3553103144925878 0.024967148488830505 0.06076427166656373
