0 0.8260049153298789 0.7140532260624931 0.026281208935611047 0.02103378634611835
0 0.8122072806386831 0.7537837113829386 0.03285151116951386 0.049078834807609203
0 0.7688432858949248 0.7035363328894342 0.014454664914586066 0.037393397948654816
0 0.7425620769593138 0.6719856533702566 0.014454664914586066 0.03038213583328184
0 0.7294214724915083 0.6813340028574203 0.02233902759526942 0.03505631057686382
0 0.7248222609277765 0.6532889543959295 0.01839684625492769 0.025707961089700047
0 0.7169378982470931 0.6240753622485431 0.023653088042049963 0.03271922320507293
0 0.6748879639501154 0.593693226415261 0.023653088042049963 0.03739339794865453
0 0.628895848312796 0.5516256537230246 0.02890932982917213 0.03739339794865472
0 0.6104990020578683 0.5025468189154154 0.018396846254927796 0.042067572692236516
0 0.5447959797188406 0.3669957513515424 0.02890932982917213 0.04206757269223656
0 0.5172007103364491 0.33544507183236494 0.026281208935611047 0.03973048532044557
0 0.5145725894428881 0.279354974909383 0.031537450722733215 0.05842718429477293
