0 0.7721284370118763 0.5983674011588429 0.026281208935611047 0.03739339794865472
0 0.7497894094166069 0.6158955564472747 0.02890932982917224 0.05375300955119119
0 0.7662151650013638 0.6860081776010022 0.01971090670170823 0.035056310576863536
0 0.8693689100736371 0.8507728373122617 0.031537450722733215 0.032719223205072735
0 0.8299470966702205 0.8507728373122617 0.02890932982917213 0.042067572692236516
0 0.8424306709146357 0.8028625461905479 0.03547963206307484 0.04440466006402741
0 0.8082650992983413 0.7900085656456979 0.024967148488830398 0.02804504846149104
0 0.8016947970644386 0.8659639052289025 0.02759526938239159 0.025707961089700047
0 0.8108932201919026 0.7070419639471205 0.02759526938239159 0.025707961089700047
0 0.7977526157240971 0.7234015755496568 0.024967148488830505 0.039730485320445715
0 0.7905252832668039 0.7514466240111478 0.026281208935611047 0.03973048532044562
