0 0.6591192385887488 0.13445555785834623 0.042049934296977655 0.030382135833282007
0 0.4639812622418368 0.20807381006976014 0.04073587385019706 0.032719223205072735
0 0.4331008417424938 0.24313012064662387 0.042049934296977655 0.042067572692236516
0 0.5053741663154242 0.23495031484535564 0.03679369250985549 0.03038213583328184
0 0.5283702241340839 0.26416390699274206 0.02759526938239159 0.03271922320507283
0 0.5185147707832297 0.2723437127940103 0.0341655716162943 0.030382135833281938
0 0.578961551335135 0.2688380817363239 0.03153745072273332 0.042067572692236516
0 0.6466356643443335 0.25364701381968296 0.03285151116951386 0.03973048532044552
0 0.6893426288647015 0.2711751691081149 0.031537450722733215 0.03739339794865458
0 0.6873715381945306 0.29922021756960576 0.022339027595269314 0.04206757269223642
0 0.707082444896239 0.2337817711594602 0.024967148488830505 0.03739339794865477
0 0.8246908548830983 0.2676695380504285 0.026281208935611047 0.03973048532044562
