0 0.3555712753824412 0.25364701381968296 0.060446780551905395 0.05842718429477288
0 0.8273189757766595 0.06668002407640977 0.023653088042049963 0.039730485320445805
0 0.8917079376689065 0.07836546093536435 0.023653088042049963 0.03973048532044562
0 0.9350719324126647 0.1344555578583464 0.026281208935611047 0.053753009551190896
0 0.583560762898867 0.0327922571854415 0.02233902759526942 0.03271922320507293
0 0.5592506446334268 0.07135419881999155 0.026281208935611047 0.04907883480760938
0 0.6144411833982101 0.1625006063198373 0.03679369250985549 0.03973048532044559
0 0.5710771886544518 0.1788602179223737 0.023653088042049963 0.049078834807609294
0 0.5493951912825727 0.12978138311476445 0.04599211563731928 0.049078834807609203
0 0.2826409205861206 0.03512934455723239 0.01971090670170823 0.014022524230745377
