0 0.21496680757692216 0.3868609940117651 0.026281208935611047 0.07712388326910015
0 0.2990666761708775 0.6042101195883202 0.04467805519053879 0.07244970852551855
0 0.2806698299159498 0.48852429468466996 0.04730617608409987 0.06543844641014566
0 0.3627986078397343 0.5726594400691428 0.035479632063074945 0.05609009692298189
0 0.5060311965388145 0.5878505079857838 0.035479632063074945 0.058427184294773074
0 0.533626465921206 0.6860081776010022 0.03547963206307484 0.05375300955119119
0 0.5756764002181838 0.7093790513189113 0.035479632063074945 0.06310135903835477
0 0.5940732464731114 0.6252439059344385 0.05387647831800264 0.08647223275626392
0 0.6466356643443335 0.6112213817036929 0.035479632063074945 0.049078834807609294
0 0.6919707497582626 0.6147270127613793 0.02890932982917213 0.05609009692298208
0 0.7156238378003125 0.7339184687227159 0.03679369250985549 0.051415922179400005
