0 0.7090535355664097 0.18470293635185098 0.03942181340341657 0.03739339794865472
0 0.764244074331193 0.3377821592041559 0.03679369250985549 0.03973048532044552
0 0.8253478851064886 0.21157944112744648 0.0433639947437582 0.04440466006402741
0 0.8207486735427567 0.1519837131467782 0.03679369250985549 0.06076427166656378
0 0.8765962425309302 0.128612839428869 0.03810775295663603 0.03739339794865472
0 0.9541258088909826 0.15665788789035995 0.006570302233902708 0.03271922320507293
0 0.9942046525177897 0.10757905308275084 0.005256241787122166 0.032719223205072735
0 0.8851376354350037 0.06784856776230513 0.023653088042049963 0.042067572692236516
0 0.7800127996925595 0.04915186878797796 0.03679369250985549 0.03271922320507293
0 0.46792344358217847 0.4149060424732561 0.035479632063074945 0.04440466006402741
