0 0.9580679902313245 0.5364345858063836 0.030223390275952673 0.049078834807609203
0 0.916675086157737 0.5340974984345928 0.026281208935611047 0.03973048532044562
0 0.8509720638187094 0.5282547800051155 0.023653088042049963 0.03271922320507293
0 0.5960443371432823 0.16717478106341913 0.01051248357424444 0.030382135833281938
0 0.5907880953561601 0.1262757520570781 0.013140604467805524 0.014022524230745759
0 0.5783045211117448 0.15081516946088272 0.0013140604467806489 0.00233708737179092
0 0.5684490677608908 0.14263536365961454 0.005256241787122274 0.009348349487163584
0 0.5671350073141102 0.1601635189480464 0.007884362680683463 0.03038213583328184
0 0.5566225237398658 0.17535458686468727 -0.002628120893561083 -0.004674174743581769
0 0.5592506446334268 0.1356241015442418 0.00788436268068325 0.01869669897432736
0 0.5421678588252797 0.11108468414043719 0.005256241787122166 0.007011262115372498
0 0.500117924528302 0.10290487833916896 0.015768725361366608 0.023370873717908962
0 0.5342834961445962 0.12277012099939166 0.002628120893561083 0.016359611602536465
0 0.5428248890486699 0.12510720837118258 0.011826544021024982 0.02103378634611828
0 0.5401967681551089 0.14029827628782357 0.0013140604467805415 0.009348349487163751
0 0.5369116170381574 0.16600623737752365 0.007884362680683358 0.01869669897432729
0 0.5349405263679865 0.1321184704865554 0.003942181340341625 0.021033786346118185
0 0.5224569521235713 0.12510720837118267 0.015768725361366608 0.007011262115372689
0 0.5231139823469616 0.1426353636596145 0.006570302233902816 0.004674174743581983
0 0.5217999219001811 0.16600623737752368 0.003942181340341732 0.014022524230745473
0 0.5093163476557658 0.17535458686468736 0.01051248357424444 0.014022524230745473
0 0.4994608943049117 0.15782643157625548 0.0013140604467805415 0.00233708737179092
0 0.5086593174323756 0.15081516946088275 0.006570302233902816 0.011685436858954552
0 0.5060311965388143 0.14029827628782363 0.003942181340341625 0.004674174743581721
0 0.5112874383259367 0.1332870141724508 0.009198423127463792 0.014022524230745377
0 0.5198288312300102 0.1262757520570781 0.007884362680683358 0.009348349487163584
0 0.5165436801130588 0.11575885888401896 0.006570302233902708 0.02570796108970006
0 0.4974898036347408 0.12277012099939166 0.01051248357424444 0.0070112621153728795
