0 0.42390241861503 0.33778215920415594 0.015768725361366608 0.025707961089700002
0 0.4744937458160812 0.34596196500542403 0.009198423127463846 0.023370873717909153
0 0.40550557236010215 0.39737788718482425 0.01051248357424444 0.023370873717909153
0 0.37331109141397867 0.3331079844605741 0.006570302233902762 0.011685436858954576
0 0.3976212096794189 0.3260967223452013 0.005256241787122166 0.011685436858954576
0 0.4698945342523492 0.4149060424732561 0.0026281208935610297 0.03038213583328184
0 0.48303513872015474 0.40322060561430156 0.0 -0.007011262115372784
0 0.4219313279448591 0.4032206056143015 0.006570302233902762 0.021033786346118258
0 0.4285016301787619 0.3775126445246015 0.011826544021024982 0.016359611602536465
0 0.25110346986338733 0.294546042826024 0.02759526938239156 0.02804504846149099
0 0.6302099087595766 0.3705013824092287 0.013140604467805524 0.016359611602536323
0 0.6808012359606279 0.40205206192840603 0.014454664914586066 0.032719223205072735
