0 0.3741388122567614 0.09040634254472803 0.02872062663185376 0.03947114794890231
0 0.34411270259618704 0.1589003933972348 0.020887728459529985 0.009287328929153434
0 0.3264886817084585 0.17399230290710913 0.022193211488250625 0.02554015455517199
0 0.08627980442386324 0.06486618798955603 0.03002610966057441 0.030183819019748773
0 0.2455487339277797 0.030038704505230572 0.02219321148825065 0.0023218322322883823
0 0.5412406399330016 0.1832796318362626 0.01827676240208882 0.006965496696865004
0 0.5745304571653775 0.20069337357842532 0.014360313315926798 0.023218322322883633
0 0.5986818931967093 0.19256696076541602 0.007832898172323825 0.011609161161441839
0 0.5072980811862653 0.256417347153346 0.00522193211488255 0.00928732892915353
0 0.7213972978964481 0.6290714204356282 0.10443864229765015 0.14627543063416693
