0 0.9061626025834925 0.3144112854862468 0.013140604467805524 0.021033786346118303
0 0.840459580244465 0.33077089708878316 0.005256241787122166 0.021033786346118258
0 0.7136527471301416 0.24663575170431024 0.03285151116951386 0.03505631057686373
0 0.6722598430565543 0.35180468343490134 0.023653088042049856 0.03505631057686373
0 0.5250850730171325 0.2653324506786376 0.01051248357424444 0.025707961089700002
0 0.36345563806312453 0.2501413827619966 0.01839684625492769 0.02804504846149104
0 0.2300785027148985 0.2115794411274465 0.014454664914586092 0.03038213583328184
0 0.2911823134901942 0.05850021827514164 0.02365308804204991 0.03739339794865453
0 0.19525590087521388 0.07018565513409612 0.023653088042049963 0.023370873717909153
0 0.12363960652567378 0.08187109199305069 0.019710906701708285 0.028045048461491123
0 0.12101148563211267 0.17418604317879186 0.009198423127463858 0.025707961089700047
0 0.1367802109934793 0.18119730529416458 0.003942181340341625 0.011685436858954576
0 0.15977626881213897 0.17535458686468736 0.00788436268068333 0.014022524230745473
