0 0.5014319849750826 0.2828606059670694 0.031537450722733215 0.00934834948716368
0 0.5178577405598395 0.294546042826024 0.011826544021024982 0.014022524230745473
0 0.5014319849750826 0.3085685670567695 0.0 0.0
0 0.5434819192720602 0.3179169165439331 0.0 0.0
0 0.5421678588252796 0.3366136155182604 0.0 -0.004674174743581888
0 0.5303413148042546 0.34829905237721503 0.0 0.0
0 0.5461100401656213 0.35764740186437866 0.0 0.0
0 0.5612217353035976 0.348299052377215 -0.003942181340341625 -0.004674174743581888
0 0.5697631282076713 0.36699575135154233 0.0 -0.004674174743581792
0 0.6019576091537947 0.37166992609512417 0.006570302233902708 0.014022524230745424
0 0.6026146393771851 0.39270371244124236 -0.002628120893561083 0.0
0 0.5894740349093794 0.4137374987873606 0.0 0.0
0 0.6157552438449905 0.3962093434989288 0.0 -0.007011262115372784
