0 0.4751507760394715 0.35647885817848324 0.05519053876478318 0.05842718429477288
0 0.6400653621104307 0.25715264487736933 0.003942181340341625 0.028045048461490946
0 0.6321809994297474 0.30623147968497855 0.014454664914586066 0.05609009692298189
0 0.6157552438449905 0.28052351859527846 0.002628120893561083 0.014022524230745568
0 0.6440075434507723 0.3296023534028877 0.003942181340341625 0.023370873717909153
0 0.5921021558029406 0.3260967223452013 0.005256241787122274 0.016359611602536368
0 0.6013005789304045 0.34713050869131956 0.005256241787122166 0.016359611602536368
0 0.6013005789304045 0.35764740186437866 0.0 0.0
0 0.6013005789304045 0.3693328387233333 0.005256241787122166 0.014022524230745473
0 0.626267727419235 0.3927037124412424 0.010512483574244332 0.028045048461491088
0 0.6315239692063572 0.3447934213195286 0.021024967148488772 0.021033786346118258
0 0.5802756117819156 0.38101827558228785 0.007884362680683358 0.00934834948716368
0 0.5750193699947935 0.3938722561271379 0.01051248357424444 0.016359611602536368
0 0.5559654935164754 0.3845239066399742 0.014454664914586066 0.016359611602536368
0 0.555308463293085 0.4195802172168379 0.007884362680683358 0.02103378634611816
0 0.5185147707832296 0.4160745861591515 0.002628120893561083 0.004674174743581792
0 0.5014319849750825 0.391535168755347 0.01839684625492769 0.016359611602536368
0 0.47580780626286173 0.3973778871848242 0.014454664914586012 0.00934834948716368
0 0.4468984764336896 0.4032206056143015 0.0170827858081472 0.021033786346118258
0 0.4331008417424938 0.42659147933221064 0.02365308804204991 0.021033786346118258
