0 0.5342834961445962 0.19054565478132826 0.00788436268068325 0.02570796108970017
0 0.46003908090149515 0.18119730529416467 0.006570302233902762 0.02570796108970007
0 0.5434819192720601 0.1356241015442417 0.026281208935611047 0.03271922320507293
0 0.5047171360920338 0.12510720837118275 0.011826544021024874 0.016359611602536465
0 0.4685804738055687 0.11225322782633262 0.013140604467805524 0.03271922320507275
0 0.504717136092034 0.10290487833916895 0.006570302233902708 0.01402252423074539
0 0.49420465251778944 0.08888235410842338 0.0013140604467805415 0.0
0 0.5132585289961075 0.09005089779431893 0.005256241787122274 0.007011262115372498
0 0.5040601058686437 0.08420817936484168 0.005256241787122274 0.023370873717909142
0 0.5355975565913769 0.06784856776230522 0.007884362680683358 0.032719223205072735
0 0.5441389494954505 0.04214060667260518 0.009198423127463792 0.028045048461490946
0 0.5283702241340839 0.05382604353155975 0.0013140604467805415 0.009348349487163584
0 0.5053741663154242 0.04447769404439607 0.015768725361366715 0.01869669897432736
0 0.4922335618476187 0.038634975614918736 0.015768725361366715 0.016359611602536274
0 0.47777889693303255 0.052657499845664396 0.039421813403416515 0.025707961089700047
