0 0.8910509074455162 0.32960235340288774 0.01971090670170823 0.04206757269223647
0 0.8746251518607594 0.2863662370247558 0.01839684625492769 0.016359611602536368
0 0.7576737720972901 0.23611885853125109 0.00788436268068325 0.028045048461490946
0 0.6459786341209433 0.3214225476016195 0.005256241787122274 0.011685436858954623
0 0.5224569521235713 0.2279390527299829 0.005256241787122274 0.04440466006402731
0 0.40944775370044384 0.32025400391572406 0.007884362680683304 0.03739339794865462
0 0.30300885751121914 0.2337817711594602 0.01051248357424444 0.01869669897432736
0 0.3181205526491955 0.32492817865930584 0.003942181340341679 0.02804504846149104
0 0.18540044752435972 0.11575885888401899 0.009198423127463846 0.021033786346118258
0 0.22350820048099573 0.19521982952491007 0.017082785808147174 0.03973048532044552
0 0.03034131480425458 0.19638837321080552 0.017082785808147167 0.06076427166656378
0 0.048081130835792046 0.15899497526215084 0.021024967148488834 0.0373933979486547
0 0.540853798378499 0.35764740186437866 0.015768725361366608 0.023370873717909153
0 0.12101148563211267 0.22092779061461015 0.009198423127463858 0.025707961089700047
0 0.10787088116430715 0.14263536365961446 0.011826544021024968 0.01402252423074552
