0 0.511944468549327 0.4499623530501198 0.06307490144546653 0.06777553378193656
0 0.021142891676790714 0.09121944148021448 0.0354796320630749 0.032719223205072916
0 0.5375686472615477 0.16483769369162823 0.01708278580814715 0.011685436858954576
0 0.5421678588252795 0.15081516946088266 0.007884362680683358 0.02103378634611835
0 0.5217999219001811 0.12043303362760087 0.009198423127463898 0.007011262115372689
0 0.5309983450276449 0.13679264523013723 0.003942181340341625 0.002337087371791063
0 0.5257421032405227 0.14730953840319638 0.006570302233902816 0.01869669897432724
0 0.5250850730171325 0.15899497526215095 0.005256241787122274 0.018696698974327384
0 0.5099733778791562 0.13445555785834631 0.009198423127463898 0.016359611602536392
0 0.51917180100662 0.1589949752621509 0.0013140604467805415 0.00934834948716368
0 0.5086593174323755 0.16483769369162823 0.0013140604467805415 0.007011262115372784
0 0.49880386408152144 0.15081516946088272 0.0 0.00233708737179092
0 0.5093163476557657 0.16016351894804634 0.002628120893561083 0.011685436858954576
0 0.4902624711774478 0.14029827628782368 0.009198423127463792 0.014022524230745377
0 0.4876343502838867 0.16600623737752368 0.014454664914586066 0.00934834948716368
0 0.47974998760320336 0.1543208005185691 0.009198423127463792 0.009348349487163704
0 0.47055156447573954 0.13796118891603268 0.003942181340341625 0.01869669897432736
0 0.483692168943545 0.12978138311476456 0.0013140604467805415 0.016359611602536465
0 0.49223356184761863 0.128612839428869 0.00788436268068325 0.01869669897432755
0 0.49289059207100894 0.11108468414043719 0.003942181340341625 0.011685436858954672
0 0.4804070178265937 0.12160157731349631 0.002628120893561137 0.0
0 0.49026247117744787 0.10874759676864629 0.006570302233902708 0.016359611602536465
0 0.49551871296457006 0.0993992472814825 0.006570302233902816 0.021033786346118258
0 0.48434919916693536 0.07252274250588713 0.0026281208935611906 0.004674174743581804
0 0.4804070178265937 0.12043303362760077 0.00788436268068325 0.011685436858954672
0 0.4751507760394714 0.0970621599096917 0.007884362680683358 0.011685436858954469
0 0.46792344358217847 0.14380390734551002 0.009198423127463846 0.021033786346118067
0 0.4606961111248854 0.10874759676864619 0.01576872536136666 0.03038213583328203
0 0.4298156906255424 0.12043303362760086 0.024967148488830505 0.035056310576863835
0 0.4554398693377632 0.07252274250588711 0.018396846254927744 0.023370873717908962
