0 0.9225883581682495 0.32025400391572406 0.02759526938239159 0.03739339794865462
0 0.7826409205861207 0.25715264487736933 0.04730617608409982 0.046741747435818305
0 0.6282388180894058 0.34479342131952867 0.02233902759526942 0.03973048532044547
0 0.5940732464731114 0.3038943923131877 0.01971090670170823 0.04206757269223656
0 0.5388827077083282 0.3284338097169922 0.014454664914586066 0.03505631057686373
0 0.4350719324126647 0.3003887612555013 0.024967148488830505 0.03505631057686373
0 0.30760806907495103 0.23261322747356467 0.0170827858081472 0.03505631057686373
0 0.2221941400342152 0.17184895580700096 0.014454664914586066 0.044404660064027456
0 0.22153710981082492 0.12043303362760077 0.007884362680683304 0.021033786346118258
0 0.18408638707757918 0.11459031519812343 0.014454664914586066 0.009348349487163584
0 0.13612318077008903 0.18236584898006009 0.005256241787122193 0.01869669897432736
0 0.1834293568541889 0.23845594590304198 0.018396846254927716 0.023370873717909153
0 0.17751608484367642 0.22326487798640104 0.014454664914586066 0.025707961089700047
0 0.27541358812882755 0.11926448994170542 0.007884362680683358 0.023370873717908962
0 0.36608375895668566 0.09823070359558715 0.007884362680683304 0.01869669897432755
