0 0.6085279113876975 0.1356241015442418 0.01971090670170823 0.02804504846149092
0 0.5967013673666726 0.11342177151222808 0.024967148488830505 0.025707961089700047
0 0.5671350073141102 0.11575885888401898 0.002628120893561083 0.03038213583328184
0 0.5408537983784991 0.12160157731349633 0.01051248357424444 0.02804504846149078
0 0.5349405263679866 0.09939924728148251 0.009198423127463898 0.03973048532044542
0 0.4915765316242284 0.08070254830715534 0.024967148488830505 0.021033786346118258
0 0.5132585289961075 0.032792257185441494 0.002628120893561083 0.009348349487163584
0 0.5369116170381574 0.05382604353155975 0.007884362680683358 0.014022524230745759
0 0.5375686472615477 0.07836546093536445 0.003942181340341732 0.016359611602536465
0 0.5566225237398656 0.08303963567894623 0.01051248357424444 0.035056310576863633
0 0.552680342399524 0.05265749984566421 0.013140604467805524 0.021033786346118258
0 0.3910509074455161 0.14847808208909175 0.013140604467805524 0.03505631057686373
0 0.4048485421367119 0.06901711144820076 0.009198423127463898 0.03505631057686382
0 0.1426934830039918 0.22910759641587836 0.03679369250985546 0.05609009692298198
