0 0.33980255002107457 0.3856924503258697 0.01576872536136666 0.028045048461490946
0 0.45938205067810484 0.032792257185441494 0.021024967148488827 0.01869669897432717
0 0.5257421032405227 0.08771381042252803 0.011826544021024982 0.01635961160253645
0 0.5014319849750826 0.08654526673663249 0.010512483574244547 0.014022524230745377
0 0.5119444685493268 0.11108468414043719 0.007884362680683358 0.011685436858954672
0 0.49091950140083807 0.11575885888401899 0.005256241787122166 0.021033786346118258
0 0.5053741663154242 0.12160157731349622 0.00788436268068325 0.014022524230745568
0 0.5329694356978157 0.09939924728148261 0.0 0.002337087371790896
0 0.5415108286018894 0.11459031519812353 0.0013140604467805415 0.01869669897432736
0 0.5526803423995241 0.11459031519812343 0.0 0.0
0 0.5697631282076713 0.12160157731349631 0.005256241787122166 0.03271922320507293
0 0.5815896722286963 0.14730953840319633 0.005256241787122166 0.009348349487163655
0 0.595387306919892 0.1519837131467782 0.006570302233902816 0.014022524230745473
0 0.5763334304415739 0.1928827421531192 0.007884362680683358 0.021033786346118258
0 0.5612217353035978 0.15548934420446456 0.009198423127463898 0.007011262115372784
0 0.5605647050802073 0.16834332474931457 0.002628120893561083 0.00934834948716368
0 0.5461100401656213 0.14029827628782357 0.00788436268068325 0.018696698974327335
0 0.5362545868147672 0.14847808208909175 0.009198423127463898 0.016359611602536534
0 0.507345256985595 0.1402982762878235 0.003942181340341625 0.0
0 0.5283702241340839 0.15665788789036 0.009198423127463792 0.00934834948716368
0 0.5172007103364491 0.16366915000573273 0.010512483574244332 0.023370873717909153
0 0.5474241006124019 0.17068041212110552 0.013140604467805524 0.023370873717909153
0 0.5513662819527435 0.1508151694608827 0.013140604467805524 0.007011262115372689
0 0.5559654935164755 0.15315225683267364 0.006570302233902708 0.016359611602536368
