0 0.8253478851064887 0.5913561390434702 0.030223390275952673 0.060764271666563875
0 0.8457158220315872 0.5785021584986202 0.01839684625492769 0.030382135833281938
0 0.859513456722783 0.5691538090114564 0.011826544021024982 0.035056310576863633
0 0.8805384238712718 0.608884294331902 0.02759526938239159 0.03038213583328184
0 0.7300785027148986 0.5235806052615337 0.03679369250985549 0.051415922179400095
0 0.5421678588252796 0.4569736151654926 0.05781865965834437 0.03973048532044562
0 0.538225677484938 0.5048839062872064 0.021024967148488772 0.014022524230745377
0 0.523771012570352 0.5177378868320563 0.01051248357424444 0.03973048532044542
0 0.5369116170381575 0.4896928383705655 0.01839684625492769 0.030382135833281938
0 0.5178577405598395 0.46515342096676077 0.011826544021024982 0.00934834948716368
0 0.4685804738055687 0.4768388578257153 0.018396846254927744 0.032719223205072735
0 0.4331008417424938 0.47450177045392444 0.013140604467805524 0.0467417474358184
0 0.4436133253167382 0.4476252656783289 0.021024967148488827 0.03038213583328184
0 0.44886956710386045 0.43477128513347885 0.002628120893561083 0.01869669897432736
0 0.54282488904867 0.44061400356295616 0.030223390275952673 0.05375300955119109
