0 0.6065568207175267 0.5364345858063836 0.01839684625492769 0.03505631057686382
0 0.6315239692063571 0.5165693431461609 0.015768725361366608 0.03739339794865453
0 0.5277131939106936 0.48969283837056543 0.01051248357424444 0.016359611602536465
0 0.5362545868147671 0.4522994404219107 0.006570302233902816 0.002337087371790896
0 0.6242966367490641 0.5037153626013109 0.011826544021024982 0.03973048532044562
0 0.652548936354846 0.4569736151654925 0.005256241787122166 0.007011262115372784
0 0.6768590546202862 0.5025468189154153 0.011826544021024982 0.032719223205072735
0 0.690656689311482 0.5189064305179517 0.005256241787122166 0.014022524230745568
0 0.6315239692063571 0.39971497455661514 0.00788436268068325 0.028045048461490946
0 0.6532059665782363 0.39620934349892883 0.011826544021024874 0.021033786346118258
0 0.6709457826097737 0.3962093434989287 0.015768725361366608 0.03505631057686378
0 0.7182519586938737 0.3623215766079605 0.005256241787122166 0.046741747435818305
0 0.7129957169067515 0.43477128513347885 0.01051248357424444 0.01869669897432736
0 0.740590986289143 0.38101827558228785 0.0026281208935611906 0.00934834948716368
0 0.7681862556715346 0.3891980813835561 0.01839684625492769 0.03505631057686373
