0 0.8404595802444649 0.4417825472488516 0.02890932982917213 0.05141592217940019
0 0.7208800795874347 0.3880295376976606 0.031537450722733215 0.03739339794865472
0 0.678830145290457 0.4125689551014652 0.04467805519053884 0.021033786346118258
0 0.6610903292589196 0.4008835182425106 0.01971090670170823 0.016359611602536465
0 0.6164122740683808 0.41841167353094244 0.01708278580814715 0.00934834948716368
0 0.6426934830039919 0.43477128513347885 0.02233902759526942 0.01869669897432736
0 0.5842177931222572 0.1998940042684919 0.015768725361366608 0.021033786346118258
0 0.6013005789304045 0.16717478106341913 0.031537450722733215 0.03505631057686375
0 0.5658209468673296 0.16016351894804642 0.01839684625492769 0.04440466006402731
0 0.5447959797188408 0.13094992680065998 0.010512483574244332 0.014022524230745568
0 0.6039286998239656 0.1262757520570781 0.01051248357424444 0.018696698974327193
0 0.5921021558029406 0.10991614045454164 0.013140604467805524 0.01869669897432717
0 0.5612217353035978 0.10290487833916896 0.009198423127463898 0.023370873717908962
0 0.538225677484938 0.08654526673663258 0.021024967148488772 0.023370873717909142
0 0.5579365841866462 0.07369128619178256 0.013140604467805524 0.016359611602536274
0 0.5461100401656213 0.05148895615976885 0.026281208935611047 0.01869669897432755
0 0.5290272543574742 0.012927014525218685 0.005256241787122166 0.00701126211537269
0 0.5539944028463046 0.030455169813650502 0.01051248357424444 0.032719223205072735
0 0.6177263345151613 0.011758470839323238 0.011826544021024982 0.004674174743581794
0 0.6078708811643072 0.04330915035850062 0.01839684625492769 0.021033786346118258
0 0.5842177931222572 0.04564623773029152 0.007884362680683142 0.0070112621153728795
0 0.5914451255795503 0.07836546093536435 0.003942181340341732 0.011685436858954481
0 0.6203544554087225 0.08888235410842348 0.009198423127463898 0.02804504846149092
0 0.6446645736741626 0.09005089779431893 0.002628120893561083 0.021033786346118258
