0 0.5441389494954505 0.09005089779431893 0.017082785808147257 0.06310135903835477
0 0.5474241006124019 0.1356241015442418 0.023653088042049963 0.023370873717909153
0 0.504717136092034 0.10524196571095985 0.02759526938239159 0.042067572692236516
0 0.4685804738055687 0.016432645582905126 0.026281208935611047 0.03739339794865453
0 0.03625458681476707 0.18236584898006006 0.01839684625492773 0.06076427166656378
0 0.2110246262365805 0.016432645582905032 0.018396846254927716 0.042067572692236516
0 0.2110246262365805 0.049151868787977865 0.021024967148488827 0.03739339794865453
0 0.274099527682047 0.06083730564693244 0.021024967148488827 0.03739339794865472
0 0.2918393437135845 0.08771381042252803 0.019710906701708338 0.053753009551190806
0 0.29249637393697475 0.1484780820890918 0.026281208935610992 0.049078834807609203
0 0.29578152505392613 0.20573672269796917 0.03285151116951376 0.03739339794865462
0 0.25373159075694846 0.1402982762878236 0.024967148488830505 0.028045048461490946
0 0.2491323791932165 0.16600623737752368 0.013140604467805524 0.04206757269223642
0 0.22285117025760545 0.12510720837118255 0.010512483574244414 0.03038213583328184
0 0.22088007958743464 0.11926448994170533 0.014454664914586092 0.05141592217940029
0 0.1945988706518236 0.14730953840319638 0.019710906701708285 0.042067572692236516
0 0.18277232663079862 0.12510720837118272 0.02759526938239159 0.035056310576863564
0 0.1591192385887487 0.1519837131467782 0.009198423127463872 0.07011262115372736
