0 0.5447959797188408 0.017601189268800575 0.00788436268068325 0.016359611602536465
0 0.557279553963256 0.07719691724946891 0.0013140604467805415 0.009348349487163584
0 0.5257421032405227 0.09823070359558717 0.011826544021024982 0.03739339794865472
0 0.643350513227382 0.1262757520570781 0.002628120893561083 0.014022524230745759
0 0.5152296196662783 0.17068041212110546 0.0013140604467805415 0.00934834948716368
0 0.5152296196662783 0.1998940042684919 0.006570302233902708 0.021033786346118258
0 0.4771218667096423 0.17769167423647822 0.009198423127463898 0.046741747435818305
0 0.44886956710386045 0.1882085674095374 0.002628120893561083 0.0116854368589546
0 0.5139155592194977 0.19638837321080554 0.01708278580814715 0.009348349487163584
0 0.5323124054744255 0.29220895545423303 0.011826544021024874 0.023370873717909153
0 0.5231139823469617 0.33077089708878316 0.01708278580814715 0.03973048532044562
0 0.6781731150670668 0.2676695380504285 0.006570302233902708 0.030382135833281792
0 0.6466356643443336 0.35764740186437866 0.01708278580814715 0.023370873717909153
0 0.8910509074455163 0.5142322557743699 0.02233902759526942 0.046741747435818305
0 0.9337578719658841 0.3296023534028877 0.01051248357424444 0.051415922179400095
0 0.9685804738055688 0.3506361397490059 0.009198423127463898 0.023370873717909153
