0 0.12758178786601543 0.049151868787977865 0.003942181340341652 0.014022524230745568
0 0.12298257630228351 0.033960800871336946 0.010512483574244414 0.016359611602536274
0 0.11312712295142936 0.02344390769827791 0.003942181340341652 0.009348349487163584
0 0.08356076289886695 0.05616313090335064 0.0026281208935610965 0.01869669897432755
0 0.09341621624972109 0.10056779096737806 0.009198423127463858 0.028045048461490755
0 0.12758178786601543 0.1017363346532735 0.017082785808147163 0.04440466006402741
0 0.01457258944288796 0.04214060667260508 0.003942181340341657 0.009348349487163584
0 0.013258528996107407 0.10524196571095985 0.014454664914586073 0.042067572692236516
0 0.08881700468598915 0.18236584898006009 0.005256241787122207 0.0
0 0.10392869982396549 0.17652313055058283 0.011826544021024956 0.03505631057686375
