0 0.5710771886544517 0.4265914793322107 0.03942181340341657 0.03505631057686373
0 0.5940732464731114 0.4230858482745243 0.009198423127463898 0.01869669897432736
0 0.7221941400342153 0.529423323691011 0.01051248357424444 0.03038213583328203
0 0.7530745605335583 0.5013782752295199 0.006570302233902816 0.021033786346118258
0 0.9114188443706147 0.5948617701011566 0.04993429697766101 0.044404660064027504
0 0.7944674646071457 0.6684800223125704 0.021024967148488772 0.051415922179400095
0 0.7767276485756082 0.7175588571201796 0.03285151116951376 0.042067572692236516
0 0.8082650992983413 0.8496042936263661 0.01708278580814715 0.05375300955119099
0 0.7103675960131903 0.6965250707740613 0.05781865965834426 0.023370873717909246
0 0.6834293568541889 0.6638058475689885 0.02759526938239159 0.04206757269223632
0 0.6532059665782363 0.6556260417677203 0.017082785808147257 0.03973048532044552
0 0.6098419718344781 0.7035363328894342 0.030223390275952673 0.037393397948654816
0 0.6466356643443336 0.6825025465433159 0.01708278580814715 0.028045048461490946
