0 0.3391455197976843 0.25014138276199654 0.003942181340341679 0.0
0 0.35294315448888014 0.28402914965296483 0.010512483574244386 0.025707961089700047
0 0.33980255002107457 0.320254003915724 0.0 0.0
0 0.4712085946991298 0.29805167388371034 0.01839684625492769 0.02103378634611821
0 0.45478283911437295 0.2828606059670694 0.009198423127463846 0.00934834948716368
0 0.44361332531673825 0.2992202175696058 0.0 0.004674174743581888
0 0.4442703555401285 0.2513099264478921 0.0013140604467805415 0.002337087371791039
0 0.4797499876032034 0.28402914965296483 0.006570302233902708 0.021033786346118258
0 0.49551871296457006 0.3027258486272922 0.009198423127463898 0.016359611602536368
0 0.48172107827337424 0.3307708970887831 0.0 0.03038213583328189
0 0.47449374581608117 0.3377821592041559 0.003942181340341679 -0.007011262115372784
0 0.47055156447573954 0.32492817865930596 0.001314060446780488 0.0
0 0.47646483648625204 0.3319394407746786 0.0 0.0
0 0.5086593174323756 0.3518046834349014 0.0039421813403415175 0.007011262115372689
