0 0.4271875697319813 0.009421383467532343 0.024967148488830453 0.014022524230745377
0 0.38842278655195506 0.01409555821111423 0.02890932982917213 0.009348349487163777
0 0.23993395606575266 0.074859829877678 0.0394218134034166 0.028045048461490755
0 0.17357390350333476 0.0842081793648416 0.038107752956636 0.01869669897432716
0 0.2616159534376318 0.12277012099939166 0.02759526938239159 0.016359611602536465
0 0.29249637393697475 0.1332870141724508 0.026281208935610992 0.014022524230745377
0 0.27672764857560805 0.19405128583901465 0.023653088042049963 0.023370873717909153
0 0.25964486276746096 0.20924235375565559 0.018396846254927744 0.035056310576863633
0 0.3095791597451219 0.20456817901207375 0.026281208935611047 0.030382135833281938
0 0.167003601269432 0.3249281786593059 0.022339027595269394 0.032719223205072784
0 0.167003601269432 0.38919808138355605 0.02759526938239159 0.03973048532044562
