0 0.1696317221629931 0.8297390509661435 0.32720105124835747 0.3412147562814737
0 0.35622830560583146 0.036297888243127935 0.02759526938239159 0.035056310576863633
0 0.2616159534376317 0.08771381042252803 0.019710906701708285 0.03038213583328183
0 0.25964486276746096 0.12160157731349622 0.018396846254927744 0.014022524230745568
0 0.27212843701187617 0.2069052663838647 0.011826544021024874 0.03038213583328184
0 0.2458472280762651 0.1917141984672237 0.009198423127463846 0.018696698974327266
0 0.18540044752435972 0.12277012099939168 0.006570302233902762 0.02570796108970007
0 0.19854105199216524 0.15432080051856908 0.02233902759526937 0.018696698974327266
0 0.15780517814196815 0.28052351859527846 0.02233902759526934 0.046741747435818305
0 0.10195760915379468 0.2594897322491602 0.015768725361366608 0.023370873717909153
