0 0.707082444896239 0.5352660421204882 0.024967148488830505 0.03271922320507293
0 0.6696317221629932 0.4908613820564608 0.015768725361366608 0.018696698974327266
0 0.626267727419235 0.5072209936589972 0.013140604467805524 0.028045048461491136
0 0.576333430441574 0.5107266247166836 0.010512483574244332 0.02103378634611835
0 0.5487381610591824 0.5095580810307881 0.005256241787122166 0.03271922320507293
0 0.5520233121761338 0.5598054595242928 0.03810775295663613 0.06310135903835458
0 0.588159974462599 0.4628163335949699 0.01051248357424444 0.03739339794865462
0 0.5868459140158183 0.41841167353094244 0.002628120893560976 0.00934834948716368
0 0.4751507760394714 0.4721646830821335 0.007884362680683358 0.023370873717909153
0 0.6735739035033348 0.43477128513347885 0.013140604467805524 0.03271922320507283
0 0.6137841531748197 0.3658272076656469 0.009198423127463792 0.03973048532044562
