0 0.3200916433193663 0.1765231305505828 0.30223390275952694 0.3155067951917734
0 0.128895848312796 0.3623215766079605 0.02759526938239159 0.046741747435818305
0 0.16109032925891953 0.32025400391572406 0.023653088042049936 0.03739339794865462
0 0.22876444226811796 0.3541417708066923 0.024967148488830505 0.03038213583328184
0 0.2800127996925595 0.34713050869131956 0.019710906701708285 0.04440466006402727
0 0.2924963739369747 0.3927037124412424 0.021024967148488827 0.028045048461491088
0 0.30826509929834134 0.3868609940117651 0.021024967148488827 0.05842718429477288
0 0.43441490218927437 0.37400701346691506 0.02365308804204991 0.06543844641014566
0 0.37791030297771067 0.3786811882104969 0.018396846254927744 0.028045048461490946
0 0.47449374581608117 0.43243419776168796 0.04073587385019711 0.046741747435818305
