0 0.6591192385887487 0.7420982745239841 0.0341655716162944 0.04440466006402741
0 0.7346777142786306 0.7444353618957751 0.03810775295663603 0.03973048532044562
0 0.7662151650013638 0.7865029345880117 0.030223390275952777 0.044404660064027504
0 0.7524175303101679 0.6825025465433158 0.026281208935611047 0.046741747435818305
0 0.7767276485756082 0.7245701192355524 0.03285151116951376 0.051415922179400095
0 0.8049799481813901 0.7315813813509251 0.01839684625492769 0.03739339794865453
0 0.821405703766147 0.7420982745239842 0.0433639947437582 0.05842718429477278
0 0.8417736406912455 0.7981883714469661 0.03679369250985538 0.044404660064027504
0 0.8253478851064886 0.8168850704212934 0.03547963206307484 0.03505631057686382
0 0.8082650992983413 0.8227277888507707 0.03285151116951386 0.046741747435818305
0 0.7944674646071457 0.8238963325366662 0.026281208935611047 0.049078834807609106
0 0.8437447313614164 0.8858291478891255 0.0433639947437582 0.05609009692298189
0 0.9087907234770536 0.9232225458377801 0.03679369250985538 0.07011262115372746
