0 0.2635870441078026 0.9372450700685254 0.04993429697766098 0.12152854333312756
0 0.08027561178191556 0.8764807984019618 0.0985545335085414 0.10283184435880038
0 0.1564911176951876 0.8869976915750208 0.11169513797634692 0.11451728121775487
0 0.5546514330696949 0.9056943905493482 0.09855453350854138 0.06777553378193656
0 0.21102462623658047 0.7000307018317476 0.04467805519053877 0.06777553378193638
0 0.2878971623732428 0.6673114786266748 0.06438896189224708 0.05842718429477298
0 0.25570268142711927 0.6042101195883202 0.06570302233902761 0.049078834807609203
0 0.3903938772221259 0.6194011875049611 0.05387647831800264 0.060764271666563965
0 0.46858047380556866 0.634592255421602 0.04730617608409987 0.06310135903835477
0 0.49091950140083807 0.6871767212868977 0.026281208935611047 0.05141592217940029
0 0.5461100401656213 0.6334237117357067 0.026281208935611047 0.042067572692236516
0 0.5224569521235713 0.6135584690754838 0.0341655716162944 0.044404660064027504
0 0.6354661505466989 0.7829973035303252 0.06044678055190545 0.03739339794865453
0 0.6821152964074084 0.8297390509661434 0.03810775295663603 0.05609009692298208
0 0.7156238378003125 0.8986831284339755 0.07358738501971086 0.06777553378193656
0 0.7583308023206804 0.7619635171842071 0.06438896189224708 0.051415922179400005
