0 0.4186461768279078 0.4008835182425106 0.031537450722733264 0.049078834807609203
0 0.17028875238638336 0.20924235375565559 0.023653088042049936 0.035056310576863633
0 0.20445432400267774 0.2758493438516966 0.026281208935611047 0.03739339794865462
0 0.17751608484367642 0.3167483728580377 0.022339027595269394 0.03038213583328184
0 0.16371845015248063 0.3272652660310968 0.018396846254927716 0.046741747435818305
0 0.2977526157240969 0.32142254760161953 0.026281208935611047 0.03505631057686373
0 0.3043229179579997 0.3658272076656469 0.031537450722733264 0.021033786346118258
0 0.30497994818138996 0.4195802172168379 0.024967148488830505 0.03505631057686373
0 0.31877758287258573 0.44996235305011983 0.021024967148488827 0.06310135903835477
0 0.3897368469987356 0.4324341977616879 0.02890932982917213 0.03739339794865462
0 0.3752821820841495 0.4639848772808653 0.021024967148488827 0.05375300955119099
0 0.42915866040215217 0.4464567219924334 0.02890932982917213 0.042067572692236516
0 0.4567539297845437 0.5013782752295199 0.03416557161629435 0.03973048532044562
