0 0.6972269915453848 0.5925246827293655 0.04993429697766101 0.06777553378193665
0 0.5211428916767908 0.09589361622379618 0.031537450722733215 0.03739339794865453
0 0.5441389494954505 0.12043303362760097 0.030223390275952673 0.025707961089700047
0 0.6058997904941364 0.1251072083711826 0.030223390275952777 0.06310135903835484
0 0.5888170046859892 0.14029827628782363 0.04073587385019711 0.03739339794865462
0 0.5829037326754767 0.17418604317879188 0.042049934296977655 0.03038213583328184
0 0.607213850940917 0.20573672269796925 0.030223390275952777 0.046741747435818305
0 0.5204858614534005 0.15782643157625548 0.04073587385019711 0.025707961089700047
0 0.5421678588252796 0.21742215955692376 0.04467805519053874 0.03271922320507283
0 0.5020890151984728 0.22793905272998288 0.030223390275952673 0.030382135833281938
0 0.5776474908883545 0.25247847013378755 0.03153745072273332 0.023370873717909153
0 0.5605647050802073 0.28052351859527846 0.02890932982917213 0.032719223205072735
0 0.5973583975900628 0.30623147968497855 0.03679369250985538 0.023370873717909153
0 0.6249536669724544 0.35764740186437866 0.03679369250985538 0.023370873717909153
0 0.5809326420053058 0.3716699260951241 0.03285151116951386 0.04206757269223642
0 0.5592506446334268 0.5037153626013109 0.026281208935611047 0.05842718429477278
0 0.526399133463913 0.5457829352935473 0.03153745072273332 0.05375300955119109
0 0.45149768799742157 0.5002097315436246 0.04993429697766101 0.046741747435818305
0 0.4712085946991298 0.3588159455502741 0.03942181340341657 0.03973048532044547
