0 0.9416422346465675 0.30155730494139665 0.03679369250985549 0.06076427166656378
0 0.9449273857635188 0.22910759641587836 0.06701708278580816 0.05609009692298198
0 0.9771218667096424 0.14146681997371907 0.042049934296977544 0.03973048532044552
0 0.578961551335135 0.2700066254222194 0.023653088042049856 0.03505631057686368
0 0.5861888837924281 0.33310798446057405 0.011826544021024874 0.049078834807609155
0 0.4712085946991298 0.26065827593505575 0.02102496714848888 0.03505631057686373
0 0.45938205067810484 0.2957145865119194 0.04467805519053879 0.04440466006402741
0 0.5027460454218631 0.28169206228117394 0.04204993429697771 0.04440466006402741
0 0.48829138050727705 0.3144112854862468 0.03679369250985554 0.025707961089700047
0 0.4600390809014951 0.32025400391572406 0.048620236530880365 0.03739339794865462
0 0.46529532268861734 0.3331079844605741 0.030223390275952673 0.016359611602536323
0 0.4797499876032034 0.3751755571528106 0.024967148488830505 0.021033786346118258
0 0.5020890151984728 0.3845239066399742 0.030223390275952673 0.016359611602536368
0 0.28526904147968163 0.28987186808244214 0.02759526938239159 0.051415922179400046
0 0.2773846787989984 0.2583211885632648 0.02233902759526937 0.03038213583328184
0 0.22088007958743464 0.2559841011914739 0.014454664914586092 0.04440466006402741
0 0.21759492847048323 0.24546720801841476 0.023653088042049936 0.03739339794865472
0 0.2267933515979471 0.23027614010177386 0.021024967148488855 0.044404660064027456
0 0.1886855986413111 0.21041089744155106 0.015768725361366608 0.03739339794865462
0 0.19656996132199442 0.253647013819683 0.018396846254927716 0.025707961089700047
0 0.1893426288647014 0.27701788753759216 0.019710906701708313 0.049078834807609155
0 0.16109032925891953 0.3284338097169922 0.023653088042049936 0.03505631057686373
0 0.1538629968016265 0.3179169165439331 0.014454664914586038 0.042067572692236516
0 0.16240438970570006 0.3167483728580377 0.018396846254927716 0.04440466006402741
0 0.14072239233382094 0.29805167388371034 0.022339027595269394 0.03973048532044552
0 0.15452002702501677 0.29220895545423303 0.023653088042049936 0.023370873717909153
0 0.1262677274192349 0.3179169165439331 0.027595269382391603 0.046741747435818305
0 0.11904039496194185 0.2945460428260239 0.021024967148488827 0.046741747435818305
0 0.14992081546128483 0.2641639069927421 0.04862023653088044 0.046741747435818305
0 0.11772633451516129 0.2618268196209511 0.015768725361366632 0.023370873717909153
0 0.11312712295142938 0.28052351859527846 0.04073587385019713 0.042067572692236516
0 0.1400653621104307 0.2372874022171466 0.028909329829172156 0.03973048532044552
0 0.13349505987652793 0.21041089744155106 0.03679369250985546 0.03739339794865462
0 0.08947403490937943 0.22560196535819205 0.030223390275952697 0.05375300955119114
0 0.08815997446259888 0.24546720801841476 0.035479632063074903 0.06543844641014566
0 0.10852791138769743 0.1753545868646873 0.023653088042049936 0.06543844641014564
0 0.09998651848362385 0.18236584898006006 0.02496714848883049 0.05141592217940012
0 0.046767070389011484 0.26650099436453295 0.03679369250985546 0.03271922320507283
0 0.03362646592120597 0.2922089554542331 0.028909329829172145 0.01869669897432736
0 0.02245695212357127 0.2840291496529649 0.01971090670170828 0.03973048532044552
0 0.038225677484937895 0.23611885853125114 0.038107752956636015 0.03271922320507288
0 0.04348191927206011 0.21742215955692382 0.011826544021024968 0.023370873717909153
0 0.025085073017132375 0.20924235375565559 0.017082785808147177 0.025707961089700047
0 0.01128743832593658 0.1998940042684919 0.015768725361366625 0.049078834807609203
0 0.017200710336449064 0.2466357517043102 0.027595269382391596 0.03973048532044562
0 0.034940526367986516 0.10757905308275074 0.03153745072273326 0.06543844641014546
0 0.05268034239952397 0.03162371349954605 0.017082785808147174 0.05375300955119099
