0 0.774099527682047 0.8192221577930843 0.03285151116951376 0.04440466006402741
0 0.8076080690749512 0.7350870124086114 0.02890932982917224 0.03038213583328184
0 0.785926071703072 0.7093790513189113 0.03810775295663603 0.035056310576863633
0 0.7701573463417054 0.6918508960304794 0.05387647831800264 0.03739339794865453
0 0.7274503818213375 0.6603002165113021 0.03942181340341657 0.049078834807609106
0 0.7156238378003125 0.6871767212868976 0.03153745072273332 0.032719223205072645
0 0.7497894094166069 0.7385926434662977 0.026281208935611047 0.03739339794865453
0 0.6945988706518236 0.6918508960304794 0.03679369250985538 0.051415922179400005
0 0.6275817878660155 0.7117161386907023 0.0341655716162943 0.035056310576863633
0 0.576333430441574 0.6614687601971976 0.03679369250985549 0.03739339794865453
0 0.6085279113876975 0.5925246827293656 0.02759526938239159 0.030382135833281747
0 0.6242966367490641 0.6334237117357067 0.024967148488830505 0.042067572692236516
0 0.5323124054744255 0.6042101195883202 0.024967148488830505 0.025707961089700238
0 0.5520233121761338 0.6462776922805565 0.027595269382391697 0.030382135833281938
