0 0.3398025500210746 0.37400701346691506 0.05781865965834431 0.05609009692298198
0 0.393021998115687 0.41841167353094244 0.043363994743758245 0.03739339794865462
0 0.5750193699947934 0.14263536365961443 0.031537450722733215 0.0467417474358184
0 0.6433505132273821 0.1554893442044645 0.023653088042049963 0.03038213583328203
0 0.6269247576426252 0.23611885853125109 0.02233902759526942 0.028045048461490946
0 0.6348091203233085 0.2594897322491603 0.03547963206307484 0.03739339794865462
0 0.7136527471301417 0.2548155575055784 0.030223390275952777 0.03739339794865462
0 0.6821152964074084 0.15432080051856914 0.02759526938239159 0.032719223205072735
0 0.724165230704386 0.16717478106341913 0.02759526938239159 0.03973048532044552
0 0.7497894094166069 0.07836546093536444 0.023653088042049963 0.03505631057686362
0 0.6867145079711403 0.04915186878797796 0.021024967148488772 0.023370873717909343
