0 0.6446645736741626 0.19405128583901465 0.0341655716162944 0.01869669897432736
0 0.6978840217687751 0.17652313055058283 0.04073587385019711 0.03505631057686375
0 0.6591192385887487 0.23845594590304206 0.026281208935611047 0.028045048461491088
0 0.6262677274192349 0.2957145865119194 0.02890932982917213 0.03038213583328184
0 0.61444118339821 0.34362487763363314 0.02102496714848888 0.051415922179400095
0 0.821405703766147 0.06434293670461878 0.056504599211563825 0.05842718429477278
0 0.9580679902313243 0.11342177151222804 0.07490144546649141 0.05842718429477291
0 0.9265305395085911 0.2057367226979692 0.05650459921156372 0.04206757269223642
0 0.9869773200604965 0.23495031484535564 0.02759526938239148 0.049078834807609203
0 0.964638292465227 0.2840291496529649 0.045992115637319385 0.03505631057686373
0 0.9843491991669354 0.350636139749006 0.022339027595269314 0.051415922179400046
0 0.9830351387201548 0.4417825472488516 0.03285151116951386 0.03739339794865462
0 0.9606961111248854 0.4780074015116108 0.04073587385019711 0.04440466006402731
0 0.9731796853693007 0.5492885663512338 0.04993429697766091 0.051415922179400095
0 0.9140469652641758 0.4569736151654926 0.052562417871222095 0.03505631057686382
0 0.8581993962760024 0.44879380936422436 0.05650459921156372 0.03739339794865472
0 0.8082650992983414 0.4289285667040016 0.04599211563731928 0.04440466006402731
0 0.7721284370118763 0.4417825472488516 0.052562417871222095 0.03739339794865462
0 0.740590986289143 0.3167483728580377 0.04993429697766091 0.03038213583328184
0 0.7438761374060945 0.33895070289005136 0.030223390275952673 0.023370873717909153
0 0.7267933515979471 0.37517555715281053 0.03285151116951386 0.03973048532044557
0 0.7051113542260681 0.28169206228117394 0.023653088042049963 0.03038213583328184
0 0.7911823134901942 0.16016351894804634 0.03285151116951386 0.03505631057686368
0 0.7465042582996555 0.251309926447892 0.03285151116951376 0.04440466006402731
0 0.916675086157737 0.29805167388371034 0.042049934296977655 0.03973048532044552
0 0.9258735092852008 0.36465866397975144 0.05781865965834426 0.03739339794865472
0 0.8877657563285648 0.34713050869131956 0.026281208935611047 0.030382135833281938
0 0.8798813936478815 0.4090633240437788 0.05781865965834426 0.02804504846149099
0 0.8555712753824414 0.39620934349892883 0.030223390275952673 0.025707961089700047
0 0.7951244948305358 0.3775126445246015 0.048620236530880365 0.03038213583328184
0 0.8207486735427567 0.3296023534028877 0.03679369250985549 0.023370873717909153
0 0.8319181873403914 0.30623147968497855 0.04073587385019711 0.05609009692298189
0 0.8371744291275135 0.2828606059670694 0.04073587385019711 0.03739339794865462
0 0.8122072806386831 0.25715264487736933 0.03547963206307484 0.028045048461490946
0 0.2800127996925595 0.1800287616082692 0.5532194480946124 0.36458562999938265
