0 0.3949930887858578 0.460479246223179 0.03942181340341657 0.03271922320507283
0 0.4508406577740312 0.43710837250526974 0.02759526938239159 0.028045048461490946
0 0.4521547182208118 0.5177378868320565 0.02233902759526937 0.025707961089699954
0 0.4961757431879603 0.47216468308213344 0.03153745072273332 0.03739339794865462
0 0.5099733778791561 0.4371083725052698 0.027595269382391697 0.03739339794865472
0 0.5329694356978157 0.47567031413981986 0.026281208935611047 0.03038213583328184
0 0.5520233121761338 0.5154007994602654 0.030223390275952777 0.04440466006402741
0 0.521799921900181 0.5352660421204882 0.01708278580814715 0.042067572692236516
0 0.6052427602707461 0.4931984694282517 0.013140604467805524 0.014022524230745473
0 0.6085279113876976 0.5224120615756381 0.024967148488830505 0.03038213583328184
0 0.6091849416110878 0.5411087605499655 0.023653088042049963 0.025707961089700047
0 0.626267727419235 0.5785021584986201 0.031537450722733215 0.039730485320445715
