0 0.3279760060000496 0.8192221577930844 0.031537450722733264 0.03973048532044562
0 0.3614845473929537 0.8647953615430072 0.04599211563731933 0.03739339794865472
0 0.37068297052041754 0.9092000216070346 0.0433639947437582 0.046741747435818305
0 0.3536001847122704 0.9243910895236754 0.03547963206307489 0.04440466006402741
0 0.504717136092034 0.9185483710941983 0.03547963206307484 0.03271922320507293
0 0.4442703555401285 0.9547732253569574 0.05124835742444155 0.03038213583328184
0 0.5034030756452533 0.9816497301325529 0.03285151116951376 0.032719223205072735
0 0.5421678588252796 0.9500990506133756 0.026281208935611047 0.04440466006402722
0 0.5967013673666726 0.966458662215912 0.030223390275952673 0.03038213583328184
0 0.6564911176951878 0.9360765263826302 0.03679369250985549 0.03038213583328203
0 0.6729168732799445 0.9045258468634527 0.030223390275952777 0.04206757269223632
0 0.6702887523863834 0.7853343909021161 0.035479632063075056 0.060764271666563875
0 0.5559654935164754 0.7444353618957751 0.02759526938239159 0.03973048532044562
0 0.5658209468673295 0.7234015755496568 0.023653088042049856 0.03505631057686382
0 0.6170693042917711 0.721064488177866 0.026281208935611047 0.04440466006402741
0 0.6880285684179209 0.6532889543959294 0.03153745072273332 0.021033786346118067
0 0.7208800795874347 0.6766598281138385 0.03942181340341657 0.03038213583328203
0 0.7629300138844124 0.8040310898764434 0.04467805519053874 0.02804504846149104
0 0.7747565579054374 0.8531099246840526 0.04993429697766101 0.046741747435818305
0 0.809579159745122 0.9337394390108392 0.04599211563731928 0.03973048532044562
0 0.9068196328068828 0.6614687601971976 0.059132720105124804 0.07478679589730924
