0 0.5099733778791561 0.8858291478891255 0.07227332457293038 0.05609009692298189
0 0.4738367155926909 0.7900085656456979 0.07095926412614978 0.06543844641014566
0 0.38185248431805224 0.7724804103572661 0.06307490144546649 0.044404660064027504
0 0.33388927801056206 0.8624582741712162 0.0512483574244415 0.06543844641014566
0 0.3227197642129274 0.9173798274083027 0.060446780551905395 0.05375300955119099
0 0.293153404160365 0.7841658472162206 0.08278580814717482 0.04907883480760949
0 0.27935576946916924 0.815716526735398 0.026281208935610992 0.05141592217940019
0 0.22876444226811793 0.8390874004533071 0.04599211563731931 0.03739339794865472
0 0.23007850271489852 0.8683009926006935 0.03285151116951383 0.05375300955119099
0 0.2057683844494583 0.9208854584659891 0.031537450722733264 0.028045048461490946
0 0.1722598430565542 0.9232225458377801 0.032851511169513806 0.01869669897432736
0 0.17094578260977367 0.8367503130815162 0.030223390275952697 0.032719223205072735
0 0.21036759601319022 0.7315813813509251 0.027595269382391614 0.04674174743581821
0 0.16109032925891953 0.8764807984019618 0.03679369250985546 0.023370873717909153
0 0.2504464396399971 0.682502546543316 0.04467805519053879 0.06543844641014557
0 0.3128643108620733 0.6754912844279432 0.02759526938239164 0.03271922320507293
0 0.3174635224258052 0.7257386629214477 0.023653088042049963 0.044404660064027504
0 0.36608375895668566 0.6895138086586886 0.018396846254927744 0.05141592217940029
0 0.40813369325366333 0.6497833233382431 0.031537450722733264 0.037393397948654816
0 0.44821253688047014 0.6264124496203339 0.05650459921156377 0.0467417474358184
