0 0.5848748233456474 0.26416390699274206 0.014454664914586066 0.014022524230745473
0 0.56713500731411 0.2723437127940103 0.015768725361366608 0.011685436858954576
0 0.5848748233456474 0.2851976933388603 0.0065703022339026005 0.00934834948716368
0 0.5730482793246227 0.28052351859527846 0.011826544021024982 0.014022524230745568
0 0.5585936144100365 0.2922089554542331 0.006570302233902708 0.01869669897432736
0 0.5684490677608905 0.3144112854862468 0.007884362680683358 0.021033786346118303
0 0.5658209468673295 0.30155730494139676 0.007884362680683358 0.01402252423074552
0 0.5855318535690378 0.28753478071065125 0.0 0.0
0 0.578961551335135 0.31674837285803775 0.0026281208935611906 0.016359611602536465
0 0.5677920375375004 0.25715264487736933 0.006570302233902922 0.014022524230745568
