0 0.33454630823395237 0.3214225476016195 0.02365308804204991 0.021033786346118258
0 0.3069510388515608 0.33544507183236494 0.010512483574244332 0.007011262115372784
0 0.3115502504152927 0.36699575135154233 0.024967148488830505 0.023370873717909104
0 0.27869873924577887 0.31674837285803775 0.014454664914586066 0.016359611602536465
0 0.2918393437135845 0.2758493438516966 0.019710906701708338 0.03739339794865462
0 0.2635870441078026 0.24897283907610115 0.018396846254927744 0.030382135833281938
0 0.2300785027148985 0.26299536330684664 0.024967148488830478 0.030382135833281938
0 0.22350820048099573 0.3038943923131876 0.019710906701708285 0.032719223205072735
0 0.2267933515979471 0.32843380971699226 0.026281208935611047 0.03973048532044557
0 0.17751608484367642 0.28402914965296483 0.022339027595269394 0.025707961089700047
0 0.13546615054669875 0.2594897322491603 0.011826544021024982 0.03739339794865462
0 0.15780517814196815 0.2910404117683376 0.03547963206307489 0.025707961089700047
0 0.17094578260977367 0.3319394407746786 0.03547963206307489 0.028045048461490946
0 0.18014420573723752 0.41841167353094244 0.022339027595269394 0.05141592217940019
