0 0.18913452733800815 0.173124951785852 0.08812260536398465 0.09085688326604785
0 0.29002852478372976 0.1992463057248408 0.08045977011494251 0.06132839620458229
0 0.2497986397262585 0.3128174098074006 0.02554278416347386 0.01589995457155832
0 0.42157386322561985 0.11066084454044403 0.05491698595146869 0.05678555204127977
0 0.4713822923443939 0.05955384770329218 0.04725415070242663 0.0545141299596286
0 0.544817796814381 0.06977524707072262 0.07407407407407403 0.05678555204127977
0 0.5952647955372419 0.053875292499164174 0.049808429118773985 0.0749569286944893
0 0.6348561109906263 0.05728242562164092 0.026819923371647507 0.027257064979814394
0 0.6999902106074845 0.04819673729503615 0.05747126436781615 0.0545141299596286
0 0.661037464758187 0.1049822893363161 0.0434227330779055 0.04088559746972159
0 0.5754691378105496 0.00731113982531475 0.06385696040868452 0.036342753306419256
0 0.6974359321911371 0.014125406070268253 0.0651340996168582 0.059056974122930934
0 0.7376658172486084 0.09362517892806008 0.02554278416347383 0.036342753306419256
0 0.7817271199306007 0.07431809123402497 0.031928480204342316 0.038614175388070424
0 0.8059927648859008 0.05841813666246659 0.029374201787994856 0.05224270787797743
0 0.8168484481553773 0.02093967231522195 0.03320561941251599 0.049971285796326266
0 0.8494154979638063 0.03456820480512905 0.019157088122605345 0.03634275330641906
0 0.9017782054989277 0.010718272947791499 0.024265644955300154 0.07041408453118715
