0 0.6782788440685318 0.22650337070465512 0.03448275862068967 0.04769986371467509
0 0.5722762897901154 0.6194593908303121 0.019157088122605345 0.0022714220816510726
0 0.6067590484108051 0.6501235889326031 0.019157088122605345 0.03634275330641906
0 0.5920719475168077 0.6376307674835215 0.0383141762452108 0.024985642898163324
0 0.6054819092026313 0.365060117685378 0.019157088122605345 0.020442798734860795
0 0.5876019602881997 0.3457530299913429 0.019157088122605345 0.01817137665320953
0 0.7019059194197451 0.31736025397070294 0.01532567049808432 0.015899954571558364
0 0.6782788440685318 0.28442463378676064 0.011494252873563187 0.01362853248990715
0 0.7108458938769608 0.2537604356844695 0.012771392081736969 0.015899954571558364
0 0.7383043868526954 0.24581045839869028 0.019157088122605453 0.03634275330641916
0 0.7357501084363478 0.2707961012968534 0.011494252873563187 0.022714220816511962
0 0.7504372093303453 0.32985307541978454 0.01532567049808432 0.0272570649798143
0 0.776618563097906 0.3048674325216213 0.0063856960408684845 0.03634275330641906
0 0.7753414238897323 0.26852467921520223 0.014048531289910645 0.040885597469721494
0 0.7657628798284296 0.27647465650098146 0.007662835249042052 0.024985642898163133
0 0.7830042591387745 0.2787460785826326 0.003831417624521026 0.015899954571558364
0 0.8002456384491192 0.28328892274593503 0.00766283524904216 0.015899954571558413
