0 0.8111013217185956 0.1061180003771417 0.031928480204342316 0.024985642898163036
0 0.805354195281814 0.12428937703035137 0.01021711366538951 0.038614175388070326
0 0.8181255873635509 0.07772522435650171 0.005108556832694702 0.013628532489907197
0 0.6508203510927975 0.006175428784489165 0.022988505747126374 0.011357110408256028
0 0.5748305682064628 0.09362517892806017 0.024265644955300154 0.02271422081651206
0 0.5518420624593364 0.12315366598952579 0.024265644955300047 0.03634275330641916
0 0.6642303127786211 0.14473217576521208 0.011494252873563187 0.029528487061465658
0 0.6297475541579315 0.04138247105008265 0.029374201787994856 0.045428441633023925
0 0.6048433395985445 0.050468159376687416 0.017879948914431672 0.03179990914311673
0 0.6463503638641895 0.09135375684640891 0.008939974457215836 0.01817137665320953
0 0.6578446167377527 0.12088224390787453 0.011494252873563293 0.04088559746972169
0 0.6840259705053133 0.11520368870374637 0.00766283524904216 0.015899954571558354
0 0.6955202233788765 0.03797533792760589 0.012771392081736969 0.038614175388070424
0 0.75554576616304 0.12201795494870006 0.01021711366538951 0.0204427987348607
0 0.7734257150774717 0.10043944517301377 0.00766283524904216 0.04088559746972159
0 0.7331958300200004 0.06182526978494335 0.03448275862068967 0.036342753306419256
0 0.7549071965589532 0.06863953602989695 0.026819923371647507 0.027257064979814394
0 0.7689557278488638 0.04819673729503615 0.011494252873563187 0.02271422081651187
0 0.7817271199306007 0.023211094396873112 0.016602809706257996 0.02271422081651187
0 0.8162098785512903 0.05501100353998975 0.029374201787994856 0.03179990914311673
