0 0.8225955745921588 0.21401054925557358 0.008939974457215836 0.013628532489907197
0 0.8462226499433722 0.17880350698998007 0.005108556832694702 0.038614175388070326
0 0.8858139653967566 0.15381786409181689 0.00766283524904216 0.015899954571558364
0 0.8851753957926697 0.17426066282667763 0.011494252873563187 0.020442798734860795
0 0.8692111556904986 0.2673889681743766 0.0 0.002271422081651263
0 0.8807054085640617 0.20038201676566642 0.01021711366538951 0.004542844163302336
0 0.8870911046049302 0.19583917260236397 0.0 0.0
0 0.8749582821272802 0.21741768237805037 0.014048531289910538 0.0068142662449535985
0 0.8960310790621461 0.21514626029639916 0.0025542784163474583 0.002271422081651168
0 0.9279595592664882 0.15722499721429373 0.0 0.0
0 0.9285981288705752 0.18448206219410804 0.0063856960408684845 0.0
0 0.9132724583724909 0.16744639658172408 0.0063856960408684845 0.01135711040825603
0 0.9241281416419673 0.12996793223447922 0.010217113665389403 0.013628532489907388
0 0.9452009385768331 0.12769651015282812 0.014048531289910645 0.031799909143116825
