0 0.8474997891515458 0.10157515621383925 0.022988505747126374 0.02952848706146556
0 0.8711268645027591 0.05501100353998975 0.026819923371647507 0.03179990914311673
0 0.9298752680787489 0.09589660100971134 0.0063856960408684845 0.03179990914311673
0 0.8934768006457987 0.1333750653569561 0.040868454661558154 0.03407133122476809
0 0.8685725860864116 0.19129632843906164 0.01660280970625789 0.013628532489907197
0 0.8890068134171907 0.2106034161330968 0.011494252873563187 0.024985642898163133
0 0.867295446878238 0.21514626029639916 0.008939974457215836 0.015899954571558364
0 0.8717654341068459 0.2514890136028183 0.007662835249042052 0.020442798734860795
0 0.8449455107351984 0.27761036754180707 0.022988505747126374 0.027257064979814345
0 0.8168484481553773 0.23104621486795754 0.01532567049808432 0.0204427987348607
0 0.8008842080532061 0.2571675688069463 0.04214559386973172 0.040885597469721494
0 0.875596851731367 0.3434816079096917 0.030651340996168532 0.027257064979814394
0 0.8577169028169354 0.37414580601198283 0.040868454661558154 0.04315701955137276
0 0.8181255873635509 0.36392440664455245 0.05108556832694766 0.040885597469721494
0 0.8934768006457987 0.3889100495427155 0.04597701149425285 0.03634275330641916
0 0.9739365707607412 0.35143158519547085 0.012771392081736754 0.0204427987348607
0 1.0007564941323888 0.3764172280936341 0.025542784163473723 0.024985642898163133
