0 0.9867079628424783 0.19470346156153842 0.02809706257982129 0.038614175388070326
0 0.9541409130340489 0.23672477007208553 0.014048531289910645 0.03179990914311673
0 0.9368995337237042 0.22536765966382954 0.005108556832694702 0.004542844163302336
0 0.9292366984746621 0.24013190319456232 0.01021711366538951 0.0204427987348607
0 0.9068867623316225 0.21741768237805034 0.014048531289910645 0.0204427987348607
0 0.8730425733150196 0.2196891044597015 0.007662835249042052 0.015899954571558364
0 0.8647411684618906 0.2435390363170391 0.016602809706257996 0.013628532489907101
0 0.8736811429191065 0.2514890136028183 0.006385696040868377 0.006814266244953551
0 0.8641025988578038 0.300324588358319 0.022988505747126374 0.03634275330641921
0 0.834089827465722 0.24808188048034147 0.03959131545338448 0.05905697412293112
0 0.7612928925998217 0.3048674325216214 0.021711366538952805 0.027257064979814394
0 0.7376658172486084 0.29464603315419097 0.002554278416347351 0.006814266244953551
0 0.7427743740813032 0.31849596501152855 0.012771392081736862 0.01817137665320953
0 0.722340146750524 0.3275816533381333 0.0 0.0
0 0.7338343996240874 0.3128174098074005 0.012771392081736862 0.0204427987348607
0 0.7217015771464373 0.3037317214807958 0.021711366538952698 0.020442798734860653
