0 0.6520974903009711 0.12769651015282799 0.04597701149425285 -0.009085688326604861
0 0.5422635183980338 0.22309623758217836 0.05108556832694766 0.049971285796326266
0 0.5671677329574206 0.17880350698998007 0.026819923371647507 0.038614175388070326
0 0.5505649232511627 0.1776677959491545 0.019157088122605345 0.022714220816511962
0 0.5231064302754285 0.15154644201016568 0.03320561941251599 0.05224270787797752
0 0.47776798838526235 0.14700359784686323 0.03448275862068972 0.024985642898163324
0 0.4132724583724909 0.14018933160190972 0.038314176245210746 0.038614175388070326
0 0.40944104074796983 0.1924320394798872 0.028097062579821235 0.0204427987348607
0 0.3743197125231933 0.19129632843906164 0.03192848020434226 0.03634275330641906
0 0.35133120677606694 0.17198924074502647 0.024265644955300102 0.020442798734860795
0 0.37751256054362753 0.23445334799043427 0.028097062579821183 0.03179990914311673
0 0.3232341441962457 0.2412676142353879 0.054916985951468635 0.03634275330641906
0 0.3449455107351984 0.26284612401107427 0.03448275862068967 0.04315701955137276
0 0.2893899551796429 0.2844246337867606 0.04342273307790545 0.049971285796326356
0 0.2619314622039085 0.29805316627666784 0.026819923371647507 0.03634275330641911
0 0.31301703053085617 0.1935677505207128 0.026819923371647507 0.045428441633023925
0 0.18530310971348707 0.4615955561555538 0.03448275862068964 0.05451412995962879
0 0.11250617484758668 0.469545533441333 0.01915708812260536 0.029528487061465467
0 0.1520974903009711 0.4956668873803217 0.029374201787994884 0.0408855974697214
0 0.1578446167377527 0.5581309946257296 0.030651340996168588 0.04769986371467519
0 0.0563120496879443 0.5706238160748112 0.03448275862068966 0.0545141299596286
0 0.11506045326393408 0.5172453971560081 0.026819923371647507 0.04769986371467509
0 0.0959033651413287 0.48317406593124024 0.011494252873563227 0.01135711040825603
0 0.09462622593315502 0.5183811081968337 0.01915708812260536 0.02271422081651187
0 0.12016901009662884 0.5240596634009617 0.019157088122605373 0.034071331224767895
0 0.11442188365984722 0.5354167738092177 0.017879948914431683 0.03407133122476819
0 0.0831319730595918 0.5376881958908688 0.01915708812260536 0.034071331224767895
0 0.14826607267645003 0.613780835626184 0.019157088122605345 0.02271422081651177
0 0.08185483385141812 0.6058308583404048 0.019157088122605373 0.020442798734860892
0 0.09973478276584978 0.6637521214225102 0.03448275862068964 0.04088559746972159
0 0.15401319911323164 0.6523950110142541 0.030651340996168588 0.045428441633023835
