0 0.24277437408130317 0.500209731543624 0.04214559386973182 0.03179990914311673
0 0.5339621135449047 0.07545380227485055 0.011494252873563293 0.01817137665320953
0 0.5320464047326442 0.13223935431613046 0.00766283524904216 0.04997128579632654
0 0.5339621135449047 0.0516038704175131 0.011494252873563293 0.01135711040825603
0 0.5294921263162967 0.015261117111093932 0.02298850574712648 0.024985642898163227
0 0.16550745198679487 0.1197465328670489 0.022988505747126426 0.0204427987348607
0 0.17061600881948963 0.19470346156153842 0.00766283524904216 0.011357110408255934
0 0.2178701595219162 0.18675348427575925 0.015325670498084294 0.022714220816511962
0 0.23830438685269525 0.2151462602963992 0.01532567049808432 0.0204427987348607
0 0.22170157714643726 0.05273958145833858 0.01021711366538951 0.018171376653209722
