0 0.20956875466878722 0.528602507564264 0.06768837803320563 0.056785552041279955
0 0.12144614930480253 0.5467738842174737 0.09578544061302682 0.07495692869448958
0 0.8334512578616352 0.549045306299125 0.0434227330779055 0.04769986371467509
0 0.8992239270825804 0.4820383548904146 0.05236270753512134 0.049971285796326356
0 0.9056096231234487 0.4411527574206931 0.019157088122605345 0.022714220816511962
0 0.9158267367888382 0.5433667510949968 0.026819923371647507 0.0408855974697214
0 0.8979467878744066 0.6262736570752656 0.016602809706257996 0.0204427987348607
0 0.9796836971975228 0.2923746110725398 0.03448275862068977 0.03407133122476799
0 0.9796836971975229 0.3889100495427156 0.019157088122605238 0.040885597469721494
0 0.9758522795730019 0.4604598451147282 0.019157088122605453 0.047699863714675
0 0.9828765452179571 0.5251953744417873 0.02043422733077902 0.03179990914311673
0 0.991177950071086 0.49453117633949606 0.008939974457215836 0.015899954571558364
0 0.8558011940046748 0.7534732936477324 0.05236270753512134 0.034071331224767895
