0 0.5709991505819417 0.08794662372393217 0.037037037037037014 0.015899954571558364
0 0.5314078351285573 0.21401054925557356 0.044699872286079176 0.05905697412293103
0 0.5001179245283018 0.36278869560372684 0.035759897828863345 0.08404261702109425
0 0.44073095134822526 0.31508883188905173 0.03192848020434226 0.056785552041279864
0 0.3979467878744066 0.2810175006642838 0.056194125159642366 0.07949977285779182
0 0.31684844815537727 0.30713885460327256 0.016602809706257996 0.018171376653209628
0 0.3334512578616352 0.2526247246436439 0.01660280970625794 0.03179990914311668
0 0.2261715643750452 0.32985307541978454 0.05747126436781612 0.07722835077614061
0 0.19232737535844238 0.2844246337867606 0.035759897828863345 0.045428441633023835
0 0.20382162823200559 0.22423194862300394 0.022988505747126426 0.024985642898163227
0 0.20765304585652664 0.1981105946840152 0.010217113665389538 0.01817137665320953
0 0.1955202233788766 0.13223935431613046 0.03959131545338442 0.031799909143116825
0 0.19041166654618186 0.08340377956062964 0.02937420178799491 0.047699863714675106
0 0.19615879298296343 0.05273958145833867 0.02043422733077905 0.02271422081651187
0 0.06397488493698643 0.12428937703035128 0.03192848020434227 0.03407133122476817
0 0.08377054266367864 0.06977524707072263 0.015325670498084294 0.038614175388070424
0 0.15720604713366587 0.024346805437698696 0.00383141762452108 0.02952848706146537
0 0.32004129617581145 0.1049822893363161 0.020434227330779077 0.01817137665320953
0 0.27917284151425337 0.19583917260236394 0.02554278416347383 0.03179990914311673
0 0.36984972529458543 0.16858210762254966 0.02554278416347378 0.045428441633023925
0 0.41454959758066456 0.20946770509227114 0.022988505747126426 0.01817137665320953
0 0.5071421901732572 0.22877479278630636 0.016602809706257996 0.015899954571558364
0 0.44711664738909374 0.1992463057248408 0.04725415070242653 0.04769986371467509
0 0.4847922540302176 0.20719628301061996 0.010217113665389565 0.022714220816511962
0 0.45094806501361473 0.18675348427575925 0.021711366538952698 0.022714220816511962
0 0.4356223945155305 0.17539637386750329 0.02937420178799491 0.045428441633023925
0 0.44200809055639895 0.13678219847943293 0.0012771392081736754 0.0
0 0.49564793729969403 0.1515464420101657 0.016602809706257996 0.015899954571558364
0 0.42412814164196727 0.11406797766292087 0.02171136653895275 0.03179990914311673
