0 0.6712545784235765 0.36733153976702926 0.0025542784163474583 0.006814266244953503
0 0.6584831863418396 0.365060117685378 0.010217113665389618 0.011357110408255934
0 0.6508203510927975 0.3434816079096917 0.01532567049808432 0.027257064979814394
0 0.6795559832767054 0.34234589686886613 0.011494252873563187 0.020442798734860653
0 0.6910502361502686 0.3355316306239125 0.0038314176245211337 0.002271422081651168
0 0.6846645401094003 0.3219030981340053 0.021711366538952698 0.034071331224767853
0 0.6725317176317502 0.3116816987665749 0.0 0.0
0 0.6655074519867948 0.2957817441950166 0.014048531289910645 0.004542844163302288
0 0.6540131991132316 0.3128174098074005 0.0038314176245211337 0.0204427987348607
0 0.6367718198028868 0.3071388546032725 0.0 0.0
0 0.6725317176317501 0.2707961012968534 0.01021711366538951 0.022714220816511962
0 0.5876019602881998 0.1935677505207128 0.024265644955300047 0.03179990914311673
