0 0.5179978734427335 0.0175325391927451 0.02043422733077902 0.024985642898163227
0 0.5416249487939468 0.0175325391927451 0.019157088122605345 0.04315701955137257
0 0.5320464047326442 0.039111048968431476 0.005108556832694702 0.013628532489907197
0 0.5314078351285574 0.07204666915237379 0.021711366538952698 0.015899954571558364
0 0.5224678606713415 0.10384657829549053 0.021711366538952698 0.02952848706146537
0 0.5652520241451602 0.07431809123402497 0.012771392081736862 0.0204427987348607
0 0.5671677329574206 0.10271086725466484 0.008939974457215836 0.02271422081651206
0 0.5658905937492471 0.04024676000925707 0.021711366538952913 0.0204427987348607
0 0.5793005554350708 0.06636811394824578 0.0 0.0
0 0.5952647955372419 0.07091095811154821 0.031928480204342316 0.049971285796326266
