0 0.37431971252319335 0.20378914988814315 0.03703703703703707 0.04769986371467509
0 0.39730821827031976 0.18107492907163125 0.037037037037037014 0.03407133122476799
0 0.42668242005831464 0.21060341613309674 0.014048531289910592 0.02952848706146556
0 0.4337066857032699 0.1935677505207128 0.005108556832694702 0.03179990914311673
0 0.42412814164196727 0.21968910445970155 0.019157088122605345 0.038614175388070326
0 0.40241677510301455 0.23786048111291114 0.016602809706257996 0.015899954571558364
0 0.38389825658449606 0.23445334799043427 0.017879948914431672 0.03179990914311673
0 0.3781511301477144 0.25376043568446943 0.01149425287356324 0.020442798734860795
0 0.4075253319357093 0.24921759152116713 0.024265644955300154 0.024985642898163133
0 0.4247667112460541 0.2548961467252951 0.0434227330779055 0.03634275330641906
