0 0.5914333779127209 0.09021804580558332 0.019157088122605453 0.04315701955137276
0 0.6393260982192343 0.08453949060145541 0.017879948914431672 0.02271422081651187
0 0.619530440492542 0.06636811394824578 0.014048531289910538 0.0408855974697214
0 0.6367718198028869 0.06068955874411786 0.00766283524904216 0.024985642898163227
0 0.6450732246560159 0.04933244833586183 0.0063856960408684845 0.02952848706146556
0 0.6546517687173186 0.03343249376430346 0.012771392081736862 0.024985642898163227
0 0.6635917431745344 0.049332448335861735 0.00766283524904216 0.01135711040825603
0 0.6418803766355816 0.026618227519349866 0.01532567049808432 0.024985642898163036
0 0.6214461493048026 0.009582561906965917 0.01532567049808432 0.01817137665320953
0 0.6080361876189787 0.025482516478524283 0.011494252873563187 0.01817137665320953
