0 0.4554180522422227 0.12428937703035131 0.03320561941251594 0.024985642898163227
0 0.49437079809152035 0.1288322211936537 0.019157088122605345 0.05678555204128005
0 0.4854308236343045 0.1526821530509912 0.016602809706258048 0.027257064979814585
0 0.45797233065857007 0.1606321303367704 0.035759897828863345 0.05224270787797762
0 0.4349838249114436 0.19470346156153845 0.02554278416347383 0.020442798734860795
0 0.46308088749126486 0.17539637386750329 0.022988505747126426 0.01817137665320953
0 0.46627373551169904 0.21514626029639916 0.026819923371647507 0.02952848706146556
0 0.4777679883852623 0.19129632843906164 0.024265644955300154 0.027257064979814394
0 0.4905393804669993 0.18107492907163128 0.011494252873563187 0.015899954571558364
0 0.4930936588833466 0.16290355241842164 0.014048531289910538 0.015899954571558364
0 0.5141664558182125 0.190160617398236 0.02554278416347383 0.024985642898163133
