0 0.4030553447071014 0.2798817896234582 0.00766283524904216 0.009085688326604861
0 0.42093529362153304 0.300324588358319 0.01532567049808432 0.009085688326604814
0 0.4905393804669992 0.15154644201016562 0.0191570881226054 0.038614175388070424
0 0.5237449998795152 0.12428937703035137 0.011494252873563293 0.038614175388070326
0 0.5614206065206391 0.14132504264273527 0.017879948914431672 0.027257064979814394
0 0.5767462770187233 0.1254250880711768 0.01021711366538951 0.013628532489907197
0 0.6054819092026315 0.1049822893363161 0.008939974457215836 0.01817137665320953
0 0.6310246933661052 0.10952513349961854 0.014048531289910645 0.0
0 0.669338869611316 0.07431809123402497 0.016602809706257996 0.03407133122476771
0 0.6993516410033976 0.0584181366624666 0.0025542784163474583 0.04769986371467509
0 0.813655600134943 0.21628197133722477 0.019157088122605345 0.02271422081651187
0 0.7747028542856454 0.16744639658172403 0.03065134099616864 0.038614175388070326
