0 0.7529914877466928 0.294646033154191 0.017879948914431672 0.034071331224767895
0 0.768317158244777 0.2548961467252951 0.01532567049808432 0.027257064979814345
0 0.7715100062652112 0.2787460785826326 0.008939974457215836 0.015899954571558364
0 0.7772571327019928 0.3094102766849237 0.01021711366538951 0.022714220816511962
0 0.7957756512205114 0.33780305270556377 0.006385696040868592 0.011357110408255886
0 0.7836428287428612 0.3559744293587732 0.002554278416347351 0.002271422081651263
0 0.7683171582447771 0.3162245429298773 0.012771392081736862 0.009085688326604766
0 0.7370272476445215 0.3673315397670292 0.014048531289910645 0.024985642898163227
0 0.7593771837875611 0.41162427035922755 0.017879948914431672 0.018171376653209628
0 0.7644857406202559 0.34348160790969173 0.02043422733077902 0.02271422081651182
0 0.7446900828935638 0.3457530299913429 0.014048531289910538 0.01817137665320953
0 0.7165930203137425 0.3241745202156566 0.008939974457215836 0.015899954571558413
0 0.7472443613099111 0.25830327984777185 0.021711366538952698 0.034071331224767895
