0 0.43753810332779103 0.29578174419501657 0.005108556832694755 0.02271422081651187
0 0.4656351659076122 0.2276390817454807 0.01532567049808432 0.03179990914311673
0 0.44136952095231213 0.21401054925557356 0.017879948914431672 0.022714220816511962
0 0.5927105171208944 0.1117965555812697 0.014048531289910645 0.018171376653209722
0 0.644434655051929 0.17653208490832883 0.030651340996168532 0.04315701955137276
0 0.6910502361502687 0.14927501992851439 0.008939974457215836 0.05224270787797772
0 0.760015753391648 0.18334635115328243 0.037037037037037014 0.06587124036788462
0 0.6999902106074845 0.016396828151919514 0.04214559386973182 0.03634275330641906
0 0.6853031097134872 0.04251818209090823 0.03320561941251599 0.04315701955137276
0 0.673170287235837 0.06977524707072263 0.019157088122605345 0.07041408453118715
0 0.6559289079254922 0.06863953602989695 0.02298850574712648 0.03634275330641906
0 0.6310246933661052 0.0788609353973273 0.021711366538952698 0.07041408453118715
0 0.6380489590110605 0.03343249376430356 0.040868454661558154 0.04769986371467509
0 0.6042047699944577 0.009582561906965919 0.029374201787994964 0.0545141299596286
