0 0.1476275030723632 0.1049822893363161 0.015325670498084294 0.009085688326604861
0 0.20062878021157138 0.015261117111093932 0.008939974457215836 0.011357110408255839
0 0.20893018506470035 0.03911104896843148 0.010217113665389538 0.02271422081651187
0 0.21595445070965563 0.08113235747897857 0.026819923371647507 0.02952848706146556
0 0.27342571507747176 0.0993037341321881 0.037037037037037014 0.034071331224767895
0 0.2913056639919034 0.13451077639778172 0.019157088122605345 0.0272570649798143
0 0.30854704330224825 0.045925315213384985 0.015325670498084266 0.013628532489907197
0 0.41327245837249094 0.20038201676566642 0.015325670498084266 0.01817137665320953
0 0.4892622412588255 0.10271086725466494 0.02171136653895275 0.004542844163302526
0 0.5237449998795152 0.0243468054376987 0.008939974457215836 0.01135711040825603
0 0.5397092399816864 0.06636811394824578 0.01532567049808432 0.02271422081651206
0 0.5729148593942023 0.08681091268310658 0.01021711366538951 0.004542844163302526
0 0.6335789717824526 0.0175325391927451 0.014048531289910645 0.024985642898163227
