0 0.8538854851924143 0.24013190319456232 0.022988505747126374 0.024985642898163227
0 0.7964142208245982 0.254896146725295 0.012771392081736862 0.022714220816511917
0 0.768317158244777 0.2821532117051094 0.01532567049808432 0.03179990914311678
0 0.7491600701221716 0.288967477950063 0.012771392081736969 0.018171376653209486
0 0.768317158244777 0.3241745202156566 0.01021711366538951 0.015899954571558413
0 0.7510757789344322 0.3105459877257493 0.008939974457215836 0.0068142662449535985
0 0.7357501084363478 0.33326020854226135 0.021711366538952805 0.029528487061465516
0 0.7376658172486084 0.32076738709317976 0.01021711366538951 0.013628532489907197
0 0.7070144762524398 0.2651175460927254 0.00766283524904216 0.006814266244953551
0 0.7217015771464373 0.2787460785826326 0.008939974457215836 0.0068142662449535985
0 0.7121230330851346 0.2866960558684118 0.002554278416347351 0.0
0 0.7389429564567821 0.29691745523584223 0.007662835249042052 0.015899954571558413
0 0.7319186908118267 0.3071388546032726 0.0012771392081736754 0.004542844163302383
0 0.726810133979132 0.3253102312564822 0.0038314176245211337 0.01817137665320953
0 0.7153158811055689 0.31395312084822613 0.008939974457215836 0.018171376653209486
0 0.7063759066483529 0.3207673870931797 0.011494252873563187 0.045428441633023925
