0 0.8890068134171908 0.2083319940514456 0.019157088122605345 0.024985642898163227
0 0.6712545784235765 0.03343249376430346 0.02298850574712648 0.04315701955137257
0 0.6967973625870504 0.1504107309693401 0.012771392081736862 0.009085688326604766
0 0.7185087291260029 0.12769651015282799 0.005108556832694809 0.02271422081651187
0 0.9305138376828357 0.11747511078539763 0.00766283524904216 0.011357110408255839
0 0.941369520952312 0.1697178186633753 0.011494252873563187 0.024985642898163133
0 0.9030553447071014 0.1481393088876889 0.026819923371647507 0.036342753306419256
0 0.904332483915275 0.12883222119365356 0.011494252873563187 0.0204427987348607
0 0.8826211173763223 0.07886093539732739 0.021711366538952698 0.020442798734860892
0 0.8628254596496301 0.07772522435650181 0.02043422733077902 0.02271422081651206
0 0.8615483204414564 0.11974653286704888 0.005108556832694809 0.0022714220816513584
0 0.8819825477722355 0.14132504264273538 0.0 0.0
0 0.8736811429191065 0.1538178640918169 0.014048531289910645 0.0068142662449535985
0 0.8462226499433722 0.13451077639778172 0.022988505747126374 0.0272570649798143
0 0.8385598146943299 0.16403926345924727 0.012771392081736969 0.0272570649798143
0 0.8564397636087617 0.10725371141796737 0.01532567049808432 0.027257064979814394
0 0.8296198402371142 0.13223935431613043 0.00766283524904216 0.013628532489907006
0 0.8213184353839852 0.11179655558126961 0.0063856960408684845 0.02271422081651187
0 0.8270655618207667 0.09476088996888576 0.01021711366538951 0.020442798734860892
0 0.8072699040940746 0.027753938560175544 0.01660280970625789 0.027257064979814394
0 0.7893899551796428 0.04706102625421057 0.011494252873563187 0.015899954571558364
0 0.8104627521145087 0.13451077639778172 0.007662835249042052 0.018171376653209628
0 0.8027999168654667 0.14132504264273524 0.010217113665389403 0.013628532489907292
0 0.7964142208245982 0.1435964647243865 0.03320561941251588 0.02725706497981449
0 0.7670400190366032 0.1526821530509913 0.012771392081736969 0.01817137665320953
0 0.7778957023060797 0.11747511078539763 0.014048531289910538 0.034071331224767895
0 0.7944985120123377 0.08908233476475774 0.016602809706257996 0.02271422081651187
0 0.7785342719101664 0.10384657829549052 0.017879948914431672 0.03407133122476809
0 0.7581000445793875 0.10952513349961844 0.01532567049808432 0.027257064979814203
0 0.76767858864069 0.07886093539732739 0.014048531289910645 0.034071331224767895
0 0.7542686269548663 0.0584181366624666 0.01021711366538951 0.0204427987348607
0 0.7370272476445217 0.08113235747897857 0.016602809706257996 0.02952848706146556
0 0.7529914877466927 0.12315366598952573 0.02298850574712648 0.027257064979814394
