0 0.512250747005952 0.036839626886780316 0.03448275862068967 0.04088559746972159
0 0.44073095134822526 0.032296782723477885 0.03192848020434226 0.03179990914311673
0 0.4056096231234488 0.06636811394824578 0.015325670498084266 0.027257064979814394
0 0.42029672401744617 0.08794662372393217 0.019157088122605345 0.015899954571558364
0 0.37623542133545385 0.12088224390787457 0.01532567049808432 0.03179990914311673
0 0.3628254596496301 0.1685821076225497 0.02426564495530021 0.0545141299596286
0 0.3372826754861563 0.1367821984794329 0.024265644955300102 0.022714220816511962
0 0.2721485758692981 0.13791790952025854 0.026819923371647507 0.024985642898163227
0 0.2555457661630401 0.10271086725466484 0.021711366538952698 0.02271422081651206
0 0.2657628798284296 0.09135375684640881 0.026819923371647507 0.03179990914311674
0 0.23511153883226102 0.043653893131733915 0.021711366538952778 0.027257064979814394
0 0.08824052989228656 0.11066084454044403 0.029374201787994884 0.04769986371467509
0 0.09654193474541556 0.015261117111093934 0.010217113665389525 0.020442798734860892
0 0.13996466782332107 -0.0006388374604644337 0.033205619412515965 0.034071331224767895
0 0.1770017048603581 0.023211094396873116 0.007662835249042133 0.009085688326604861
0 0.21276160268922142 0.06977524707072263 0.017879948914431672 0.04769986371467509
0 0.5262992782958625 0.4036742930734484 0.049808429118773985 0.05224270787797752
0 0.5377935311694257 0.4774955107271122 0.052362707535121226 0.05451412995962879
0 0.5652520241451602 0.5161096861151825 0.030651340996168532 0.05905697412293112
0 0.5895176691004603 0.5592667056665552 0.048531289910600205 0.04997128579632655
0 0.5224678606713415 0.3855029164202388 0.057471264367816036 0.05224270787797752
0 0.520552151859081 0.46500268927803057 0.053639846743295014 0.038614175388070236
0 0.5633363153328995 0.5149739750743569 0.07279693486590036 0.05224270787797743
0 0.6022890611821972 0.551316728380776 0.048531289910600205 0.043157019551372855
