0 0.3366441058820695 0.1049822893363162 0.012771392081736915 0.03179990914311673
0 0.3545240547965011 0.0924894678872345 0.01021711366538951 0.015899954571558364
0 0.3315355490493747 0.06296098082576904 0.005108556832694809 0.011357110408255839
0 0.3206798657798983 0.08113235747897865 0.00383141762452108 0.015899954571558364
0 0.3111013217185956 0.05955384770329218 0.0025542784163474046 0.009085688326604861
0 0.32961984023711416 0.03229678272347788 0.01149425287356324 0.03634275330641906
0 0.31684844815537727 0.06636811394824578 0.016602809706257996 0.018171376653209344
0 0.2702328670570375 0.018668250233570778 0.010217113665389565 0.013628532489907197
0 0.28811281597146926 0.06182526978494335 0.015325670498084266 0.027257064979814203
0 0.28108855032651386 0.08226806851980414 0.01149425287356324 0.027257064979814394
0 0.2817271199306007 0.08567520164228098 0.017879948914431617 0.04769986371467509
0 0.27406428468155863 0.0856752016422809 0.022988505747126426 0.034071331224767895
0 0.2549071965589532 0.04592531521338508 0.01021711366538951 0.02271422081651206
0 0.27917284151425337 0.04592531521338508 0.012771392081736915 0.03179990914311673
0 0.23447296922817415 0.09248946788723458 0.010217113665389538 0.024985642898163227
0 0.21978586833417674 0.06409669186659452 0.006385696040868458 0.02271422081651187
0 0.23128012120773997 0.04365389313173391 0.01660280970625797 0.03634275330641906
