0 0.2893899551796429 0.39686002682849475 0.030651340996168588 0.020442798734860795
0 0.2657628798284296 0.39572431578766915 0.008939974457215836 0.022714220816511962
0 0.2414972348731295 0.44115275742069304 0.024265644955300182 0.03634275330641916
0 0.189773096942095 0.3866386274610644 0.02043422733077905 0.018171376653209628
0 0.13868752861514735 0.37528151705280843 0.017879948914431672 0.03634275330641906
0 0.1546517687173185 0.4150314034817043 0.008939974457215836 0.0204427987348607
0 0.12591613653341044 0.37755293913445964 0.022988505747126426 0.0272570649798143
0 0.09334908672498134 0.37868865017528525 0.016602809706257982 0.024985642898163133
0 0.11314474445167354 0.4763597996862866 0.010217113665389525 0.006814266244953503
0 0.0997347827658498 0.4286599359716115 0.029374201787994898 0.034071331224767895
0 0.09526479553724188 0.39686002682849475 0.025542784163473817 0.020442798734860795
0 0.0786619858309839 0.3889100495427156 0.007662835249042147 0.013628532489907197
0 0.0773848466228102 0.43547420221656513 0.005108556832694755 0.015899954571558364
0 0.0761077074146365 0.4843097769720658 0.022988505747126426 0.013628532489907197
0 0.0748305682064628 0.4604598451147282 0.028097062579821194 0.038614175388070326
0 0.06142060652063905 0.47976693280876337 0.021711366538952743 0.0408855974697214
0 0.059504897708378524 0.4309313580532627 0.028097062579821207 0.05224270787797743
0 0.0678063025615075 0.40140287099179717 0.021711366538952743 0.02952848706146556
0 0.057589188896117985 0.365060117685378 0.03192848020434228 0.020442798734860795
0 0.04864921443890215 0.4286599359716115 0.01915708812260536 0.024985642898163133
