0 0.5639748849369866 0.0175325391927451 0.030651340996168532 0.038614175388070236
0 0.6035662003903708 0.10611800037714168 0.03575989782886345 0.02952848706146575
0 0.5876019602881997 0.1117965555812697 0.014048531289910645 0.027257064979814394
0 0.5850476818718524 0.0924894678872346 0.037037037037037014 0.006814266244953503
0 0.5722762897901155 0.09589660100971134 0.021711366538952805 0.018171376653209722
0 0.5307692655244705 0.07545380227485055 0.05108556832694766 0.07268550661283832
0 0.5301306959203838 0.11406797766292087 0.016602809706257996 0.03634275330641906
0 0.5595048977083786 0.060689558744117765 0.021711366538952698 0.02952848706146537
0 0.5569506192920312 0.07318238019319938 0.024265644955300154 0.02271422081651187
0 0.5460949360225548 0.050468159376687416 0.017879948914431672 0.004542844163302336
