0 0.4177424456010988 0.13110364327530497 0.05236270753512134 0.05224270787797752
0 0.5084193293814309 0.27647465650098146 0.03959131545338437 0.015899954571558413
0 0.4400923817441384 0.2560318577661207 0.017879948914431672 0.02952848706146556
0 0.4119953191643172 0.24013190319456232 0.01532567049808432 0.034071331224767895
0 0.3890068134171908 0.19811059468401523 0.030651340996168588 0.049971285796326266
0 0.3724040037109328 0.2140105492555736 0.01532567049808432 0.03179990914311673
0 0.38389825658449594 0.24921759152116707 0.01532567049808432 0.0204427987348607
0 0.32387271380033256 0.2548961467252951 0.00766283524904216 0.027257064979814345
0 0.34047552350659055 0.28328892274593503 0.00766283524904216 0.020442798734860844
0 0.29705279042868504 0.288967477950063 0.017879948914431672 0.03179990914311678
