0 0.2331958300200005 0.2855603448275862 0.03831417624521072 0.056785552041279864
0 0.11314474445167354 0.21287483821474798 0.035759897828863345 0.04315701955137267
0 0.08632482108002602 0.22650337070465518 0.028097062579821207 0.04315701955137267
0 0.10675904841080507 0.2548961467252951 0.02043422733077905 0.03179990914311673
0 0.12016901009662884 0.3173602539707029 0.016602809706257982 0.038614175388070326
0 0.07163772018602858 0.26398183505189987 0.026819923371647514 0.045428441633023925
0 0.09079480830863396 0.22082481550052716 0.019157088122605373 0.03634275330641916
0 0.06142060652063905 0.22650337070465512 0.037037037037037035 0.034071331224767895
0 0.03460068314899154 0.18107492907163125 0.031928480204342274 0.04315701955137267
0 0.03204640473264416 0.10838942245879296 0.0421455938697318 0.038614175388070236
0 0.0888790994963734 0.17312495178585205 0.02298850574712644 0.0272570649798143
0 0.07930055543507072 0.2878317669092374 0.021711366538952736 0.0204427987348607
