0 0.04928778404298899 0.03229678272347788 0.012771392081736908 0.03634275330641906
0 0.03715496156533892 0.03797533792760589 0.029374201787994887 0.05224270787797743
0 0.014805025422299332 0.028889649601001034 0.017879948914431672 0.02952848706146537
0 0.23958152606086894 0.016396828151919514 0.017879948914431672 0.013628532489907006
0 0.4317909768910094 0.07658951331567612 0.0191570881226054 0.03407133122476809
0 0.35835547242102217 0.045925315213384985 0.012771392081736862 0.01817137665320953
0 0.3985853574784935 0.09362517892806008 0.031928480204342316 0.036342753306419256
0 0.6067590484108051 0.18334635115328246 0.019157088122605345 0.0204427987348607
0 0.7274487035832188 0.08113235747897857 0.028097062579821183 0.024985642898163227
0 0.7242558555627847 0.030025360641826617 0.026819923371647507 0.013628532489907197
0 0.8941153702498855 0.02093967231522185 0.021711366538952805 0.027257064979814394
