0 0.35133120677606694 0.18448206219410804 0.042145593869731775 0.02271422081651187
0 0.36921115569049856 0.23899619215373671 0.01660280970625794 0.03179990914311668
0 0.3513312067760669 0.2458104583986903 0.03192848020434226 0.03179990914311673
0 0.3340898274657221 0.2333176369496087 0.020434227330779077 0.015899954571558364
0 0.35069263717198 0.22309623758217834 0.028097062579821183 0.03179990914311673
0 0.3641025988578038 0.2174176823780504 0.016602809706257996 0.024985642898163133
0 0.33600553627798263 0.1583607082551193 0.024265644955300154 0.02952848706146556
0 0.30407705607364033 0.1924320394798872 0.024265644955300102 0.034071331224767895
0 0.2900285247837297 0.15495357513264246 0.014048531289910592 0.013628532489907197
0 0.32195700498807195 0.3343959195830869 0.01149425287356324 0.03634275330641906
0 0.30982418251042193 0.3434816079096917 0.022988505747126426 0.027257064979814394
0 0.29194423359599025 0.3014602993991446 0.028097062579821183 0.034071331224767944
0 0.27853427191016655 0.29805316627666784 0.016602809706257996 0.04088559746972154
0 0.27853427191016655 0.24921759152116707 0.02171136653895275 0.02952848706146556
0 0.24596722210173738 0.20265343884731762 0.030651340996168588 0.03634275330641916
0 0.25618433576712696 0.24921759152116707 0.022988505747126426 0.02952848706146556
0 0.2549071965589532 0.2878317669092374 0.012771392081736915 0.024985642898163227
0 0.23958152606086894 0.26852467921520223 0.0204342273307791 0.027257064979814345
0 0.2402200956649558 0.3037317214807958 0.0191570881226054 0.024985642898163178
0 0.22361728595869781 0.3139531208482262 0.026819923371647507 0.03634275330641921
0 0.21212303308513458 0.26284612401107427 0.02426564495530013 0.024985642898163133
0 0.21403874189739514 0.2787460785826326 0.017879948914431672 0.020442798734860747
0 0.19743593219113714 0.29464603315419097 0.02554278416347383 0.04315701955137276
0 0.20318305862791874 0.2151462602963992 0.03192848020434226 0.034071331224767895
0 0.18211026169305283 0.18107492907163122 0.028097062579821207 0.06587124036788472
0 0.1942430841707029 0.12996793223447928 0.02426564495530013 0.03634275330641916
0 0.1418803766355816 0.06863953602989695 0.019157088122605373 0.03634275330641906
0 0.15401319911323166 0.21287483821474798 0.033205619412515965 0.029528487061465467
0 0.13166326297019207 0.18221064011245686 0.014048531289910592 0.03179990914311673
0 0.11569902286802092 0.15836070825511928 0.020434227330779063 0.020442798734860795
0 0.03843210077351261 0.0993037341321882 0.019157088122605366 0.0204427987348607
0 0.06652916335333381 0.11633939974457204 0.011494252873563213 0.013628532489907006
0 0.10739761801489192 0.2083319940514456 0.00383141762452108 0.01135711040825603
0 0.12016901009662882 0.2719318123376791 0.021711366538952736 0.015899954571558413
0 0.16231460396636063 0.26284612401107427 0.011494252873563213 0.015899954571558413
0 0.12272328851297623 0.24240332527621347 0.03192848020434229 0.02952848706146556
0 0.07419199860237596 0.25035330256199273 0.049808429118773936 0.0272570649798143
0 0.06652916335333381 0.22309623758217836 0.011494252873563213 0.013628532489907197
0 0.04609493602255476 0.184482062194108 0.0268199233716475 0.03179990914311673
0 0.14315751584375527 0.2912389000317142 0.016602809706257996 0.013628532489907101
0 0.14571179426010267 0.29918887731749333 -0.0012771392081736754 0.002271422081651263
0 0.15976032555001327 0.3128174098074005 0.01660280970625797 0.011357110408256077
0 0.15273605990505795 0.3343959195830869 0.02043422733077905 0.022714220816511962
0 0.14124180703149472 0.3548387183179476 0.015325670498084266 0.03179990914311673
0 0.1476275030723632 0.3332602085422613 0.02043422733077905 0.020442798734860795
0 0.13166326297019204 0.3025960104399702 0.029374201787994898 0.027257064979814394
0 0.11059046603532616 0.3128174098074005 0.035759897828863345 0.02952848706146556
0 0.1252775669293236 0.3298530754197845 0.011494252873563213 0.01817137665320953
0 0.11250617484758668 0.32531023125648206 0.031928480204342274 0.03634275330641916
0 0.08568625147593918 0.38323149433858755 0.031928480204342274 0.04769986371467509
0 0.07355342899828912 0.277610367541807 0.03575989782886335 0.045428441633023973
