0 0.9349838249114437 0.6046951472995792 0.021711366538952698 0.03179990914311673
0 0.962442317887178 0.7568804267702092 0.033205619412516096 0.07268550661283832
0 0.9324295464950964 0.6455807447693007 0.07024265644955312 0.08177119493944299
0 0.8577169028169354 0.613780835626184 0.02043422733077913 0.036342753306419256
0 0.8781511301477144 0.6580735662183822 0.017879948914431672 0.034071331224767805
0 0.8762354213354538 0.7307590728312205 0.03448275862068967 0.043157019551372855
0 0.8698497252945855 0.7046377188922317 0.024265644955300154 0.03179990914311673
0 0.8443069411311116 0.7046377188922318 0.024265644955300154 0.01817137665320953
0 0.830258409841201 0.6807877870348942 0.03448275862068967 0.038614175388070424
0 0.8194027265717245 0.6342236343610448 0.002554278416347351 0.0
0 0.809824182510422 0.7216733845046158 0.03959131545338437 0.04315701955137276
0 0.8372826754861563 0.7807303586275468 0.053639846743295014 0.04315701955137267
0 0.7063759066483529 0.6660235435041616 0.029374201787994856 0.05905697412293112
0 0.714677311501482 0.5479095952582992 0.028097062579821183 0.04088559746972159
0 0.7293644123954793 0.5195168192376592 0.031928480204342316 0.0613283962045821
0 0.8257884226125931 0.4672741113596818 0.012771392081736862 0.020442798734860795
0 0.8634640292537169 0.4604598451147282 0.019157088122605345 0.047699863714675
0 0.7280872731873057 0.4468313126248211 0.037037037037037014 0.05224270787797752
0 0.6533746295091448 0.4615955561555538 0.035759897828863345 0.045428441633023835
0 0.6418803766355816 0.36506011768537805 0.0434227330779055 0.06132839620458229
0 0.6418803766355816 0.2651175460927254 0.012771392081736969 0.034071331224767895
0 0.6750859960480975 0.5706238160748112 0.03831417624521069 0.0545141299596286
0 0.652736059905058 0.6467164558101263 0.04980842911877377 0.038614175388070424
0 0.6361332501988 0.627409368116091 0.014048531289910538 0.027257064979814394
0 0.6335789717824526 0.5922023258504976 0.016602809706257996 0.024985642898163227
0 0.623361858117063 0.5638095498298576 0.024265644955300047 0.03179990914311673
0 0.5965419347454155 0.5229239523601361 0.024265644955300047 0.03179990914311673
0 0.6118676052434999 0.5967451700138 0.021711366538952698 0.038614175388070424
0 0.6035662003903709 0.5887951927280208 0.022988505747126374 0.03634275330641916
0 0.5959033651413288 0.562673838789032 0.02809706257982129 0.024985642898163324
0 0.5786619858309839 0.5615381277482064 0.029374201787994964 0.03634275330641916
0 0.5601434673124653 0.562673838789032 0.025542784163473723 0.024985642898163324
0 0.545456366418468 0.5161096861151824 0.0038314176245211337 0.0
0 0.5352392527530785 0.4661384003188562 0.019157088122605238 0.0272570649798143
0 0.5128893166100388 0.4888526211353681 0.030651340996168532 0.027257064979814203
0 0.5052264813609967 0.469545533441333 0.03320561941251599 0.034071331224767805
0 0.5320464047326442 0.534281062768392 0.02043422733077902 0.013628532489907197
0 0.5307692655244705 0.5592667056665553 0.02554278416347383 0.031799909143116825
0 0.553757771271597 0.5922023258504976 0.028097062579821183 0.034071331224767895
0 0.5480106448348153 0.6103737025037073 0.03959131545338448 0.04315701955137276
0 0.5486492144389021 0.6035594362587536 0.012771392081736862 0.029528487061465658
0 0.565890593749247 0.6092379914628817 0.019157088122605345 0.018171376653209628
0 0.5684448721655944 0.6274093681160912 0.016602809706258104 0.013628532489907197
0 0.5416249487939468 0.6376307674835214 0.014048531289910645 0.015899954571558364
0 0.5716377201860285 0.7625589819743374 0.017879948914431672 0.03407133122476799
0 0.5179978734427335 0.6682949655858127 0.02043422733077902 0.03634275330641906
0 0.48032226680160967 0.6228665239527887 0.02171136653895275 0.013628532489907006
0 0.46052660907491744 0.5876594816871952 0.01021711366538951 0.01135711040825603
0 0.42540528085014095 0.5569952835849039 0.021711366538952642 0.013628532489907197
0 0.45414091303404897 0.6535307220550799 0.015325670498084212 0.024985642898163227
0 0.487346532446565 0.6694306766266382 0.02554278416347383 0.02952848706146556
0 0.4452009385768332 0.6796520759940686 0.010217113665389565 0.013628532489907197
0 0.42540528085014095 0.6762449428715918 0.011494252873563187 0.01135711040825603
0 0.4394538121400515 0.6944163195248013 0.024265644955300154 0.029528487061465467
0 0.4452009385768332 0.7035020078514062 0.022988505747126426 0.020442798734860892
0 0.49053938046699924 0.6989591636881038 0.02426564495530021 0.024985642898163227
