0 0.5901562387045471 0.04706102625421057 0.021711366538952805 0.024985642898163036
0 0.5243835694836021 0.11406797766292087 0.01532567049808432 0.013628532489907376
0 0.4892622412588255 0.17880350698998007 0.02171136653895275 0.038614175388070326
0 0.4905393804669992 0.13223935431613046 0.0191570881226054 0.02725706497981449
0 0.4662737355116991 0.05728242562164092 0.016602809706257996 0.027257064979814394
0 0.4368995337237042 0.09930373413218818 0.006385696040868431 0.01135711040825603
0 0.4094410407479698 0.13564648743860724 0.01532567049808432 0.03407133122476809
0 0.25937718378756114 0.05614671458081543 0.03192848020434226 0.04315701955137276
0 0.2810885503265139 0.2299105038271319 0.016602809706257996 0.009085688326604766
0 0.28044998072242705 0.1969748836431896 0.005108556832694755 0.020442798734860795
0 0.23128012120773994 0.16517497450007285 0.021711366538952778 0.020442798734860795
0 0.15529033832140535 0.02888964960100113 0.010217113665389538 0.038614175388070236
0 0.07802341622689703 0.09476088996888576 0.014048531289910604 0.02952848706146556
0 0.5339621135449046 0.04024676000925707 0.014048531289910645 0.01135711040825603
0 0.5065036205691704 0.05955384770329228 0.0 0.004542844163302336
0 0.5045879117569099 0.03683962688678022 0.016602809706257996 0.03634275330641906
