0 0.04481779681438107 0.05046815937668741 0.024265644955300123 0.03634275330641906
0 0.29130566399190344 0.07772522435650181 0.014048531289910645 0.03179990914311673
0 0.31684844815537727 0.04024676000925706 0.02171136653895275 0.015899954571558364
0 0.32387271380033256 0.012989695029442763 0.038314176245210746 0.034071331224767895
0 0.23447296922817415 0.02093967231522185 0.028097062579821207 0.03634275330641906
0 0.49245508927925974 0.06977524707072263 0.025542784163473886 0.04769986371467509
0 0.5250221390876889 0.007311139825314749 0.026819923371647507 0.01817137665320953
0 0.6227232885129762 0.07886093539732739 0.025542784163473723 0.06132839620458229
0 0.788751385575556 0.026618227519349866 0.020434227330779237 0.03407133122476771
0 0.400501066290754 0.0788609353973273 0.020434227330779077 0.024985642898163036
0 0.4605266090749175 0.11406797766292087 0.00766283524904216 0.0
0 0.5084193293814309 0.16744639658172408 0.03959131545338437 0.04315701955137276
