0 0.6572060471336658 0.15836070825511916 0.00766283524904216 0.03861417538807052
0 0.6667845911949686 0.12428937703035127 0.011494252873563293 0.043157019551372855
0 0.537154961565339 0.21968910445970155 0.012771392081736862 0.038614175388070326
0 0.5052264813609967 0.060689558744117765 0.00766283524904216 0.02952848706146537
0 0.6016504915781102 0.22082481550052718 0.011494252873563187 0.03179990914311673
0 0.5812162642473313 0.31508883188905173 0.04725415070242653 0.0613283962045822
0 0.5524806320634233 0.19811059468401518 0.00766283524904216 0.0272570649798143
0 0.5512034928552495 0.15154644201016562 0.02043422733077902 0.03407133122476809
0 0.6674231607990554 0.08226806851980414 0.012771392081736969 0.03634275330641906
0 0.5882405298922865 0.579709504401416 0.12260536398467435 0.18625661069539814
