0 0.9222124328297067 0.1435964647243864 0.021711366538952805 0.04088559746972169
0 0.8321741186534616 0.14018933160190972 0.030651340996168532 0.038614175388070326
0 0.9171038759970119 0.01185398398861718 0.014048531289910645 0.027257064979814394
0 0.8008842080532061 0.11066084454044413 0.021711366538952698 0.011357110408255839
0 0.6093133268271524 0.06863953602989695 0.04214559386973182 0.04542844163302374
0 0.5460949360225548 0.15722499721429373 0.028097062579821183 0.03179990914311673
0 0.4400923817441384 0.05273958145833858 0.038314176245210746 0.06359981828623346
0 0.30471562567772714 0.12769651015282812 0.02554278416347383 0.06359981828623355
0 0.1533746295091448 0.22536765966382952 0.026819923371647507 0.03634275330641906
0 0.17061600881948963 0.13451077639778172 0.017879948914431672 0.04542844163302402
0 0.1380489590110605 0.07772522435650181 0.02426564495530013 0.05451412995962879
0 0.05631204968794429 0.16063213033677043 0.0421455938697318 0.06587124036788472
