0 0.5678063025615075 0.09135375684640891 0.005108556832694702 0.013628532489907197
0 0.5563120496879442 0.13678219847943288 0.005108556832694809 0.018171376653209628
0 0.5403478095857731 0.08681091268310648 0.026819923371647507 0.03179990914311673
0 0.5729148593942023 0.023211094396873112 0.01021711366538951 0.027257064979814203
0 0.4075253319357093 0.07091095811154811 0.019157088122605345 0.02271422081651206
0 0.7121230330851346 0.03343249376430356 0.005108556832694702 0.015899954571558364
0 0.2306415516036531 0.17539637386750323 0.01021711366538951 0.022714220816511962
0 0.2248944251668715 0.0652324029074201 0.006385696040868458 0.0204427987348607
0 0.2306415516036531 0.015261117111093934 0.00766283524904216 0.020442798734860892
0 0.2702328670570375 0.06296098082576904 0.010217113665389565 0.034071331224767895
0 0.17955598327670547 0.16063213033677048 0.017879948914431672 0.038614175388070236
0 0.13549468059471312 0.03683962688678022 0.003831417624521053 0.004542844163302336
