0 0.9285981288705751 0.010718272947791502 0.016602809706257996 0.01135711040825603
0 0.9452009385768332 0.0447896041725594 0.021711366538952698 0.0204427987348607
0 0.9611651786790043 0.0652324029074203 0.010217113665389618 0.015899954571558364
0 0.9151881671847515 0.03911104896843148 0.01532567049808432 0.02271422081651187
0 0.8928382310417118 0.02888964960100113 0.031928480204342316 0.024985642898163227
0 0.842391232318851 0.045925315213385075 0.017879948914431672 0.009085688326604672
0 0.7625700318079954 0.11747511078539771 0.024265644955300154 0.015899954571558364
0 0.8238727138003324 0.09589660100971126 0.011494252873563187 0.02271422081651188
0 0.8155713089472035 0.10157515621383927 0.01021711366538951 0.011357110408255851
0 0.8213184353839852 0.1526821530509913 0.008939974457215836 0.013628532489907197
0 0.9292366984746621 0.17312495178585205 0.012771392081736862 0.018171376653209628
0 0.933068116099183 0.15949641929594485 0.005108556832694809 0.009085688326604766
0 0.929236698474662 0.15381786409181689 0.017879948914431672 0.015899954571558364
0 0.9311524072869225 0.12315366598952564 0.011494252873563187 0.01817137665320953
0 0.9273209896624015 0.08113235747897846 0.008939974457215836 0.01135711040825603
0 0.9088024711438829 0.07318238019319938 0.012771392081736969 0.01817137665320953
0 0.8826211173763223 0.04365389313173381 0.016602809706257996 0.02271422081651187
0 0.904332483915275 0.10384657829549043 0.011494252873563187 0.024985642898163227
0 0.883898256584496 0.11633939974457204 0.011494252873563187 0.013628532489907006
0 0.8953925094580593 0.1470035978468632 0.024265644955300154 0.015899954571558555
0 0.9011396358948408 0.19016061739823603 0.01021711366538951 0.02952848706146556
0 0.8960310790621461 0.09362517892806009 0.02043422733077913 0.027257064979814217
