0 0.2606543229957348 0.0924894678872345 0.03959131545338445 0.07949977285779182
0 0.27853427191016655 0.035703915845954635 0.02171136653895275 0.038614175388070236
0 0.28938995517964294 0.04592531521338508 0.0 0.0
0 0.29130566399190344 0.06863953602989695 0.016602809706257996 0.018171376653209722
0 0.2753414238897323 0.037975337927605796 0.007662835249042106 0.011357110408255839
0 0.3187641569676378 0.07091095811154821 0.012771392081736915 0.036342753306419256
0 0.38389825658449606 0.025482516478524186 0.017879948914431672 0.03634275330641906
0 0.3928382310417119 0.06750382498907137 0.00766283524904216 0.034071331224767895
0 0.43370668570327 0.07204666915237379 0.01532567049808432 0.015899954571558364
0 0.4337066857032699 0.04819673729503615 0.005108556832694702 0.009085688326604861
0 0.42476671124605414 0.050468159376687416 0.02043422733077902 0.03179990914311673
0 0.4107181799561435 0.12201795494870006 0.022988505747126426 0.0204427987348607
0 0.4215738632256199 0.11747511078539773 0.011494252873563187 0.024985642898163036
0 0.40688676233162246 0.09021804580558333 0.01532567049808432 0.024985642898163036
0 0.44839378659726736 0.1640392634592473 0.037037037037037014 0.045428441633023835
0 0.45350234342996215 0.1186108218262233 0.03192848020434226 0.01817137665320953
0 0.4324295464950963 0.023211094396873112 0.035759897828863345 0.045428441633023925
0 0.4522252042217884 0.019803961274396268 0.03192848020434237 0.034071331224767895
0 0.48415368442613077 0.08453949060145541 0.014048531289910592 0.02271422081651187
0 0.48415368442613077 0.020939672315221945 0.006385696040868538 0.01817137665320953
0 0.49628650690378084 0.05501100353998985 0.00766283524904216 0.01817137665320953
0 0.4777679883852623 0.10043944517301368 0.008939974457215836 0.004542844163302336
0 0.5052264813609967 0.12996793223447925 0.012771392081736969 0.018171376653209344
0 0.48223797561387016 0.13223935431613046 0.020434227330779077 0.031799909143116825
