0 0.8379212450902432 0.4763597996862866 0.343550446998723 0.42475592926877354
0 0.19552022337887662 0.5944737479321488 0.01660280970625797 0.05678555204128005
0 0.22617156437504518 0.18788919531658482 0.03448275862068967 0.038614175388070326
0 0.3717654341068459 0.053875292499164264 0.019157088122605345 0.015899954571558364
0 0.3883682438131039 0.08567520164228098 0.01149425287356324 0.006814266244953694
0 0.47010515313622014 0.09135375684640891 0.008939974457215836 0.01817137665320953
0 0.4394538121400515 0.11066084454044403 0.0012771392081736754 0.024985642898163036
0 0.3679340164823249 0.2367247700720855 0.03192848020434226 -0.018171376653209628
0 0.4113567495602304 0.19583917260236403 0.00383141762452108 0.009085688326604766
0 0.33728267548615626 0.030025360641826714 0.008939974457215836 0.02271422081651206
0 0.2012673498156582 0.17993921803080556 0.005108556832694755 0.08177119493944328
0 0.19168880575435554 0.21855339341887597 0.006385696040868458 0.0045428441633024305
0 0.10867475722306562 0.04933244833586183 0.00383141762452108 0.002271422081651168
0 0.09462622593315502 0.05501100353998985 0.0038314176245210665 0.004542844163302526
0 0.08632482108002602 0.09135375684640891 0.007662835249042133 0.01817137665320953
0 0.1099518964312393 0.1401893316019097 -0.0038314176245210665 0.020442798734860892
0 0.10101192197402348 0.14473217576521213 0.006385696040868458 0.006814266244953503
0 0.09271051712089448 0.28669605586841185 0.007662835249042147 0.013628532489907197
0 0.07099915058194173 0.1413250426427352 0.0 -0.004542844163302621
0 0.07036058097785489 0.17198924074502647 0.011494252873563213 -0.011357110408255934
