0 0.29705279042868504 0.6535307220550799 0.08684546615581094 0.1294710586541181
0 0.2466057917058242 0.48658119905371694 0.03703703703703699 0.06359981828623336
0 0.40688676233162246 0.36506011768537805 0.012771392081736915 0.034071331224767895
0 0.42093529362153304 0.393452893706018 0.012771392081736862 0.03634275330641916
0 0.9452009385768332 0.42525280284913464 0.06768837803320576 0.1817137665320955
0 0.9649965963035255 0.12315366598952568 0.04597701149425296 0.07268550661283842
0 0.7491600701221717 0.11520368870374645 0.02554278416347383 0.024985642898163227
0 0.5812162642473313 0.18448206219410804 0.04214559386973182 0.03634275330641906
0 0.4982022157160414 0.04478960417255949 0.031928480204342316 0.038614175388070236
0 0.07866198583098388 0.2878317669092373 0.1430395913154534 0.32935620183942355
