0 0.6718931480276633 0.37755293913445964 0.014048531289910538 0.05451412995962869
0 0.19041166654618183 0.14018933160190963 0.014048531289910592 0.043157019551372855
0 0.5678063025615075 0.25035330256199273 0.022988505747126374 0.0272570649798143
0 0.6508203510927975 0.1935677505207128 0.01021711366538951 0.027257064979814394
0 0.6680617304031422 0.20038201676566642 0.0012771392081736754 0.004542844163302336
0 0.5678063025615074 0.1322393543161305 0.035759897828863234 0.04088559746972159
0 0.6080361876189788 0.17312495178585205 0.0038314176245211337 0.013628532489907101
0 0.6342175413865394 0.16517497450007285 0.002554278416347351 -0.0068142662449535985
0 0.652736059905058 0.15836070825511928 0.008939974457215836 0.011357110408255934
0 0.631663262970192 0.10043944517301368 0.025542784163473723 0.03179990914311673
0 0.5882405298922866 0.11520368870374645 0.01021711366538951 0.024985642898163227
0 0.5639748849369864 0.11066084454044411 0.017879948914431672 0.020442798734860892
0 0.5773848466228101 0.1049822893363161 0.01660280970625789 0.01817137665320953
0 0.541624948793947 0.07318238019319938 0.003831417624521026 0.009085688326604861
0 0.607397618014892 0.045925315213384985 0.012771392081736862 0.01817137665320953
0 0.6399646678233211 0.031161071682652204 0.008939974457215836 0.024985642898163036
0 0.6827488312971396 0.0516038704175131 0.005108556832694809 0.01135711040825603
0 0.5748305682064628 0.019803961274396268 0.024265644955300154 0.047699863714674905
0 0.5984576435576762 0.010718272947791502 0.01532567049808432 0.006814266244953694
0 0.6208075797007158 0.012989695029442763 0.014048531289910751 0.034071331224767895
0 0.6457117942601026 0.015261117111093837 0.01021711366538951 0.015899954571558364
