0 0.7919442335959902 0.8204802450564427 0.031928480204342205 0.1408281690623741
0 0.42412814164196727 0.927237082894049 0.05236270753512134 0.14082816906237403
0 0.040986379189860006 0.6353593454018703 0.04725415070242657 0.038614175388070236
0 0.1827488312971397 0.6058308583404048 0.03192848020434229 0.024985642898163324
0 0.12208471890888936 0.627409368116091 0.03831417624521073 0.027257064979814394
0 0.08377054266367864 0.6592092772592077 0.04853128991060027 0.027257064979814394
0 0.03651639196125208 0.6807877870348943 0.020434227330779053 0.02952848706146556
0 0.023106430275428327 0.6989591636881037 0.03448275862068966 0.07949977285779182
0 0.3436683715270248 0.5922023258504976 0.024265644955300102 0.02952848706146556
0 0.3398369539025037 0.5899309037688465 0.037037037037037014 0.038614175388070326
0 0.3436683715270248 0.6058308583404048 0.026819923371647507 0.024985642898163324
0 0.3762354213354539 0.5842523485647184 0.03831417624521069 0.027257064979814203
0 0.5205521518590809 0.5195168192376592 0.040868454661558154 0.038614175388070424
0 0.4586109002626569 0.5195168192376592 0.026819923371647507 0.015899954571558364
0 0.479045127593436 0.5433667510949969 0.016602809706258048 0.009085688326604766
0 0.5550349104797706 0.5115668419518801 0.03320561941251588 0.009085688326604672
0 0.5735534289982892 0.5161096861151825 0.019157088122605453 0.009085688326604861
0 0.5914333779127208 0.49225975425784496 0.04214559386973182 0.047699863714675
