0 0.950309495409528 0.2844246337867606 0.05747126436781625 0.11811394824586216
0 0.7427743740813032 0.3434816079096917 0.09706257982120052 0.08631403910274534
0 0.3666568772741512 0.7250805176270926 0.08556832694763727 0.10902825991925748
0 0.42859812887057513 0.5853880596055441 0.06896551724137928 0.09767114951100145
0 0.28236568953468755 0.5694881050339856 0.09067688378033206 0.07495692869448958
0 0.2727871454733849 0.6660235435041615 0.07918263090676887 0.049971285796326266
0 0.14571179426010267 0.6580735662183823 0.057471264367816105 0.05224270787797743
0 0.10612047880671824 0.6796520759940687 0.04214559386973181 0.03179990914311673
0 0.054396340875683756 0.6807877870348942 0.061302681992337175 0.04769986371467509
0 0.06397488493698644 0.7216733845046157 0.049808429118773936 0.04769986371467509
0 0.5371549615653389 0.3287173643789589 0.03320561941251588 0.06587124036788462
