0 0.5167207342345599 0.4320670690940883 0.012771392081736969 0.06359981828623346
0 0.1699774392154028 0.07431809123402497 0.037037037037037014 -0.015899954571558364
0 0.20765304585652666 0.03797533792760589 0.007662835249042133 0.015899954571558364
0 0.2114844634810477 0.020939672315221945 0.017879948914431672 0.01817137665320953
0 0.2529914877466927 0.18107492907163128 0.0191570881226054 0.015899954571558364
0 0.24277437408130315 0.14473217576521208 0.026819923371647535 0.029528487061465658
0 0.1942430841707029 0.20378914988814317 0.02426564495530013 0.03407133122476799
0 0.2414972348731295 0.2514890136028183 0.01149425287356324 0.02952848706146542
0 0.2402200956649558 0.26398183505189987 0.02937420178799491 0.03634275330641906
0 0.21084589387696087 0.2673889681743767 0.014048531289910592 0.03407133122476799
0 0.13230183257427888 0.2787460785826326 0.022988505747126454 0.06132839620458229
0 0.119530440492542 0.19583917260236394 0.012771392081736915 0.03179990914311673
0 0.10484333959854454 0.21968910445970155 0.011494252873563227 0.024985642898163133
0 0.09398765632906818 0.2287747927863063 0.022988505747126426 0.020442798734860795
0 0.3979467878744066 0.04138247105008265 0.02554278416347383 0.0545141299596286
0 0.4496709258054411 0.01412540607026835 0.03192848020434226 0.0408855974697214
0 0.45797233065857007 0.05046815937668741 0.022988505747126426 0.03634275330641906
0 0.4662737355116991 0.09476088996888576 0.016602809706257996 0.034071331224767895
0 0.47457514036482806 0.12996793223447928 0.022988505747126534 0.031799909143116825
0 0.544817796814381 0.1288322211936537 0.02043422733077902 0.038614175388070326
0 0.49437079809152035 0.1799392180308056 0.016602809706257996 0.03179990914311673
0 0.5052264813609967 0.24467474735786468 0.03065134099616864 0.04315701955137262
0 0.5045879117569099 0.2526247246436439 0.019157088122605345 0.040885597469721494
0 0.5211907214631678 0.31849596501152855 0.008939974457215942 0.03179990914311673
0 0.4911779500710861 0.3082745656440981 0.005108556832694809 0.002271422081651263
0 0.4656351659076122 0.3037317214807958 0.01021711366538951 0.020442798734860653
0 0.46371945709535173 0.2707961012968535 0.006385696040868431 0.013628532489907197
0 0.500117924528302 0.37414580601198283 0.02554278416347383 0.04769986371467509
0 0.6508203510927975 0.11747511078539771 0.02809706257982129 0.07041408453118715
0 0.6335789717824526 0.03229678272347779 0.05236270753512134 0.0545141299596286
0 0.5575891888961181 0.288967477950063 0.01532567049808432 0.03179990914311678
