0 0.044817796814381076 0.7330304949128716 0.07790549169859516 0.20215656526695622
0 0.24916007012217162 0.534281062768392 0.03448275862068964 0.07722835077614075
0 0.1418803766355816 0.016396828151919517 0.01660280970625797 0.02271422081651206
0 0.1884959577339213 0.06182526978494335 0.0 0.004542844163302526
0 0.17891741367261862 0.07658951331567614 0.016602809706257996 0.0204427987348607
0 0.1380489590110605 0.10043944517301369 0.008939974457215836 0.013628532489907018
0 0.1655074519867949 0.1117965555812697 0.012771392081736915 0.03634275330641906
0 0.16678459119496858 0.15041073096934005 0.015325670498084294 0.036342753306419256
0 0.16678459119496855 0.21287483821474795 0.005108556832694782 0.0068142662449535985
0 0.23511153883226102 0.1924320394798872 0.02937420178799494 0.04315701955137276
0 0.23447296922817418 0.0516038704175129 0.007662835249042133 0.015899954571558364
0 0.4343452553073568 0.09816802309136251 0.019157088122605345 0.027257064979814394
0 0.4560566218463095 0.10725371141796727 0.014048531289910592 0.01817137665320953
0 0.462442317887178 0.07545380227485045 -0.014048531289910592 0.03179990914311673
0 0.3111013217185956 0.1220179549487001 0.02554278416347378 0.03861417538807052
0 0.21340017229330827 0.26398183505189987 0.008939974457215836 0.02271422081651187
0 0.13294040217836575 0.1924320394798872 0.026819923371647507 0.05224270787797743
