0 0.38070540856406176 0.28328892274593503 0.021711366538952698 0.038614175388070326
0 0.40497105351936186 0.2174176823780504 0.0063856960408684845 0.024985642898163133
0 0.3781511301477144 0.17312495178585205 0.0191570881226054 0.022714220816511962
0 0.388368243813104 0.12428937703035137 0.016602809706257996 0.038614175388070326
0 0.42668242005831464 0.12315366598952564 0.01149425287356324 0.01817137665320953
0 0.4349838249114436 0.08113235747897857 0.01532567049808432 0.034071331224767895
0 0.400501066290754 0.08794662372393217 0.005108556832694755 0.04315701955137276
0 0.5033107725487361 0.13451077639778172 0.011494252873563187 0.0272570649798143
0 0.4899008108629124 0.184482062194108 0.01532567049808432 0.01817137665320953
0 0.48223797561387016 0.20378914988814317 0.020434227330779077 0.0068142662449535985
0 0.46946658353213333 0.2662532571335511 0.02043422733077902 0.05451412995962874
0 0.49500936769560716 0.2389961921537367 0.01532567049808432 0.022714220816511962
0 0.520552151859081 0.22763908174548073 0.00766283524904216 0.018171376653209628
0 0.08313197305959179 0.3582458514404244 0.0676883780332056 0.07041408453118705
