0 0.383898256584496 0.29578174419501657 0.01021711366538951 0.02271422081651187
0 0.4681894443239596 0.2810175006642838 0.007662835249042106 0.024985642898163227
0 0.47010515313622014 0.20946770509227122 0.003831417624521026 0.022714220816511962
0 0.44200809055639895 0.2355890590312599 0.006385696040868431 0.03861417538807028
0 0.4132724583724909 0.1992463057248408 0.005108556832694755 0.01135711040825603
0 0.4260438504542278 0.21287483821474795 0.005108556832694755 0.020442798734860795
0 0.43306811609918305 0.18107492907163128 0.006385696040868377 0.015899954571558364
0 0.44200809055639895 0.14473217576521208 0.008939974457215836 0.024985642898163324
0 0.4854308236343044 0.09135375684640891 0.014048531289910592 0.04088559746972159
0 0.5646134545410734 0.40140287099179717 0.024265644955300262 0.02952848706146556
0 0.6137833140557604 0.4002671599509716 0.017879948914431672 0.022714220816511962
0 0.6361332501988 0.4195742476450067 0.0012771392081736754 0.0068142662449535985
0 0.6374103894069736 0.4218456697266579 0.029374201787994856 0.024985642898163133
0 0.6482660726764501 0.42184566972665793 0.017879948914431672 0.01135711040825603
0 0.6725317176317502 0.4116242703592275 0.012771392081736862 0.0045428441633024305
0 0.6923273753584425 0.3923171826651924 0.03448275862068967 0.02952848706146556
0 0.6942430841707029 0.44796702366564667 0.02809706257982129 0.01817137665320953
