0 0.058227758500204826 0.3468887410321685 0.1123882503192848 0.39295602012565667
0 0.8487769283597195 0.34688874103216844 0.0383141762452108 0.04315701955137267
0 0.8558011940046748 0.3684672508078548 0.049808429118773985 0.049971285796326266
0 0.5633363153328996 0.15722499721429364 0.04980842911877388 0.05451412995962879
0 0.5633363153328996 0.08681091268310648 0.031928480204342205 0.03179990914311673
0 0.5186364430468204 0.16403926345924724 0.026819923371647507 0.03179990914311673
0 0.6770017048603582 0.024346805437698696 0.03959131545338448 0.02952848706146537
0 0.706375906648353 0.393452893706018 0.044699872286079176 0.03634275330641916
0 0.6635917431745344 0.43774562429821623 0.035759897828863345 0.038614175388070326
0 0.5422635183980337 0.39799573786932035 0.03065134099616864 0.049971285796326266
0 0.4643580266994386 0.5002097315436241 0.043422733077905555 0.04088559746972159
0 0.3653797380659775 0.5751666602381137 0.04980842911877393 0.03179990914311692
0 0.3545240547965012 0.5581309946257297 0.030651340996168588 0.029528487061465658
0 0.3360055362779826 0.5422310400541712 0.029374201787994804 0.024985642898163227
0 0.2402200956649558 0.5626738387890322 0.02681992337164756 0.0204427987348607
0 0.27534142388973226 0.6046951472995792 0.005108556832694755 0.009085688326604672
0 0.22744870358321886 0.6035594362587535 0.019157088122605373 0.0204427987348607
0 0.2542686269548664 0.6512592999734287 0.044699872286079204 0.04315701955137276
0 0.11506045326393406 0.6694306766266382 0.031928480204342274 0.024985642898163227
0 0.08568625147593918 0.6762449428715918 0.04980842911877394 0.034071331224767895
0 0.07227628979011542 0.695552030565627 0.03065134099616858 0.01817137665320953
0 0.10612047880671824 0.6944163195248013 0.05236270753512134 0.04769986371467509
0 0.3168484481553772 0.5558595725440785 0.04980842911877393 0.05678555204128005
