0 0.7076530458565267 0.1345107763977816 0.01660280970625789 0.022714220816512153
0 0.933068116099183 0.20833199405144556 0.002554278416347351 0.002271422081651168
0 0.9720208619484807 0.10271086725466494 0.0012771392081737827 0.004542844163302526
0 0.6489046422805369 0.190160617398236 0.016602809706257996 0.038614175388070326
0 0.6642303127786211 0.22423194862300394 0.011494252873563187 0.024985642898163227
0 0.6361332501988 0.20265343884731762 0.008939974457215836 0.022714220816511962
0 0.5914333779127208 0.05387529249916426 0.014048531289910538 0.024985642898163036
0 0.5812162642473313 0.025482516478524283 0.008939974457215621 0.013628532489907197
0 0.5518420624593363 0.02207538335604753 0.014048531289910645 0.0204427987348607
0 0.54098637918986 0.019803961274396268 0.02043422733077902 0.038614175388070236
0 0.6246389973252368 0.23218192590878312 0.014048531289910645 0.01817137665320953
0 0.6418803766355816 0.2537604356844695 0.00766283524904216 0.011357110408255934
0 0.689773096942095 0.31508883188905173 0.014048531289910645 0.029528487061465467
0 0.8187641569676377 0.266253257133551 0.05491698595146869 0.09539972742935018
0 0.49820221571604134 0.060689558744117855 0.024265644955300047 0.038614175388070236
0 0.5467335056266417 0.16631068554089845 0.0063856960408684845 0.009085688326604766
0 0.6227232885129762 0.1356464874386073 0.005108556832694702 0.020442798734860795
0 0.5582277585002048 0.17539637386750329 0.008939974457215836 0.03179990914311673
0 0.5690834417696813 0.22763908174548073 0.010217113665389618 0.0045428441633024305
0 0.5984576435576761 0.24581045839869026 0.0 0.0045428441633024305
0 0.6035662003903709 0.26625325713355097 -0.012771392081736969 0.013628532489907197
0 0.5984576435576761 0.2787460785826326 0.002554278416347351 0.01135711040825603
0 0.6067590484108051 0.2912389000317142 0.003831417624521026 0.013628532489907101
0 0.6297475541579316 0.31622454292987734 0.0063856960408684845 0.0272570649798143
0 0.5920719475168077 0.34802445207299404 0.0025542784163474583 0.009085688326604766
0 0.5888790994963734 0.3775529391344596 0.003831417624521026 0.009085688326604766
0 0.5678063025615075 0.4059457151550996 0.0 0.002271422081651168
0 0.5716377201860288 0.4036742930734483 0.010217113665389618 0.020442798734860795
0 0.5537577712715969 0.2866960558684118 0.017879948914431672 0.03179990914311673
0 0.5684448721655944 0.2458104583986903 0.0012771392081736754 0.013628532489907197
0 0.5128893166100388 0.15154644201016565 -0.04597701149425285 -0.07495692869448958
0 0.5058650509650836 0.1560892861734681 0.003831417624521026 0.024985642898163133
0 0.5192750126509074 0.2174176823780504 0.00766283524904216 0.024985642898163133
0 0.5211907214631678 0.27079610129685344 0.011494252873563187 0.027257064979814394
0 0.500117924528302 0.31395312084822613 0.01021711366538951 0.013628532489907197
0 0.5199135822549942 0.32871736437895893 0.0012771392081737827 0.002271422081651168
0 0.5052264813609966 0.3037317214807958 0.01021711366538951 0.020442798734860653
0 0.5096964685896045 0.37528151705280843 -0.03448275862068967 0.12265679240916458
0 0.49245508927925974 0.4161671145225299 0.01021711366538951 0.01817137665320953
0 0.549287784042989 0.3537030072771221 0.011494252873563187 0.0068142662449535985
0 0.33153554904937466 0.03456820480512905 0.0434227330779055 0.04997128579632607
0 0.3992239270825803 0.023211094396873112 0.01532567049808432 0.01817137665320953
0 0.4656351659076122 0.023211094396873112 0.002554278416347351 0.02271422081651187
0 0.32898127063302735 0.14359646472438647 0.015325670498084266 0.031799909143116825
0 0.2925828032000772 0.15949641929594488 0.024265644955300102 0.03179990914311673
0 0.2612928925998217 0.21287483821474795 0.02554278416347383 0.024985642898163133
0 0.22744870358321886 0.32644594229730767 0.021711366538952726 0.038614175388070326
0 0.25363005735077954 0.3321244975014357 0.007662835249042106 0.013628532489907101
0 0.2606543229957349 0.2844246337867606 0.02171136653895275 0.022714220816511962
0 0.29513708161642443 0.31736025397070294 0.008939974457215888 0.015899954571558364
0 0.3545240547965012 0.1697178186633752 0.06641123882503193 -0.11129968200090865
0 0.383898256584496 0.14473217576521213 0.0025542784163474046 0.006814266244953503
0 0.3091856129063351 0.35483871831794767 0.026819923371647507 0.03634275330641916
0 0.3174870177594641 0.39231718266519244 0.01021711366538951 0.0068142662449535985
0 0.3953925094580592 0.47295266656380974 0.012771392081736862 0.02271422081651187
0 0.40880247114388296 0.4820383548904146 0.019157088122605345 0.03634275330641906
0 0.44647807778500687 0.4661384003188562 0.0 0.0045428441633024305
0 0.4107181799561435 0.4320670690940883 0.015325670498084266 0.03634275330641906
0 0.3998624966866672 0.44115275742069304 0.006385696040868431 0.013628532489907197
0 0.3864525350008434 0.35483871831794767 0.015325670498084266 0.040885597469721494
0 0.37559685173136703 0.34916016311381964 0.00383141762452108 0.020442798734860795
0 0.3513312067760669 0.2378604811129111 0.01660280970625794 0.034071331224767853
0 0.3283427010289404 0.2548961467252951 0.024265644955300154 0.03179990914311673
0 0.5058650509650835 0.2571675688069463 0.031928480204342316 0.040885597469721494
0 0.5007564941323888 0.1992463057248408 0.008939974457215836 0.02952848706146556
0 0.4669123051157859 0.3241745202156565 0.022988505747126426 0.03407133122476799
0 0.4694665835321333 0.3923171826651924 0.01021711366538951 0.034071331224767895
0 0.4343452553073568 0.32871736437895893 0.011494252873563187 0.02952848706146556
0 0.41518816718475143 0.38209578329776206 0.02171136653895275 0.03634275330641906
0 0.4043324839152751 0.29578174419501657 0.00766283524904216 0.03634275330641906
0 0.3947539398539724 0.30146029939914454 0.016602809706257996 0.05224270787797752
0 0.3787896997518012 0.17312495178585205 0.0025542784163474046 0.013628532489907101
0 0.4228510024337936 0.1890249063574104 0.024265644955300102 0.040885597469721494
0 0.4388152425359647 0.1935677505207128 0.02554278416347383 0.03179990914311673
0 0.4637194570953517 0.184482062194108 0.02937420178799491 0.05905697412293112
0 0.470743722740307 0.1969748836431896 0.00766283524904216 0.020442798734860795
0 0.4324295464950963 0.27420323441933026 0.017879948914431672 0.056785552041279864
0 0.4739365707607412 0.30373172148079575 0.00383141762452108 0.006814266244953503
0 0.4075253319357093 0.24126761423538792 0.021711366538952698 0.040885597469721494
0 0.41646530639292517 0.23331763694960872 0.031928480204342316 0.034071331224767895
