0 0.2593771837875612 0.19811059468401518 0.024265644955300154 0.03634275330641916
0 0.34175266271476423 0.21855339341887597 -0.012771392081736915 0.0045428441633024305
0 0.23000298199956623 0.2480818804803415 0.0012771392081737023 0.004542844163302336
0 0.14379608544784211 0.29123890003171415 0.012771392081736915 0.03179990914311673
0 0.1616760343622738 0.1129322666220953 0.005108556832694755 0.002271422081651168
0 0.21531588110556882 0.015261117111093934 0.02043422733077905 0.020442798734860892
0 0.4598880394708306 0.042518182090908234 0.006385696040868431 0.01135711040825603
0 0.49437079809152035 0.08340377956062973 0.019157088122605345 0.006814266244953503
0 0.5397092399816863 0.07204666915237379 0.002554278416347351 0.0022714220816513584
0 0.5377935311694259 0.10271086725466484 0.014048531289910538 0.02271422081651206
0 0.5505649232511627 0.1186108218262233 0.006385696040868377 0.01817137665320953
0 0.5888790994963734 0.1515464420101657 0.016602809706257996 0.02952848706146556
0 0.5505649232511627 0.05387529249916417 0.0012771392081736754 0.020442798734860892
0 0.6342175413865395 0.09476088996888576 0.012771392081736754 0.034071331224767895
0 0.6329404021783659 0.07999664643815298 0.010217113665389403 0.027257064979814394
0 0.6418803766355816 0.051603870417513 0.005108556832694702 0.006814266244953503
0 0.6508203510927975 0.07431809123402497 0.012771392081736969 0.038614175388070424
0 0.7012673498156583 0.08113235747897857 0.003831417624521026 0.006814266244953503
0 0.693604514566616 0.10271086725466494 0.008939974457215836 0.01817137665320953
0 0.6846645401094003 0.09589660100971126 0.014048531289910645 0.02271422081651188
0 0.6687003000072291 0.2560318577661207 0.005108556832694702 0.01135711040825603
0 0.7012673498156582 0.195839172602364 0.011494252873563187 0.0272570649798143
0 0.6246389973252368 0.2299105038271319 0.031928480204342316 0.06814266244953589
