0 0.5729148593942023 0.4740883776046354 0.02043422733077913 0.03407133122476799
0 0.5984576435576761 0.4718169555229842 0.035759897828863345 0.024985642898163036
0 0.5920719475168077 0.5092954198702287 0.02554278416347383 0.01817137665320953
0 0.6303861237620184 0.5081597088294033 0.02554278416347383 0.024985642898163227
0 0.6559289079254922 0.48771691009454254 0.02554278416347383 0.024985642898163036
0 0.4777679883852623 0.5365524848500431 0.03959131545338448 0.04088559746972159
0 0.4496709258054411 0.5263310854826129 0.042145593869731775 0.038614175388070236
0 0.4100796103520567 0.5638095498298576 0.02171136653895275 0.013628532489907197
0 0.3851753957926697 0.5672166829523344 0.02554278416347383 0.024985642898163133
0 0.3538854851924143 0.5569952835849041 0.04725415070242653 0.027257064979814394
0 0.3660183076700643 0.6160522577078351 0.02043422733077902 0.018171376653209437
0 0.3059927648859009 0.608102280422056 0.017879948914431672 0.03407133122476771
0 0.3289812706330273 0.5967451700138 0.017879948914431672 0.015899954571558364
0 0.2593771837875612 0.6115094135445328 0.008939974457215836 0.009085688326604861
0 0.23638867804043473 0.5990165920954512 0.02937420178799491 0.02952848706146537
0 0.21850872912600305 0.6205951018711376 0.01660280970625797 0.02271422081651206
0 0.20573733704426614 0.6183236797894864 0.019157088122605345 0.03179990914311673
0 0.16295317357044747 0.6183236797894863 0.028097062579821207 0.04088559746972169
0 0.18785738812983446 0.6410379006059982 0.02426564495530013 0.0408855974697214
0 0.15529033832140532 0.6546664330959054 0.04342273307790547 0.049971285796326356
0 0.39028395262536447 0.743251894280302 0.035759897828863345 0.08631403910274534
