0 0.5595048977083785 0.7693732482192908 0.4763729246487867 0.47018437090179754
0 0.6865802489216607 0.22536765966382954 0.10983397190293738 0.10902825991925744
0 0.6188918708884551 0.2957817441950166 0.028097062579821183 0.03179990914311668
0 0.5939876563290682 0.33780305270556366 0.021711366538952698 0.034071331224767895
0 0.5735534289982891 0.3105459877257493 0.01660280970625789 0.0204427987348607
0 0.5748305682064627 0.3037317214807958 0.011494252873563187 0.024985642898163178
0 0.5735534289982891 0.3616529845629013 0.021711366538952805 0.022714220816511962
0 0.5543963408756838 0.3298530754197845 0.031928480204342205 0.03179990914311673
0 0.5301306959203836 0.3264459422973077 0.026819923371647507 0.0204427987348607
0 0.537154961565339 0.30600314356244696 0.022988505747126374 0.038614175388070326
0 0.5275764175040363 0.37982436121611085 0.021711366538952805 0.03179990914311673
0 0.46308088749126486 0.34234589686886613 0.05108556832694766 0.05224270787797743
0 0.47393657076074125 0.35483871831794767 0.031928480204342316 0.06359981828623346
