0 0.054396340875683756 0.3128174098074005 0.03831417624521073 0.05224270787797743
0 0.14571179426010264 0.13223935431613046 0.014048531289910592 0.01817137665320982
0 0.15529033832140535 0.18334635115328243 0.017879948914431672 0.02952848706146556
0 0.5767462770187233 0.011853983988617086 0.01021711366538951 0.009085688326604861
0 0.6214461493048025 0.022075383356047532 0.02043422733077902 0.01135711040825603
0 0.6208075797007158 0.03570391584595463 0.016602809706257996 0.034071331224767895
0 0.6118676052434998 0.07318238019319938 0.008939974457215836 0.01817137665320953
0 0.6393260982192341 0.09362517892806017 0.02043422733077902 0.0408855974697214
0 0.677640274464445 0.09021804580558333 0.01021711366538951 0.03407133122476772
0 0.6967973625870503 0.05273958145833858 0.01532567049808432 0.027257064979814394
0 0.7140387418973951 0.0856752016422809 0.008939974457215836 0.02952848706146556
