0 0.3379212450902431 0.14927501992851444 0.022988505747126426 0.03407133122476809
0 0.3762354213354539 0.14813930888768892 0.005108556832694809 0.009085688326604766
0 0.3564397636087617 0.060689558744117855 0.026819923371647507 0.056785552041279955
0 0.33600553627798263 0.0924894678872345 0.014048531289910645 0.01135711040825603
0 0.3487769283597195 0.023211094396873112 0.02171136653895275 0.02271422081651187
0 0.556950619292031 0.06750382498907137 0.011494252873563187 0.038614175388070236
0 0.5671677329574206 0.03343249376430347 0.008939974457215836 0.011357110408255839
0 0.5505649232511627 0.03797533792760589 0.014048531289910645 0.024985642898163036
0 0.5831319730595917 0.091353756846409 0.005108556832694702 0.027257064979814394
0 0.45861090026265694 0.012989695029442763 0.042145593869731775 0.02952848706146556
0 0.4854308236343044 0.0243468054376987 0.01149425287356324 0.006814266244953694
