0 0.6310246933661052 0.13110364327530483 0.03959131545338437 0.04769986371467527
0 0.4400923817441384 0.3650601176853781 0.022988505747126426 0.02952848706146556
0 0.42668242005831464 0.2878317669092374 0.03192848020434226 0.05224270787797743
0 0.4279595592664883 0.2037891498881432 0.01149425287356324 0.024985642898163133
0 0.4879851020506518 0.17312495178585205 0.008939974457215836 0.009085688326604766
0 0.4017782054989277 0.06296098082576894 0.015325670498084266 0.024985642898163036
0 0.4247667112460541 0.03343249376430346 0.028097062579821183 0.034071331224767895
0 0.3462226499433721 0.09362517892806017 0.037037037037037014 0.05451412995962879
0 0.3123784609267693 0.1935677505207128 0.007662835249042106 0.013628532489907197
0 0.32451128340441937 0.17766779594915444 0.01149425287356324 0.027257064979814394
0 0.2830042591387744 0.16517497450007287 0.01021711366538951 0.029528487061465467
0 0.2708714366611244 0.27420323441933026 0.01660280970625794 0.020442798734860795
0 0.31301703053085617 0.28442463378676064 0.006385696040868431 0.018171376653209677
0 0.2593771837875612 0.31508883188905173 0.016602809706257996 0.029528487061465467
0 0.2057373370442661 0.3468887410321685 0.03192848020434226 0.038614175388070326
0 0.1699774392154028 0.25716756880694625 0.016602809706257996 0.03179990914311673
0 0.15401319911323166 0.28442463378676064 0.007662835249042133 0.01362853248990715
0 0.16359174317453434 0.3139531208482261 0.008939974457215836 0.03179990914311673
0 0.1476275030723632 0.30827456564409816 0.00766283524904216 0.024985642898163133
0 0.1348561109906263 0.2742032344193302 0.02043422733077905 0.02952848706146556
0 0.03076926552447047 0.3048674325216214 0.006385696040868454 0.027257064979814394
0 0.04992635364707584 0.3366673416647381 0.011494252873563213 0.022714220816511962
0 0.11506045326393408 0.3298530754197845 0.006385696040868458 0.013628532489907197
0 0.0888790994963734 0.2230962375821783 0.02043422733077905 0.05451412995962869
0 0.0831319730595918 0.17653208490832886 0.014048531289910592 0.01135711040825603
0 0.07930055543507072 0.1311036432753049 0.034482758620689655 0.04315701955137276
0 0.09909621316176294 0.11406797766292087 0.03320561941251595 0.03634275330641906
0 0.15784461673775274 0.1049822893363162 0.040868454661558126 0.03179990914311673
0 0.16806173040314226 0.1390536205610841 0.017879948914431672 0.05905697412293112
0 0.15145892069688427 0.1935677505207128 0.015325670498084294 0.027257064979814394
0 0.13677181980288683 0.1969748836431896 0.016602809706257996 0.03407133122476799
0 0.20446019783609246 0.16176784137759606 0.006385696040868458 0.027257064979814394
0 0.24788293091399793 0.08113235747897857 0.014048531289910618 0.034071331224767895
0 0.22617156437504518 0.022075383356047532 0.026819923371647507 0.038614175388070424
0 0.14890464228053688 0.020939672315221945 0.028097062579821207 0.04088559746972159
0 0.14124180703149475 0.014125406070268349 0.028097062579821183 0.027257064979814394
0 0.08696339068411287 0.0788609353973273 0.031928480204342274 0.038614175388070424
0 0.05886632810429167 0.04819673729503625 0.021711366538952743 0.04997128579632645
0 0.03396211354490469 0.06409669186659461 0.025542784163473817 0.03634275330641906
0 0.06716773295742066 0.13791790952025842 0.03575989782886335 0.02952848706146575
0 0.14698893346827635 0.12769651015282807 0.01660280970625797 0.018171376653209722
0 0.0480106448348153 0.37755293913445964 0.020434227330779056 0.022714220816511962
0 0.524383569483602 0.4706812444821586 -0.005108556832694702 -0.01817137665320953
