0 0.09654193474541556 0.13791790952025848 0.010217113665389525 0.006814266244953789
0 0.17125457842357647 0.10952513349961844 0.011494252873563213 0.036342753306419256
0 0.1674231607990554 0.3014602993991446 0.02171136653895275 0.034071331224767944
0 0.21148446348104774 0.19129632843906164 0.0025542784163473777 0.004542844163302336
0 0.23191869081182678 0.20946770509227122 0.005108556832694782 0.009085688326604766
0 0.2389429564567821 0.23218192590878312 0.011494252873563267 0.013628532489907197
0 0.2555457661630401 0.22877479278630633 0.016602809706257996 0.029528487061465467
0 0.2606543229957349 0.2844246337867606 0.03192848020434226 0.03634275330641921
0 0.29832992963685867 0.30941027668492377 0.01532567049808432 0.045428441633023973
0 0.2906670943878166 0.1924320394798872 0.02043422733077902 0.04315701955137276
0 0.27661856309790595 0.17198924074502647 0.0025542784163474046 0.0068142662449535985
0 0.276618563097906 0.13905362056108406 0.017879948914431672 0.013628532489907292
0 0.3334512578616352 0.1515464420101656 0.01149425287356324 0.024985642898163324
0 0.3430298019229379 0.0788609353973274 0.012771392081736915 0.011357110408255839
0 0.3851753957926697 0.0584181366624666 0.012771392081736862 0.04769986371467509
0 0.4190195848092725 0.11520368870374645 0.014048531289910592 0.034071331224767895
0 0.39283823104171184 0.23104621486795754 0.0025542784163474046 0.0204427987348607
0 0.4011396358948408 0.3150888318890517 0.014048531289910592 0.015899954571558364
0 0.3462226499433721 0.300324588358319 0.026819923371647507 0.022714220816511962
0 0.3321741186534615 0.2719318123376791 0.026819923371647507 0.015899954571558413
0 0.49117795007108606 0.1492750199285145 0.03065134099616864 0.04769986371467519
0 0.5512034928552496 0.16744639658172408 0.01532567049808432 0.02952848706146556
