0 0.12400042772114991 0.13905362056108406 0.011494252873563227 0.013628532489907292
0 0.181471692088966 0.10157515621383936 0.0012771392081736754 0.04769986371467509
0 0.1718931480276633 0.16290355241842164 0.012771392081736915 0.02952848706146556
0 0.2178701595219162 0.17426066282667763 0.015325670498084294 0.038614175388070326
0 0.22744870358321886 0.21514626029639913 0.014048531289910618 0.038614175388070326
0 0.24852150051808478 0.16063213033677048 0.022988505747126454 0.02952848706146556
0 0.26704001903660335 0.22536765966382954 0.008939974457215836 0.03179990914311673
0 0.20893018506470035 0.27420323441933026 0.0025542784163473777 0.01135711040825603
0 0.173170287235837 0.27761036754180707 0.022988505747126426 0.027257064979814345
0 0.20509876744017927 0.3298530754197845 0.02043422733077905 0.013628532489907197
0 0.24341294368539002 0.2480818804803415 0.00766283524904216 0.02271422081651187
0 0.2996070688450324 0.2503533025619927 0.0 0.0
0 0.3430298019229379 0.14132504264273538 0.0 0.0
0 0.3423912323188511 0.08113235747897857 0.00383141762452108 0.006814266244953503
0 0.36027118123328267 0.17653208490832883 0.019157088122605453 0.02952848706146556
0 0.4381766729318779 0.1822106401124568 0.029374201787994856 0.0272570649798143
