0 0.5588663281042917 0.6012880141771023 0.08429118773946365 0.08858546118439659
0 0.3034384864695535 0.3911814716243668 0.053639846743295014 0.05905697412293112
0 0.6904116665461818 0.3332602085422613 0.04597701149425285 0.038614175388070326
0 0.5052264813609966 0.1129322666220952 0.01021711366538951 0.011357110408256018
0 0.2306415516036531 0.07886093539732739 0.020434227330779077 0.02952848706146556
0 0.2421358044772163 0.17880350698998007 0.017879948914431697 0.024985642898163133
0 0.20190591941974503 0.18788919531658485 0.016602809706257996 0.029528487061465467
0 0.2606543229957349 0.2424033252762135 0.014048531289910592 0.020442798734860795
0 0.21850872912600303 0.2798817896234582 0.019157088122605373 0.0545141299596286
0 0.1884959577339213 0.1390536205610841 0.017879948914431672 0.02271422081651206
