0 0.35771690281693536 0.13337506535695615 0.0676883780332056 0.056785552041279864
0 0.6310246933661052 0.2560318577661207 0.06257982120051085 0.09312830534769902
0 0.5365163919612521 0.3412101858280405 0.0038314176245211337 0.049971285796326266
0 0.48479225403021764 0.3696029618486804 0.0383141762452108 0.06132839620458229
0 0.46818944432395954 0.35143158519547085 0.06385696040868463 0.07041408453118696
0 0.3647411684618907 0.40253858203262277 0.04853128991060026 0.07722835077614056
0 0.31301703053085617 0.42865993597161156 0.03448275862068967 0.02952848706146556
0 0.3704882948986722 0.3673315397670292 0.03959131545338448 0.04315701955137276
0 0.3321741186534615 0.3355316306239125 0.05236270753512134 0.05224270787797743
0 0.2989684992409456 0.3264459422973078 0.042145593869731775 0.06587124036788458
0 0.3232341441962457 0.36506011768537805 0.04214559386973182 0.04769986371467509
0 0.30407705607364033 0.370738672889506 0.03448275862068967 0.0272570649798143
0 0.28364282874286123 0.34688874103216844 0.05236270753512134 0.04315701955137267
0 0.25171434853851904 0.3684672508078548 0.05747126436781612 0.049971285796326266
0 0.15529033832140532 0.31963167605235415 0.06641123882503193 0.08404261702109415
0 0.19935164100339767 0.6660235435041614 0.12132822477650064 0.13628532489907189
