0 0.6131447444516736 0.10043944517301377 0.06257982120051085 0.07268550661283832
0 0.7127616026892215 0.05160387041751299 0.07535121328224771 0.06587124036788462
0 0.36984972529458543 0.14246075368356087 0.007662835249042106 0.024985642898163227
0 0.2357501084363479 0.26057470192942306 0.007662835249042133 0.0068142662449535985
0 0.4056096231234487 0.1833463511532824 0.00766283524904216 0.0068142662449535985
0 0.5684448721655944 0.060689558744117765 0.016602809706258104 0.0204427987348607
0 0.6623146039663607 0.012989695029442765 0.00766283524904216 0.024985642898163227
0 0.6725317176317501 0.1447321757652121 0.005108556832694809 0.015899954571558364
0 0.6904116665461819 0.1492750199285144 0.00766283524904216 0.020442798734860986
0 0.44839378659726736 0.288967477950063 0.0063856960408684845 0.018171376653209486
0 0.39283823104171184 0.2810175006642838 0.012771392081736915 0.020442798734860747
