0 0.5543963408756838 0.4661384003188563 0.026819923371647507 0.045428441633023925
0 0.5850476818718524 0.4297956470124371 0.04214559386973182 0.05905697412293112
0 0.41135674956023033 0.4786312217679378 0.0012771392081736754 0.002271422081651168
0 0.4279595592664883 0.47863122176793776 0.0191570881226054 0.034071331224767895
0 0.44903235620135423 0.4332027801349139 0.022988505747126426 0.038614175388070326
0 0.49820221571604134 0.42411709180830914 0.019157088122605345 0.024985642898163133
0 0.5186364430468205 0.41162427035922755 0.024265644955300154 0.03179990914311673
0 0.5397092399816864 0.4332027801349139 0.017879948914431672 0.038614175388070326
0 0.5626977457288128 0.40594571515509953 0.012771392081736862 0.024985642898163133
0 0.5639748849369864 0.3843672053794132 0.017879948914431672 0.022714220816511962
0 0.6105904660353262 0.4048100041142739 0.021711366538952805 0.0272570649798143
0 0.6323018325742789 0.38550291642023876 0.014048531289910645 0.02952848706146556
0 0.6808331224848791 0.3434816079096917 0.029374201787994856 0.027257064979814394
0 0.7050987674401793 0.3502958741546452 0.003831417624521026 0.009085688326604766
0 0.6827488312971398 0.3071388546032726 0.01532567049808432 0.02725706497981425
0 0.6706160088194897 0.31508883188905173 0.026819923371647507 0.03407133122476804
0 0.6744474264440108 0.28442463378676064 0.003831417624521026 0.01362853248990715
0 0.7153158811055688 0.26398183505189987 0.016602809706257996 0.03634275330641906
0 0.6335789717824527 0.2503533025619927 0.01149425287356308 0.01817137665320953
0 0.6335789717824526 0.21628197133722477 0.016602809706257996 0.03634275330641906
0 0.6476275030723633 0.22991050382713196 0.0063856960408684845 0.045428441633023925
0 0.644434655051929 0.16858210762254966 0.01021711366538951 0.027257064979814394
0 0.656567477529579 0.1640392634592472 0.029374201787994856 0.04997128579632655
0 0.5844091122677655 0.04024676000925706 0.030651340996168532 0.05678555204127977
0 0.5524806320634232 0.028889649601001034 0.03065134099616864 0.04769986371467509
0 0.24405151328947686 -0.0006388374604644337 0.021711366538952778 0.02952848706146556
0 0.24277437408130317 0.1833463511532824 0.024265644955300154 0.024985642898163133
0 0.25043720933034536 0.2560318577661207 0.016602809706257996 0.02952848706146556
0 0.26895572784886385 0.39572431578766915 0.002554278416347351 0.009085688326604766
0 0.2887513855755561 0.3900457605835412 0.0012771392081737292 0.034071331224767895
0 0.3174870177594641 0.13905362056108406 0.012771392081736915 0.009085688326604956
0 0.34111409311067736 0.09135375684640891 0.019157088122605293 0.049971285796326266
0 0.36346402925371696 0.07318238019319928 0.017879948914431672 0.027257064979814394
0 0.41838101520518567 0.06409669186659461 0.020434227330779077 0.018171376653209722
0 0.5224678606713415 0.13905362056108406 0.006385696040868592 0.009085688326604956
0 0.5716377201860287 0.0924894678872345 0.01532567049808432 0.0204427987348607
0 0.6291089845538447 0.15949641929594488 0.01021711366538951 0.03179990914311673
0 0.6144218836598472 0.1640392634592473 0.006385696040868377 0.022714220816511962
0 0.602927630786284 0.1458678868060377 0.011494252873563187 0.04088559746972159
0 0.6297475541579315 0.0856752016422809 0.008939974457215836 0.011357110408255839
0 0.6297475541579316 0.2389961921537367 0.016602809706257996 0.022714220816511962
0 0.6552903383214054 0.2980531662766678 0.0012771392081736754 0.022714220816511962
0 0.6450732246560158 0.36051727352207563 0.0038314176245211337 0.01135711040825603
0 0.644434655051929 0.3184959650115285 0.01021711366538951 0.022714220816511962
0 0.6182533012843683 0.3264459422973077 0.008939974457215836 0.0204427987348607
0 0.5588663281042917 0.4059457151550996 0.022988505747126374 0.05224270787797743
0 0.5262992782958625 0.370738672889506 0.011494252873563187 0.0272570649798143
0 0.4777679883852623 0.4150314034817043 0.0012771392081736754 0.006814266244953503
0 0.39092252222945134 0.39572431578766915 0.006385696040868431 0.022714220816511962
0 0.32514985300850624 0.4286599359716115 0.028097062579821235 0.04769986371467509
0 0.3200412961758115 0.36392440664455245 0.015325670498084266 0.040885597469721494
0 0.34558408033928534 0.35483871831794767 0.012771392081736915 0.0272570649798143
0 0.3730425733150196 0.370738672889506 0.006385696040868377 0.009085688326604766
0 0.32961984023711416 0.2707961012968534 0.0012771392081737292 0.009085688326604814
0 0.2881128159714692 0.19129632843906164 0.00766283524904216 0.01817137665320953
0 0.3500540675678932 0.21173912717392238 0.008939974457215836 0.013628532489907101
0 0.3500540675678932 0.14927501992851444 0.011494252873563187 0.04315701955137276
0 0.39539250945805926 0.1424607536835609 0.030651340996168588 0.061328396204582386
0 0.4681894443239596 0.16063213033677048 0.030651340996168588 0.038614175388070236
0 0.5397092399816863 0.15495357513264252 0.04597701149425285 0.022714220816511962
0 0.5678063025615075 0.1560892861734681 0.04086845466155804 0.024985642898163133
0 0.5767462770187234 0.21741768237805034 0.022988505747126374 0.02952848706146556
0 0.5959033651413287 0.25716756880694625 0.017879948914431672 0.022714220816511917
0 0.6016504915781103 0.2855603448275862 0.0038314176245211337 0.024985642898163133
0 0.5799391250391576 0.2991888773174934 0.01149425287356308 0.020442798734860795
0 0.5614206065206391 0.32985307541978454 0.01532567049808432 0.022714220816511917
0 0.5626977457288128 0.2798817896234582 0.01021711366538951 0.01817137665320953
0 0.570360580977855 0.2469461694395159 0.00766283524904216 0.002271422081651168
0 0.5301306959203836 0.19583917260236403 0.019157088122605345 0.022714220816511962
0 0.5716377201860288 0.1594964192959449 0.010217113665389618 0.027257064979814394
0 0.5339621135449047 0.2685246792152023 0.003831417624521026 0.03179990914311673
0 0.549287784042989 0.33780305270556377 0.008939974457215836 0.03861417538807028
0 0.5167207342345599 0.36278869560372684 0.01021711366538951 0.0068142662449535985
0 0.5058650509650835 0.2798817896234582 0.014048531289910645 0.02725706497981449
0 0.5237449998795152 0.20265343884731762 0.011494252873563293 0.022714220816511962
0 0.3813439781681487 0.2537604356844695 0.012771392081736915 0.034071331224767895
0 0.37431971252319335 0.2901031889908886 0.008939974457215836 0.02952848706146561
0 0.3813439781681486 0.3253102312564822 0.02554278416347383 0.045428441633023925
0 0.4056096231234488 0.3684672508078548 0.017879948914431672 0.03634275330641906
0 0.4279595592664883 0.34802445207299415 0.014048531289910592 0.03179990914311668
0 0.44073095134822526 0.34802445207299404 0.01149425287356324 0.0272570649798143
0 0.45286377382587534 0.36392440664455245 0.022988505747126426 0.0045428441633024305
0 0.48287654521795703 0.32871736437895893 0.019157088122605345 0.020442798734860653
0 0.470743722740307 0.31622454292987734 0.012771392081736915 0.022714220816511917
0 0.4471166473890936 0.3162245429298773 0.021711366538952805 0.03634275330641916
0 0.4285981288705752 0.27079610129685344 0.012771392081736915 0.01817137665320958
0 0.42029672401744617 0.2060605719697944 0.00383141762452108 0.015899954571558364
0 0.45094806501361473 0.21060341613309674 0.014048531289910592 0.02952848706146556
0 0.4707437227403069 0.190160617398236 0.017879948914431724 0.024985642898163133
0 0.4930936588833466 0.21173912717392238 0.019157088122605453 0.022714220816511962
0 0.4720208619484807 0.23445334799043432 0.022988505747126426 0.05451412995962869
0 0.48734653244656495 0.29237461107253987 0.017879948914431724 0.024985642898163133
