0 0.6252775669293236 0.015261117111093932 0.02043422733077902 0.02952848706146556
0 0.5531192016675102 0.01866825023357068 0.04725415070242663 0.03634275330641906
0 0.5473720752307285 0.11520368870374656 0.035759897828863345 0.07041408453118715
0 0.48415368442613077 0.24581045839869028 0.016602809706257996 0.05905697412293103
0 0.4579723306585701 0.15836070825511933 0.012771392081736915 0.034071331224767895
0 0.4918165196751729 0.07772522435650181 0.016602809706257996 0.05451412995962879
0 0.47712941878117543 0.057282425621641014 0.012771392081736915 0.02271422081651187
0 0.46052660907491744 0.014125406070268251 0.0408684546615581 0.045428441633023925
0 0.4330681160991831 0.05955384770329228 0.02171136653895275 0.027257064979814394
0 0.3992239270825803 0.13337506535695604 0.017879948914431672 0.029528487061465658
0 0.371765434106846 0.1435964647243864 0.016602809706257996 0.04088559746972169
0 0.38581396539675655 0.1049822893363161 0.016602809706257996 0.013628532489907197
0 0.375596851731367 0.0788609353973273 0.014048531289910592 0.024985642898163036
0 0.355162624400588 -0.002910259542115601 0.03959131545338442 0.056785552041279955
0 0.33600553627798263 0.03456820480512905 0.026819923371647507 0.018171376653209344
0 0.2925828032000772 0.0652324029074201 0.006385696040868431 0.0204427987348607
0 0.2612928925998217 -0.0097245257870692 0.020434227330779077 0.015899954571558364
0 0.305354195281814 0.11633939974457204 0.021711366538952698 0.03634275330641906
0 0.41838101520518567 0.16517497450007287 0.0025542784163474046 0.002271422081651263
0 0.3717654341068459 0.20492486092896878 0.019157088122605345 0.040885597469721494
0 0.3711268645027591 0.2628461240110742 0.02043422733077902 0.038614175388070326
0 0.3430298019229379 0.16971781866337524 0.02554278416347378 0.02952848706146556
0 0.29769136003277186 0.18675348427575922 0.02937420178799491 0.03179990914311673
0 0.2785342719101665 0.21968910445970158 0.024265644955300102 0.03407133122476799
0 0.2664014494325165 0.195839172602364 0.010217113665389565 0.0272570649798143
0 0.26193146220390856 0.20606057196979435 0.02171136653895275 0.038614175388070326
0 0.2740642846815585 0.15949641929594488 0.017879948914431724 0.03179990914311673
0 0.2472443613099111 0.15154644201016562 0.01532567049808432 0.038614175388070424
0 0.23000298199956626 0.09362517892806017 0.014048531289910592 0.05451412995962879
0 0.20829161546061353 0.17198924074502647 0.047254150702426584 0.038614175388070326
0 0.23000298199956626 0.22763908174548073 0.03448275862068967 0.040885597469721494
0 0.2165930203137425 0.28328892274593503 0.035759897828863345 0.04315701955137271
0 0.16933886961131595 0.2651175460927255 0.01277139208173689 0.02952848706146561
0 0.189773096942095 0.2866960558684118 0.007662835249042133 0.022714220816511962
0 0.15976032555001327 0.20492486092896878 0.02426564495530013 0.05451412995962869
0 0.127831845345671 0.156089286173468 0.026819923371647507 0.04769986371467519
0 0.0959033651413287 0.06636811394824578 0.014048531289910604 0.027257064979814394
0 0.06652916335333381 0.1049822893363161 0.008939974457215836 0.02271422081651187
0 0.10101192197402348 0.27647465650098146 0.01915708812260536 0.015899954571558413
0 0.11442188365984722 0.2980531662766678 0.0025542784163473777 0.0045428441633024305
0 0.1699774392154028 0.38663862746106437 0.019157088122605345 0.05451412995962869
0 0.13294040217836575 0.3832314943385876 0.024265644955300154 0.034071331224767895
0 0.11761473168028146 0.376417228093634 0.016602809706257982 0.04769986371467509
0 0.0761077074146365 0.3979957378693204 0.015325670498084294 0.03634275330641906
