0 0.13741038940697367 0.7228090955454414 0.0715197956577267 0.11811394824586206
0 0.2606543229957349 0.15495357513264246 0.014048531289910592 0.01817137665320953
0 0.3283427010289404 0.16290355241842164 0.019157088122605345 0.02952848706146556
0 0.3366441058820695 0.1356464874386073 0.012771392081736915 0.011357110408256125
0 0.26193146220390856 0.2287747927863063 0.0012771392081737292 0.0068142662449535985
0 0.29322137280416394 0.20492486092896878 0.0025542784163474046 0.018171376653209628
0 0.16870030000722908 0.1833463511532824 0.02171136653895275 0.024985642898163133
0 0.2306415516036531 0.17653208490832886 0.0 0.006814266244953503
0 0.2306415516036531 0.24013190319456232 0.015325670498084266 0.024985642898163227
0 0.23064155160365307 0.27647465650098146 0.012771392081736915 0.024985642898163133
