0 0.4854308236343045 0.28215321170510943 0.08812260536398474 0.1226567924091645
0 0.5614206065206392 0.40821713723675074 0.061302681992337175 0.05224270787797743
0 0.6757245656521843 0.12201795494870005 0.008939974457215836 0.015899954571558364
0 0.7204244379382636 0.015261117111093932 0.0012771392081736754 0.002271422081651168
0 0.7134001722933082 0.014125406070268349 0.02043422733077902 0.027257064979814394
0 0.735111538832261 0.023211094396873112 0.005108556832694809 0.01817137665320953
0 0.747882930913998 0.07999664643815298 0.0 0.004542844163302336
0 0.722340146750524 0.06977524707072263 0.017879948914431672 0.038614175388070424
0 0.7217015771464373 0.09589660100971134 0.021711366538952698 0.013628532489907006
0 0.7446900828935638 0.09589660100971134 0.019157088122605345 0.013628532489907006
0 0.7338343996240874 0.12428937703035131 0.015325670498084212 0.024985642898163227
0 0.756184335767127 0.1526821530509912 0.011494252873563293 0.036342753306419256
