0 0.09398765632906818 0.3400744747872149 0.051085568326947633 0.04315701955137262
0 0.35963261162919585 0.22877479278630633 0.01021711366538951 0.011357110408255934
0 0.3775125605436276 0.23899619215373671 0.00766283524904216 0.013628532489907197
0 0.33664410588206944 0.23104621486795754 0.01021711366538951 0.02952848706146556
0 0.3609097508373696 0.19129632843906158 0.010217113665389565 0.009085688326604766
0 0.3436683715270248 0.15041073096934005 0.016602809706257996 0.036342753306419256
0 0.38006683895997495 0.10725371141796727 0.01532567049808432 0.01817137665320953
0 0.3934768006457987 0.1288322211936537 0.011494252873563187 0.024985642898163324
0 0.4509480650136148 0.24467474735786468 0.019157088122605345 0.020442798734860747
0 0.47457514036482806 0.19811059468401518 0.012771392081736862 0.03634275330641916
0 0.4713822923443938 0.24013190319456232 0.01149425287356324 0.006814266244953503
0 0.48734653244656495 0.25716756880694625 0.01021711366538951 0.022714220816511917
0 0.5096964685896046 0.26738896817437663 0.014048531289910538 0.024985642898163227
0 0.5128893166100389 0.2299105038271319 0.017879948914431672 0.0272570649798143
0 0.6578446167377527 0.1117965555812697 0.024265644955300047 0.027257064979814394
