0 0.35771690281693536 0.6489878778917775 0.029374201787994856 0.024985642898163036
0 0.07419199860237596 0.3718743839303316 0.06002554278416347 0.04769986371467509
0 0.17827884406853178 0.16517497450007287 0.022988505747126454 0.04315701955137267
0 0.2012673498156582 0.17766779594915444 0.02043422733077905 0.027257064979814394
0 0.19488165377478975 0.20378914988814315 0.022988505747126426 0.015899954571558364
0 0.25937718378756114 0.22763908174548073 0.014048531289910592 0.0272570649798143
0 0.288751385575556 0.2003820167656664 0.014048531289910592 0.013628532489907197
0 0.27789570230607963 0.1753963738675032 0.02554278416347383 0.040885597469721494
0 0.3002456384491193 0.18221064011245683 0.011494252873563187 0.022714220816511962
0 0.3162098785512904 0.15836070825511928 0.0025542784163474046 0.0068142662449535985
0 0.3264269922166799 0.12201795494870006 0.012771392081736915 0.024985642898163036
0 0.31940272657172464 0.10952513349961844 0.014048531289910592 0.013628532489907197
0 0.3890068134171908 0.05273958145833858 0.012771392081736915 0.018171376653209722
0 0.2478829309139979 0.06296098082576902 0.10855683269476372 0.09767114951100135
