0 0.5250221390876888 0.014125406070268349 0.014048531289910645 0.027257064979814394
0 0.5786619858309839 0.04024676000925707 0.008939974457215836 0.024985642898163036
0 0.6227232885129762 0.04819673729503625 0.04853128991060031 0.027257064979814394
0 0.875596851731367 0.13451077639778172 0.012771392081736862 0.013628532489907292
0 0.9732980011566545 0.14359646472438642 0.0063856960408684845 0.02271422081651206
0 0.7121230330851346 0.3048674325216214 0.007662835249042052 0.022714220816511917
0 0.6687003000072291 0.37414580601198283 0.022988505747126374 0.04315701955137276
0 0.6016504915781103 0.38436720537941316 0.019157088122605345 0.049971285796326266
0 0.6955202233788765 0.32985307541978454 0.012771392081736969 0.022714220816511917
0 0.6699774392154028 0.28215321170510943 0.01532567049808432 0.02271422081651201
0 0.6616760343622738 0.25716756880694625 0.008939974457215836 0.018171376653209486
0 0.6489046422805369 0.29464603315419097 0.024265644955300154 0.038614175388070326
0 0.2664014494325164 0.22763908174548075 0.017879948914431672 0.03634275330641916
0 0.2842813983469481 0.12201795494870006 0.017879948914431672 0.0204427987348607
0 0.42540528085014095 0.030025360641826617 0.011494252873563187 0.01817137665320953
0 0.3391983842984168 0.12769651015282799 0.01021711366538951 0.02271422081651187
0 0.28811281597146915 0.15722499721429373 0.01021711366538951 0.03179990914311673
0 0.30663133448998775 0.1492750199285144 0.00383141762452108 0.020442798734860986
0 0.3098241825104219 0.16631068554089845 0.038314176245210746 0.05905697412293103
0 0.2989684992409456 0.22650337070465515 0.006385696040868431 0.05224270787797752
0 0.27023286705703753 0.35370300727712206 0.0 0.011357110408255934
0 0.29322137280416394 0.35483871831794767 0.022988505747126426 0.045428441633023786
0 0.27342571507747176 0.3809600722569364 0.026819923371647507 0.056785552041279864
0 0.31812558736355095 0.3923171826651924 0.016602809706257996 0.05224270787797743
0 0.3545240547965011 0.38777433850189 0.028097062579821183 0.024985642898163133
0 0.37751256054362753 0.41616711452252997 0.017879948914431672 0.05451412995962869
0 0.4573337610544832 0.48771691009454254 0.008939974457215782 0.006814266244953694
0 0.4969250765078677 0.4968025984211473 0.006385696040868377 -0.011357110408255839
0 0.5346006831489916 0.44796702366564667 0.005108556832694702 0.009085688326604766
0 0.4975636461119545 0.4059457151550996 0.01532567049808432 0.034071331224767895
0 0.512250747005952 0.3968600268284948 0.019157088122605345 0.02952848706146556
0 0.5269378478999494 0.41616711452252986 0.02043422733077902 0.013628532489907197
0 0.6105904660353262 0.33098878646061014 0.008939974457215836 0.024985642898163084
0 0.6035662003903708 0.35597442935877327 0.028097062579821183 0.038614175388070326
0 0.5294921263162968 0.3911814716243668 0.02043422733077913 0.03634275330641906
0 0.5013950637364756 0.35256729623629646 0.005108556832694809 0.009085688326604766
0 0.5448177968143811 0.3605172735220757 0.040868454661558154 0.038614175388070326
0 0.5748305682064628 0.1197465328670489 -0.008939974457215836 0.0204427987348607
0 0.5307692655244705 0.15154644201016562 0.0434227330779055 0.038614175388070424
0 0.3832596869804092 0.16631068554089845 0.0191570881226054 0.022714220816511962
0 0.39858535747849344 0.1117965555812697 0.006385696040868431 0.018171376653209722
0 0.35196977638015375 0.16858210762254966 0.015325670498084266 0.02271422081651187
0 0.3391983842984168 0.1867534842757592 0.020434227330779077 0.013628532489907197
0 0.6003733523699366 0.14018933160190963 0.014048531289910538 0.01589995457155846
0 0.6156990228680209 0.1470035978468632 0.016602809706257996 0.015899954571558555
0 0.6054819092026313 0.1708535297042008 0.019157088122605345 0.045428441633023925
0 0.6367718198028868 0.16517497450007287 0.03320561941251588 0.04315701955137267
0 0.6329404021783657 0.16971781866337532 0.02043422733077902 0.056785552041279864
0 0.6367718198028869 0.20378914988814317 0.017879948914431565 0.020442798734860795
0 0.6252775669293236 0.2787460785826326 0.02043422733077902 0.04315701955137276
0 0.6176147316802815 0.20265343884731762 0.015325670498084212 0.03634275330641916
0 0.5569506192920312 0.18221064011245686 0.008939974457215836 0.013628532489907197
0 0.5179978734427336 0.20265343884731762 0.02298850574712648 0.022714220816511962
0 0.5448177968143811 0.21287483821474795 0.028097062579821183 0.020442798734860795
0 0.5422635183980338 0.2287747927863063 0.01532567049808432 0.020442798734860795
0 0.5722762897901155 0.21855339341887597 0.024265644955300154 0.0272570649798143
0 0.6042047699944577 0.24240332527621347 0.019157088122605345 0.02952848706146556
0 0.5933490867249813 0.24921759152116707 0.015325670498084427 0.0204427987348607
0 0.615699022868021 0.2639818350518998 0.0063856960408684845 0.009085688326604814
0 0.6227232885129762 0.300324588358319 0.002554278416347351 0.009085688326604814
0 0.5665291633533338 0.2798817896234582 0.00766283524904216 0.01817137665320953
0 0.5697220113737681 0.2980531662766678 0.011494252873563293 0.013628532489907197
0 0.5690834417696812 0.3173602539707029 0.007662835249042052 0.011357110408255934
0 0.5524806320634232 0.3139531208482261 0.022988505747126374 0.03179990914311673
0 0.5543963408756837 0.2923746110725398 0.019157088122605345 0.029528487061465467
0 0.41838101520518567 0.2037891498881432 0.020434227330779077 0.029528487061465467
0 0.4503094954095279 0.14359646472438647 0.012771392081736915 0.031799909143116825
0 0.4777679883852623 0.17198924074502647 0.016602809706258048 0.020442798734860795
0 0.4815994060097834 0.19129632843906158 0.014048531289910645 0.022714220816511962
0 0.48670796284247814 0.2412676142353879 0.026819923371647507 0.03179990914311673
0 0.4618037482830912 0.2299105038271319 0.02043422733077902 0.0272570649798143
0 0.3781511301477144 0.2299105038271319 0.026819923371647507 0.03634275330641916
0 0.3289812706330273 0.2548961467252951 0.02554278416347383 0.03634275330641906
0 0.34494551073519847 0.27306752337850465 0.016602809706257996 0.049971285796326266
0 0.3653797380659775 0.3128174098074006 0.01660280970625794 -0.0204427987348607
0 0.3647411684618907 0.29918887731749333 0.015325670498084266 0.04769986371467509
0 0.3641025988578038 0.3696029618486804 0.014048531289910592 0.020442798734860795
0 0.3998624966866672 0.34802445207299404 0.016602809706257996 0.0272570649798143
0 0.41518816718475143 0.3241745202156565 0.0012771392081736754 0.002271422081651263
0 0.4139110279765777 0.2651175460927255 0.024265644955300154 0.038614175388070326
0 0.4222124328297067 0.23445334799043427 0.020434227330779077 0.03179990914311673
0 0.43881524253596477 0.34348160790969173 0.00766283524904216 0.02271422081651182
0 0.4618037482830911 0.2730675233785046 0.01532567049808432 0.03634275330641916
0 0.48479225403021764 0.3116816987665749 0.02043422733077913 0.027257064979814394
0 0.5090578989855178 0.23786048111291108 0.012771392081736862 0.024985642898163133
0 0.512250747005952 0.29351032211336536 0.011494252873563187 0.02271422081651201
0 0.5403478095857732 0.3014602993991446 0.021711366538952698 0.04315701955137262
0 0.5116121774018652 0.14700359784686323 0.015325670498084212 0.03407133122476799
