0 0.4962865069037808 0.09362517892806017 0.01021711366538951 0.03179990914311673
0 0.4905393804669992 0.10157515621383936 0.03448275862068967 0.038614175388070424
0 0.5090578989855178 0.035703915845954726 0.012771392081736862 0.04315701955137276
0 0.5384321007735127 0.11633939974457204 0.017879948914431672 0.03179990914311673
0 0.5275764175040362 0.15381786409181689 0.019157088122605345 0.0204427987348607
0 0.4368995337237042 0.15495357513264252 0.026819923371647507 0.03634275330641916
0 0.4241281416419672 0.17312495178585208 0.024265644955300047 0.03179990914311673
0 0.4394538121400516 0.20265343884731757 0.016602809706257996 0.01817137665320953
0 0.48606939323839127 0.1981105946840152 0.030651340996168588 0.03179990914311673
0 0.48543082363430445 0.23218192590878312 0.024265644955300154 0.027257064979814394
0 0.5620591761247259 0.25716756880694625 0.011494252873563187 0.03179990914311673
0 0.5805776946432445 0.16971781866337526 0.01532567049808432 0.0204427987348607
0 0.08824052989228656 0.3253102312564822 0.044699872286079176 0.045428441633023925
