0 0.2529914877466927 0.3207673870931797 0.09578544061302681 0.07722835077614065
0 0.48415368442613077 0.04251818209090823 0.019157088122605453 0.0204427987348607
0 0.5952647955372419 0.05273958145833858 0.014048531289910645 0.027257064979814394
0 0.6061204788067183 0.10952513349961854 0.012771392081736969 0.02271422081651206
0 0.677640274464445 0.091353756846409 0.00766283524904216 0.027257064979814394
0 0.5128893166100388 0.12428937703035121 0.002554278416347351 0.0022714220816513584
0 0.49820221571604134 0.14473217576521202 0.003831417624521026 0.01135711040825622
0 0.4643580266994385 0.16517497450007287 0.0025542784163474046 0.002271422081651263
0 0.5173593038386467 0.13905362056108414 0.011494252873563187 0.0045428441633024305
0 0.43051383768283574 0.1061180003771417 0.016602809706257996 0.0204427987348607
