0 0.15401319911323166 0.42070995868583233 0.0 0.0
0 0.1687003000072291 0.4377456242982163 0.006385696040868458 0.015899954571558364
0 0.20573733704426614 0.47976693280876337 0.008939974457215836 0.03179990914311673
0 0.189773096942095 0.452509867828949 0.0025542784163473777 0.009085688326604766
0 0.1450732246560158 0.458188423033077 0.012771392081736915 0.020442798734860795
0 0.1603988951541001 0.45818842303307705 0.0025542784163473777 0.0068142662449535985
0 0.15337462950914482 0.47749551072711205 0.01660280970625797 0.013628532489907197
0 0.17125457842357647 0.47522408864546095 0.019157088122605373 0.02271422081651187
0 0.19615879298296346 0.5070239977885777 0.017879948914431672 0.02271422081651187
0 0.18402597050531339 0.5013454425844498 0.011494252873563213 0.0204427987348607
0 0.2248944251668715 0.5104311309110545 0.01660280970625797 0.020442798734860892
