0 0.3596326116291959 0.9340513491390026 0.056194125159642415 0.1271996365724669
0 0.28747424636738234 0.36619582872620365 0.024265644955300154 0.027257064979814394
0 0.17380885683992386 0.36846725080785486 0.029374201787994884 0.040885597469721494
0 0.1999902106074845 0.1822106401124568 0.02043422733077905 0.06814266244953589
0 0.2082916154606135 0.26171041297024866 0.008939974457215836 0.022714220816511962
0 0.17253171763175015 0.26966039025602784 0.016602809706257996 0.038614175388070326
0 0.14251894623966843 0.30941027668492377 0.022988505747126454 0.03634275330641911
0 0.06333631533289959 0.3593815624812501 0.020434227330779063 0.03634275330641906
0 0.03460068314899154 0.35597442935877327 0.01660280970625798 0.03407133122476799
0 0.08568625147593918 0.4559170009514259 0.0038314176245210665 0.0068142662449535985
0 0.38581396539675655 0.33212449750143574 0.00383141762452108 0.018171376653209628
0 0.5020336333405624 0.34461731895051734 0.011494252873563187 0.056785552041279864
0 0.5652520241451602 0.3525672962362965 0.015325670498084212 0.04088559746972145
0 0.5020336333405624 0.23558905903125993 0.0038314176245211337 0.0068142662449535985
0 0.5460949360225548 0.16971781866337526 -0.015325670498084212 -0.002271422081651168
