0 0.0831319730595918 0.34916016311381964 0.13665389527458494 0.1476424353073277
0 0.1559289079254922 0.42070995868583233 0.039591315453384394 0.049971285796326266
0 0.11378331405576037 0.4763597996862866 0.034482758620689655 0.06132839620458229
0 0.1323018325742789 0.528602507564264 0.030651340996168598 0.034071331224767895
0 0.24916007012217162 0.5388239069316944 0.02426564495530013 0.045428441633023925
0 0.2402200956649558 0.3786886501752852 0.008939974457215888 0.011357110408255934
0 0.32578842261259305 0.19470346156153837 0.047254150702426584 0.07949977285779182
0 0.4164653063929251 0.16971781866337526 0.03959131545338431 0.04769986371467509
0 0.38325968698040913 0.23445334799043427 0.047254150702426584 0.03179990914311673
0 0.4279595592664884 0.458188423033077 0.044699872286079176 0.08404261702109415
0 0.5013950637364756 0.27533894546015586 0.02554278416347383 0.049971285796326356
0 0.644434655051929 0.15949641929594485 0.08939974457215835 0.09994257159265262
0 0.8851753957926698 0.06750382498907137 -0.011494252873563187 -0.06132839620458229
0 0.4796836971975228 0.36051727352207563 0.03575989782886345 0.04769986371467509
0 0.5876019602881998 0.33553163062391245 0.029374201787994964 0.04769986371467509
0 0.6827488312971397 0.36278869560372684 0.05108556832694766 0.05224270787797752
0 0.7491600701221716 0.32871736437895893 0.012771392081736969 0.020442798734860653
0 1.2529914877466928 0.8011731573624076 0.011494252873563187 -0.0204427987348607
0 0.7453286524976506 0.4502384457472978 0.030651340996168532 0.05905697412293103
0 0.4273209896624015 0.03683962688678021 0.02554278416347378 0.06814266244953579
0 0.46882801392804646 0.03343249376430337 0.02171136653895275 0.0204427987348607
0 0.5799391250391576 0.08113235747897857 0.014048531289910645 0.024985642898163227
0 0.6201690100966288 0.05501100353998985 0.00766283524904216 0.013628532489907197
0 0.6284704149497579 0.04024676000925706 0.024265644955300154 0.03407133122476809
0 0.656567477529579 0.047061026254210665 0.008939974457215836 0.020442798734860892
