0 0.20062878021157138 0.08226806851980414 0.008939974457215836 0.013628532489907388
0 0.22170157714643723 0.11179655558126961 0.012771392081736915 0.04088559746972159
0 0.15401319911323166 0.13791790952025845 0.007662835249042133 0.020442798734860795
0 0.14954321188462372 0.21741768237805034 0.019157088122605373 0.0204427987348607
0 0.2108458938769609 0.20378914988814317 0.0012771392081736754 0.020442798734860795
0 0.18466454010940023 0.24581045839869028 0.015325670498084294 0.022714220816511962
0 0.22042443793826358 0.2787460785826326 0.007662835249042133 0.015899954571558364
0 0.2664014494325165 0.2719318123376791 0.007662835249042106 0.015899954571558413
0 0.3283427010289404 0.2514890136028183 0.0012771392081736754 0.006814266244953551
0 0.3047156256777272 0.23104621486795754 0.00766283524904216 0.015899954571558364
0 0.29130566399190344 0.1924320394798872 0.011494252873563187 0.034071331224767895
0 0.3123784609267693 0.1708535297042008 0.007662835249042106 0.03179990914311673
0 0.3340898274657221 0.195839172602364 0.015325670498084266 0.0272570649798143
0 0.36921115569049856 0.1947034615615384 0.02171136653895275 0.034071331224767895
0 0.39730821827031976 0.14586788680603777 0.00383141762452108 0.009085688326604766
0 0.42157386322561985 0.15608928617346812 0.0012771392081736754 0.020442798734860795
0 0.41838101520518567 0.18107492907163125 0.007662835249042106 0.03407133122476799
0 0.37495828212728016 0.2458104583986903 0.022988505747126426 0.013628532489907197
0 0.4509480650136148 0.28215321170510943 0.00383141762452108 0.009085688326604766
0 0.5473720752307285 0.14359646472438642 0.015325670498084212 0.05451412995962879
0 0.6048433395985445 0.14813930888768884 0.012771392081736969 0.02725706497981449
0 0.6035662003903709 0.19470346156153842 0.012771392081736969 0.024985642898163133
