0 0.03779353116942577 0.7898160469541515 0.04853128991060026 0.06587124036788482
0 0.30854704330224825 0.5297382186050896 0.005108556832694755 0.027257064979814394
0 0.03523925275307839 0.26511754609272553 0.010217113665389532 0.024985642898163133
0 0.05886632810429167 0.4184385366041811 0.008939974457215836 0.013628532489907101
0 0.04354065760620738 0.4048100041142739 0.016602809706257975 0.0272570649798143
0 0.10803618761897878 0.19811059468401518 0.020434227330779063 0.040885597469721494
0 0.09398765632906816 0.1435964647243865 0.015325670498084294 0.03634275330641916
0 0.10037335236993664 0.12315366598952555 0.017879948914431672 0.03179990914311672
0 0.16423031277862118 0.031161071682652298 0.015325670498084294 0.04315701955137257
0 0.17891741367261862 0.051603870417513 0.008939974457215836 0.024985642898163227
0 0.21020732427287406 0.0004968735803611516 0.028097062579821183 0.02271422081651206
0 0.35324691558832744 0.026618227519349866 0.05108556832694766 0.04769986371467509
0 0.42412814164196727 0.02661822751934996 0.02937420178799491 0.02952848706146556
0 0.5480106448348153 0.05273958145833858 0.026819923371647507 0.027257064979814394
0 0.5480106448348153 0.11747511078539763 0.014048531289910538 0.02952848706146556
0 0.5620591761247259 0.12769651015282807 0.037037037037037014 0.05451412995962879
0 0.5773848466228103 0.16631068554089845 0.021711366538952698 0.040885597469721494
0 0.5588663281042917 0.17426066282667768 0.02043422733077902 0.02952848706146556
0 0.5333235439408179 0.21173912717392235 0.017879948914431672 0.03179990914311673
0 0.6086747572230656 0.20492486092896878 0.01021711366538951 0.0272570649798143
0 0.5288535567122099 0.2855603448275862 0.029374201787994856 0.020442798734860795
0 0.49500936769560716 0.2912389000317142 0.017879948914431672 0.040885597469721494
0 0.4611651786790043 0.21741768237805034 0.037037037037037014 0.06132839620458229
0 0.4528637738258753 0.13905362056108406 0.02554278416347383 0.04088559746972169
0 0.4164653063929251 0.08226806851980416 0.024265644955300154 0.049971285796326086
0 0.4030553447071014 0.06409669186659461 0.02298850574712648 0.04542844163302374
0 0.3704882948986722 0.08794662372393217 0.03959131545338448 0.04769986371467509
0 0.38453682618858287 0.20038201676566642 0.026819923371647507 0.03179990914311673
0 0.35260834598424057 0.195839172602364 0.03192848020434226 0.0272570649798143
0 0.3334512578616352 0.10952513349961844 0.04980842911877393 0.059056974122930934
0 0.29194423359599025 0.12883222119365367 0.01532567049808432 0.04315701955137294
0 0.28044998072242705 0.16744639658172408 0.012771392081736915 0.015899954571558364
0 0.2644857406202559 0.15722499721429367 0.021711366538952698 0.040885597469721494
0 0.2306415516036531 0.17085352970420084 0.02554278416347383 0.049971285796326266
0 0.17061600881948963 0.14132504264273532 0.04597701149425285 0.06359981828623355
0 0.19743593219113714 0.20606057196979438 0.02554278416347383 0.04315701955137267
0 0.16614602159088174 0.24240332527621353 0.02426564495530013 0.04315701955137267
0 0.25746147497530064 0.2299105038271319 0.030651340996168588 0.05905697412293103
0 0.1425189462396684 0.3082745656440982 0.0434227330779055 0.04769986371467514
0 0.20446019783609246 0.3355316306239125 0.02426564495530013 0.05224270787797743
