0 0.119530440492542 0.45932413407390255 0.03320561941251598 0.049971285796326266
0 0.19679736258705027 0.3582458514404245 0.006385696040868458 0.015899954571558364
0 0.22042443793826355 0.39231718266519244 0.0025542784163473777 0.0068142662449535985
0 0.22297871635461095 0.3253102312564821 -0.0025542784163473777 -0.01817137665320953
0 0.19935164100339767 0.2878317669092374 0.0012771392081736754 0.002271422081651168
0 0.22553299477095834 0.3082745656440981 0.0 0.002271422081651263
0 0.17764027446444494 0.2514890136028183 0.011494252873563213 0.034071331224767944
0 0.16550745198679487 0.201517727806492 0.02554278416347383 0.04769986371467509
0 0.21787015952191618 0.14700359784686323 0.017879948914431672 0.03407133122476799
0 0.2702328670570375 0.17766779594915444 0.010217113665389565 0.01817137665320953
0 0.26193146220390856 0.1435964647243865 0.01660280970625794 0.02725706497981449
0 0.30343848646955346 0.16063213033677048 0.020434227330779077 0.04769986371467509
0 0.305354195281814 0.17426066282667768 0.021711366538952698 0.02952848706146556
0 0.3372826754861563 0.15722499721429362 0.02171136653895275 0.04997128579632645
0 0.3609097508373696 0.15381786409181689 0.022988505747126426 0.034071331224767895
0 0.3743197125231933 0.1458678868060377 0.01149425287356324 0.04088559746972159
0 0.37687399093954066 0.09135375684640891 0.03448275862068967 0.0545141299596286
0 0.3047156256777272 0.09476088996888565 0.01532567049808432 0.038614175388070424
0 0.2459672221017374 0.07999664643815298 0.00766283524904216 0.04542844163302374
0 0.23447296922817418 0.07091095811154821 0.005108556832694755 0.013628532489907197
0 0.2280872731873057 0.09589660100971134 0.0025542784163473777 0.018171376653209722
0 0.20893018506470035 0.047061026254210665 0.010217113665389538 0.038614175388070236
0 0.18402597050531339 0.03456820480512905 0.016602809706257996 0.027257064979814394
0 0.1916888057543555 0.027753938560175453 0.021711366538952726 0.02271422081651187
0 0.1770017048603581 0.06636811394824578 0.04597701149425285 0.05451412995962879
0 0.18466454010940023 0.09476088996888576 0.04597701149425288 0.06132839620458229
