0 0.875596851731367 0.32076738709317976 0.2222222222222222 0.49517001379996056
0 0.48159940600978335 0.19583917260236394 0.03703703703703707 0.03179990914311673
0 0.6699774392154028 0.1470035978468633 0.03831417624521069 0.04315701955137276
0 0.5550349104797706 0.13905362056108406 0.015325670498084212 0.009085688326604956
0 0.5384321007735127 0.1924320394798872 0.04597701149425285 0.006814266244953503
0 0.5543963408756838 0.27420323441933026 0.011494252873563187 0.0068142662449535985
0 0.6533746295091448 0.25830327984777185 0.005108556832694809 0.01589995457155832
0 0.6188918708884552 0.26966039025602784 0.02043422733077913 0.024985642898163133
0 0.6489046422805369 0.1935677505207128 0.011494252873563293 0.01817137665320953
0 0.6693388696113158 0.04706102625421066 0.014048531289910645 0.02952848706146556
0 0.677001704860358 0.0652324029074202 0.011494252873563293 0.006814266244953503
0 0.6865802489216608 0.09589660100971124 0.005108556832694702 0.009085688326604861
