0 0.644434655051929 0.08113235747897847 0.02554278416347383 0.05224270787797744
0 0.5818548338514181 0.07318238019319928 0.017879948914431672 0.0681426624495358
0 0.4988407853201282 0.21401054925557353 0.03065134099616864 0.0272570649798143
0 0.5135278862141257 0.2855603448275863 0.003831417624521026 0.015899954571558413
0 0.52885355671221 0.3298530754197846 0.0012771392081737827 0.004542844163302478
0 0.5588663281042917 0.3105459877257493 0.005108556832694702 0.024985642898163133
0 0.5358778223571653 0.3855029164202388 0.012771392081736862 0.024985642898163133
0 0.4752137099689149 0.40253858203262277 0.011494252873563187 0.013628532489907101
0 0.4854308236343044 0.2935103221133654 0.01149425287356324 0.049971285796326356
0 0.4637194570953517 0.2060605719697944 0.0191570881226054 0.06132839620458229
0 0.46499659630352536 0.1572249972142936 0.014048531289910592 0.04542844163302402
0 0.4439237993686595 0.09816802309136251 0.0408684546615581 0.05905697412293112
0 0.4056096231234488 0.13223935431613046 0.028097062579821235 0.06359981828623355
0 0.26767858864069016 0.16176784137759606 0.035759897828863345 0.027257064979814394
0 0.24341294368539002 0.12201795494870006 0.00766283524904216 0.0204427987348607
0 0.16806173040314223 0.07772522435650171 0.015325670498084266 0.045428441633023925
0 0.20318305862791872 0.1924320394798872 0.019157088122605373 0.034071331224767895
0 0.19807450179522398 0.2594389908885975 0.014048531289910618 0.04088559746972154
0 0.24532865249765057 0.4002671599509716 0.016602809706258024 0.022714220816511962
0 0.20701447625243982 0.3696029618486804 0.011494252873563213 0.020442798734860795
0 0.16486888238270803 0.23899619215373671 0.003831417624521053 0.03179990914311668
0 0.1323018325742789 0.03229678272347788 0.02554278416347383 0.05905697412293112
0 0.2753414238897323 0.6512592999734287 0.0408684546615581 0.07495692869448949
