0 0.7319186908118268 0.024346805437698606 0.03192848020434242 0.038614175388070236
0 0.9388152425359646 0.09703231205053683 0.019157088122605345 0.05224270787797743
0 0.9649965963035254 0.10384657829549053 0.017879948914431884 0.0204427987348607
0 0.9566951914503964 0.04592531521338508 0.014048531289910538 0.02271422081651206
0 0.6865802489216608 0.24808188048034147 0.01532567049808432 0.03634275330641902
0 0.5665291633533339 0.035703915845954635 0.035759897828863345 0.015899954571558173
0 0.6099518964312394 0.031161071682652204 0.012771392081736862 0.024985642898163036
0 0.6220847189088894 0.07999664643815298 0.008939974457215836 0.013628532489907006
0 0.619530440492542 0.2003820167656664 0.008939974457215836 0.027257064979814394
0 0.6584831863418396 0.1924320394798872 0.025542784163473723 0.034071331224767895
0 0.6469889334682764 0.2935103221133654 0.01021711366538951 0.045428441633023925
0 0.6584831863418396 0.25830327984777185 0.017879948914431672 0.020442798734860747
0 0.6418803766355816 0.26057470192942306 0.010217113665389618 0.038614175388070375
0 0.6284704149497579 0.30941027668492377 0.021711366538952805 0.03634275330641911
0 0.6182533012843684 0.3866386274610644 0.0063856960408684845 0.013628532489907101
0 0.5550349104797706 0.3684672508078548 0.00766283524904216 0.01817137665320953
0 0.5384321007735127 0.4150314034817043 0.00766283524904216 0.0204427987348607
0 0.532684974336731 0.4127599814000531 0.006385696040868377 0.011357110408255934
0 0.4994793549242151 0.44115275742069304 0.024265644955300154 0.03179990914311673
0 0.4566951914503964 0.4491027347064723 0.010217113665389457 0.020442798734860795
0 0.4049710535193619 0.5002097315436241 0.01149425287356324 0.01817137665320953
0 0.15465176871731848 0.672837809749115 0.014048531289910592 0.03634275330641906
0 0.04354065760620738 0.6546664330959056 0.014048531289910597 0.03634275330641906
0 0.16742316079905542 0.3162245429298774 0.026819923371647507 0.03179990914311678
0 0.2791728415142533 0.008446850866140334 0.04597701149425285 0.038614175388070424
0 0.19871307139931083 0.014125406070268347 0.025542784163473803 0.03634275330641906
0 0.5045879117569099 0.02207538335604753 0.019157088122605345 0.0204427987348607
0 0.46691230511578596 0.04251818209090823 0.0383141762452108 0.03407133122476771
0 0.544817796814381 0.02775393856017545 0.005108556832694809 0.013628532489907197
0 0.5818548338514181 0.07431809123402497 0.02043422733077913 0.015899954571558364
0 0.5556734800838575 0.07318238019319928 0.024265644955300154 0.027257064979814394
0 0.44073095134822526 0.06636811394824578 0.0191570881226054 0.013628532489907388
0 0.37623542133545385 0.11406797766292087 0.02554278416347383 0.027257064979814394
0 0.3570783332128485 0.11066084454044403 0.005108556832694755 0.024985642898163036
0 0.3104627521145088 0.15495357513264246 0.02171136653895275 0.01817137665320953
0 0.321957004988072 0.1663106855408985 0.029374201787994856 0.045428441633023925
0 0.3462226499433721 0.16744639658172408 0.019157088122605345 0.015899954571558364
0 0.2944985120123377 0.17539637386750326 0.015325670498084266 0.03634275330641906
0 0.23128012120773994 0.46273126719637936 0.03959131545338445 0.04315701955137267
0 0.2446900828935637 0.4195742476450067 0.025542784163473803 0.05224270787797752
0 0.30279991686546665 0.4150314034817043 0.008939974457215836 0.024985642898163227
0 0.35899404202510904 0.4820383548904146 0.024265644955300154 0.013628532489907197
0 0.28683567676329547 0.36278869560372684 0.02554278416347383 0.038614175388070326
0 0.29322137280416394 0.3355316306239125 0.020434227330779077 0.024985642898163227
0 0.34111409311067736 0.40821713723675074 0.016602809706257996 0.034071331224767895
0 0.42540528085014095 0.4491027347064723 0.0012771392081736754 0.0068142662449535985
0 0.39858535747849344 0.40935284827757634 0.003831417624521026 0.0045428441633024305
0 0.30918561290633506 0.2446747473578647 0.014048531289910592 0.029528487061465467
0 0.4011396358948408 0.19129632843906164 0.049808429118773985 0.01817137665320953
0 0.5250221390876889 0.14927501992851444 0.016602809706257996 0.03407133122476809
0 0.5856862514759392 0.16290355241842164 0.022988505747126374 0.02952848706146556
0 0.6016504915781103 0.1492750199285145 0.03448275862068967 0.024985642898163133
0 0.619530440492542 0.1356464874386073 0.024265644955300154 0.011357110408256125
0 0.5818548338514182 0.1708535297042008 0.012771392081736862 0.01817137665320953
0 0.5939876563290681 0.17653208490832886 0.016602809706258104 0.024985642898163227
0 0.6144218836598472 0.24694616943951592 0.019157088122605345 0.01135711040825603
0 0.6131447444516736 0.2707961012968534 0.003831417624521026 0.009085688326604814
0 0.5844091122677655 0.3094102766849237 0.01021711366538951 0.022714220816511962
0 0.5633363153328996 0.36278869560372684 0.011494252873563187 0.0068142662449535985
0 0.5384321007735127 0.3900457605835412 0.0025542784163474583 0.01135711040825603
0 0.5231064302754284 0.4048100041142739 0.005108556832694809 0.013628532489907197
0 0.500117924528302 0.3900457605835412 0.01021711366538951 0.01135711040825603
0 0.4815994060097834 0.40708142619592513 0.006385696040868538 0.02271422081651187
0 0.4598880394708306 0.3945886047468436 0.006385696040868431 0.029528487061465467
0 0.45477948263813583 0.4252528028491347 0.01149425287356324 0.0272570649798143
0 0.4471166473890937 0.39231718266519233 0.0063856960408684845 0.015899954571558364
0 0.40305534470710136 0.3786886501752852 0.01532567049808432 0.020442798734860795
0 0.41263388876840407 0.3684672508078548 0.0063856960408684845 0.01817137665320953
0 0.39283823104171184 0.3889100495427155 0.01021711366538951 0.03634275330641916
0 0.3589940420251091 0.3979957378693204 0.00383141762452108 0.013628532489907197
0 0.3634640292537169 0.36619582872620365 0.01021711366538951 0.01817137665320953
0 0.3768739909395407 0.36051727352207563 0.014048531289910592 0.0204427987348607
0 0.3800668389599749 0.3400744747872149 0.022988505747126426 0.024985642898163133
0 0.35069263717198007 0.3332602085422613 0.005108556832694755 0.024985642898163133
0 0.3353669666738958 0.3264459422973077 0.00766283524904216 0.0204427987348607
0 0.33536696667389576 0.277610367541807 0.002554278416347351 0.01817137665320958
0 0.3666568772741512 0.2287747927863063 0.016602809706257996 0.03407133122476799
0 0.3851753957926697 0.26057470192942306 0.01021711366538951 0.029528487061465467
0 0.4215738632256199 0.21287483821474795 0.03192848020434226 0.05224270787797752
0 0.470743722740307 0.18221064011245686 0.005108556832694755 0.013628532489907197
0 0.45414091303404897 0.1981105946840152 0.015325670498084212 0.03179990914311673
0 0.4317909768910094 0.1969748836431896 0.006385696040868431 0.0068142662449535985
0 0.43753810332779103 0.21628197133722477 0.01021711366538951 0.02271422081651187
0 0.46499659630352536 0.21628197133722477 0.00383141762452108 0.004542844163302336
0 0.4637194570953517 0.24808188048034147 0.0191570881226054 0.04088559746972154
0 0.479045127593436 0.2866960558684118 0.0191570881226054 0.022714220816511962
0 0.4764908491770886 0.30600314356244696 -0.0012771392081737292 0.0022714220816511203
0 0.46691230511578596 0.35938156248125 0.015325670498084266 0.03179990914311673
0 0.41965815441335935 0.3298530754197845 0.005108556832694755 0.01817137665320953
0 0.4228510024337936 0.3332602085422613 0.024265644955300102 0.015899954571558364
0 0.5020336333405624 0.3253102312564822 0.011494252873563187 0.01817137665320953
0 0.5282149871081231 0.3639244066445525 0.0 0.0
0 0.5569506192920313 0.3400744747872149 0.03959131545338458 0.04769986371467509
0 0.5397092399816863 0.294646033154191 0.012771392081736862 0.020442798734860747
0 0.5320464047326442 0.288967477950063 0.017879948914431672 0.03179990914311678
0 0.5199135822549942 0.2753389454601558 0.0063856960408684845 0.018171376653209677
0 0.5403478095857731 0.2287747927863063 0.014048531289910645 0.020442798734860795
0 0.5563120496879443 0.22082481550052713 0.012771392081736862 0.013628532489907101
0 0.5709991505819418 0.2866960558684118 0.0063856960408684845 0.009085688326604814
0 0.5346006831489917 0.1981105946840152 0.02554278416347383 0.045428441633023925
0 0.5141664558182125 0.1924320394798872 0.005108556832694702 0.0204427987348607
0 0.6112290356394131 0.31508883188905173 0.01532567049808432 0.03407133122476804
