0 0.27534142388973226 0.6205951018711375 0.06896551724137931 0.07268550661283812
0 0.16359174317453432 0.2991888773174934 0.02171136653895275 0.04315701955137267
0 0.305354195281814 0.31395312084822613 0.024265644955300154 0.049971285796326266
0 0.3992239270825803 0.20492486092896878 0.002554278416347351 0.0045428441633024305
0 0.40944104074796983 0.17312495178585205 0.012771392081736915 0.03634275330641916
0 0.4471166473890937 0.2106034161330968 0.019157088122605345 0.04315701955137267
0 0.48096083640569653 0.22309623758217836 0.01532567049808432 0.004542844163302336
0 0.4930936588833466 0.25716756880694625 0.014048531289910538 0.049971285796326266
0 0.5435406576062073 0.25830327984777185 0.002554278416347351 0.002271422081651168
0 0.5563120496879443 0.2458104583986903 0.035759897828863345 0.018171376653209486
0 0.9566951914503964 0.08681091268310648 0.019157088122605453 0.08631403910274552
0 0.6067590484108051 0.08226806851980414 0.026819923371647507 0.05451412995962879
0 0.5199135822549942 0.07091095811154821 0.011494252873563293 0.013628532489907197
0 0.5058650509650835 0.05273958145833858 0.019157088122605345 0.03179990914311673
0 0.5205521518590809 0.12883222119365367 0.040868454661558154 0.04315701955137294
0 0.5435406576062074 0.1061180003771417 0.022988505747126374 0.03407133122476771
0 0.5844091122677655 0.1220179549487001 0.02298850574712648 0.05224270787797752
0 0.5563120496879443 0.15722499721429367 0.017879948914431672 0.013628532489907101
0 0.5633363153328996 0.16403926345924727 0.008939974457215836 0.0272570649798143
0 0.5729148593942023 0.1969748836431896 0.0076628352490422675 0.020442798734860795
0 0.557589188896118 0.18675348427575925 0.028097062579821183 0.040885597469721494
0 0.5601434673124653 0.2265033707046551 0.002554278416347351 0.002271422081651168
0 0.5320464047326442 0.16858210762254966 0.022988505747126374 0.04088559746972159
0 0.5320464047326442 0.15608928617346812 0.04086845466155804 0.029528487061465467
