0 0.06972201137376803 0.7023662968105806 0.13537675606641122 0.5451412995962869
0 0.11378331405576038 0.2560318577661207 0.011494252873563213 0.02952848706146556
0 0.14443465505192896 0.4025385820326227 0.003831417624521053 0.0
0 0.05120349285524953 0.3184959650115285 0.04980842911877394 0.040885597469721494
0 0.0831319730595918 0.12769651015282796 0.006385696040868458 0.009085688326604861
0 0.16678459119496858 0.20265343884731757 0.012771392081736915 0.03179990914311673
0 0.1955202233788766 0.2730675233785046 0.02171136653895275 0.03179990914311673
0 0.23447296922817418 0.23218192590878312 0.012771392081736915 0.013628532489907197
0 0.2248944251668715 0.18788919531658482 0.02426564495530013 0.024985642898163133
0 0.23128012120773994 0.16176784137759612 0.019157088122605373 0.022714220816511962
0 0.21659302031374247 0.16403926345924727 0.010217113665389538 0.0272570649798143
0 0.18721881852574762 0.16858210762254966 0.017879948914431672 0.045428441633023925
0 0.16614602159088174 0.17880350698998002 0.014048531289910618 0.02952848706146556
0 0.20190591941974503 0.08340377956062973 0.016602809706257996 0.038614175388070236
0 0.21787015952191618 0.09021804580558332 0.010217113665389538 0.015899954571558364
0 0.22425585556278466 0.099303734132188 0.028097062579821183 0.015899954571558378
0 0.25937718378756114 0.050468159376687416 0.014048531289910592 0.03179990914311673
0 0.2670400190366033 0.017532539192745195 0.01660280970625794 0.015899954571558364
0 0.2983299296368587 0.23218192590878312 0.0025542784163474046 0.045428441633023876
0 0.3117398913226825 0.18107492907163125 0.006385696040868431 0.04315701955137267
0 0.31301703053085617 0.14246075368356095 0.0012771392081736754 0.002271422081651168
0 0.18913452733800817 0.0243468054376987 0.03448275862068964 0.04315701955137276
0 0.17061600881948963 0.23786048111291108 0.00766283524904216 0.011357110408255934
0 0.09334908672498132 0.29010318899088866 0.011494252873563213 0.024985642898163133
0 0.11761473168028144 0.3162245429298774 0.00383141762452108 0.004542844163302478
0 0.1674231607990554 0.3025960104399702 0.0012771392081737023 0.03179990914311678
0 0.15976032555001324 0.34916016311381964 0.014048531289910592 0.020442798734860795
0 0.35388548519241425 0.12996793223447925 0.024265644955300154 0.045428441633024105
0 0.35388548519241425 0.10384657829549053 0.019157088122605345 0.02952848706146537
0 0.3583554724210222 0.07999664643815288 0.02043422733077902 0.02271422081651187
0 0.41199531916431725 0.04819673729503624 0.02298850574712648 0.03179990914311673
0 0.44009238174413834 0.07091095811154811 0.007662835249042214 0.05451412995962879
0 0.5301306959203836 0.012989695029442765 0.026819923371647507 0.024985642898163227
0 0.5429020880021206 0.011853983988617086 0.026819923371647507 0.02271422081651187
0 0.46308088749126486 0.17880350698998007 0.022988505747126426 0.04315701955137267
0 0.47138229234439377 0.11520368870374645 0.0191570881226054 0.034071331224767895
0 0.4273209896624015 0.17312495178585205 0.02554278416347378 0.0272570649798143
0 0.44775521699318055 0.21173912717392238 0.012771392081736862 0.045428441633023835
0 0.4196581544133593 0.2401319031945623 0.03575989782886339 0.038614175388070236
0 0.5422635183980337 0.07545380227485055 0.017879948914431672 0.045428441633023925
