0 0.4950093676956071 0.0754538022748506 0.18390804597701152 0.1680852340421886
0 0.6061204788067182 0.1049822893363161 0.002554278416347351 0.009085688326604861
0 0.6450732246560158 0.014125406070268253 0.0038314176245211337 0.01817137665320953
0 0.6629531735704475 0.032296782723477885 0.0012771392081737827 0.004542844163302336
0 0.6559289079254922 0.09476088996888565 0.00766283524904216 0.015899954571558364
0 0.6380489590110606 0.07658951331567623 0.01532567049808432 0.024985642898163227
0 0.64826607267645 0.11066084454044411 0.01021711366538951 0.020442798734860892
0 0.689773096942095 0.1186108218262232 0.0038314176245211337 0.0
0 0.7165930203137425 0.056146714580815334 0.0012771392081737827 0.024985642898163227
0 0.7012673498156582 0.1117965555812697 0.014048531289910645 0.004542844163302336
0 0.6884959577339214 0.13110364327530472 0.014048531289910538 0.015899954571558364
0 0.6821102616930529 0.1515464420101656 0.014048531289910538 0.024985642898163324
0 0.677640274464445 0.17426066282667763 0.01021711366538951 0.024985642898163133
0 0.6865802489216608 0.2367247700720855 0.01021711366538951 0.045428441633023835
0 0.7095687546687872 0.23104621486795754 0.00766283524904216 0.02952848706146556
0 0.661037464758187 0.2855603448275862 0.02554278416347383 0.034071331224767944
