0 0.8085470433022482 0.44228846846151865 0.08556832694763733 0.06587124036788472
0 0.5761077074146366 0.44683131262482106 0.024265644955300154 0.04315701955137276
0 0.644434655051929 0.435474202216565 0.05874840357598982 0.09767114951100135
0 0.6629531735704475 0.4809026438495889 0.031928480204342205 0.038614175388070236
0 0.507780759777344 0.4956668873803217 0.06641123882503198 0.0408855974697214
0 0.39858535747849344 0.5501810173399505 0.03448275862068967 0.027257064979814203
0 0.47329800115665444 0.47522408864546095 0.025542784163473886 0.02271422081651187
0 0.4573337610544832 0.36392440664455245 0.026819923371647507 0.040885597469721494
0 0.3379212450902431 0.47635979968628656 0.022988505747126426 0.01589995457155827
0 0.3724040037109328 0.5240596634009617 0.02043422733077902 0.034071331224767895
0 0.26767858864069016 0.36278869560372684 0.06385696040868458 0.06587124036788472
0 0.22936441239547942 0.47408837760463535 0.0434227330779055 0.05678555204127977
0 0.19168880575435554 0.545638173176648 0.03448275862068964 0.05905697412293122
0 0.18211026169305283 0.6421736116468238 0.025542784163473803 0.03407133122476799
0 0.054396340875683756 0.5024811536252753 0.03065134099616858 0.0545141299596286
