0 0.25937718378756114 0.32076738709317976 0.0063856960408684845 0.03634275330641906
0 0.2951370816164245 0.25603185776612064 0.03192848020434226 0.024985642898163178
0 0.3883682438131039 0.13451077639778167 0.019157088122605345 0.04088559746972159
0 0.3538854851924143 0.22763908174548075 0.031928480204342316 0.045428441633023835
0 0.4081639015397961 0.22423194862300394 0.01021711366538951 0.034071331224767895
0 0.4343452553073568 0.17198924074502647 0.024265644955300154 0.038614175388070326
0 0.46308088749126486 0.16403926345924727 0.012771392081736915 0.018171376653209628
0 0.48926224125882556 0.26284612401107427 -0.003831417624521026 0.07949977285779182
0 0.5039493421528229 0.31849596501152855 0.005108556832694809 -0.009085688326604766
0 0.4994793549242151 0.23218192590878312 0.008939974457215836 0.02271422081651187
0 0.5141664558182126 0.16858210762254966 0.01532567049808432 0.02271422081651187
0 0.5199135822549942 0.1288322211936537 0.024265644955300154 0.03407133122476799
0 0.5486492144389021 0.018668250233570684 0.028097062579821183 0.0408855974697214
0 0.5793005554350708 0.0856752016422809 0.012771392081736862 0.020442798734860892
0 0.5984576435576761 0.12315366598952568 0.02043422733077902 0.049971285796326356
0 0.5665291633533338 0.16971781866337526 0.028097062579821183 -0.002271422081651168
0 0.5588663281042917 0.20492486092896878 0.002554278416347351 0.0045428441633024305
0 0.5377935311694257 0.1594964192959449 0.011494252873563187 0.027257064979814394
0 0.5320464047326442 0.19016061739823603 0.02043422733077902 0.015899954571558364
0 0.5435406576062074 0.2037891498881432 0.04086845466155804 0.038614175388070326
0 0.5301306959203836 0.2548961467252951 0.019157088122605345 0.03179990914311673
0 0.5422635183980338 0.2140105492555736 0.022988505747126374 0.01817137665320953
