0 0.6891345273380082 0.11747511078539773 0.0434227330779055 0.024985642898163036
0 0.6099518964312394 0.09362517892806009 0.02554278416347383 0.027257064979814217
0 0.8021613472613798 0.09703231205053692 0.014048531289910645 0.024985642898163227
0 0.7964142208245982 0.06636811394824578 0.00766283524904216 0.013628532489907388
0 0.7932213728041639 0.04024676000925707 0.006385696040868377 0.01135711040825603
0 0.677001704860358 0.020939672315221945 0.006385696040868377 0.01817137665320953
0 0.5409863791898599 0.037975337927605796 0.01021711366538951 0.011357110408255839
0 0.47840655798934917 0.17312495178585205 0.015325670498084374 0.018171376653209628
0 0.34111409311067736 0.09589660100971124 0.0063856960408684845 0.009085688326604861
0 0.35580119400467475 0.07772522435650171 0.010217113665389618 0.027257064979814203
0 0.5262992782958625 0.15041073096934007 0.03448275862068967 0.0045428441633024305
0 0.17955598327670547 0.024346805437698696 0.02043422733077905 0.024985642898163036
0 0.4081639015397961 0.1061180003771417 0.012771392081736969 0.01135711040825603
