0 0.40688676233162246 0.4252528028491347 0.2068965517241379 0.23168505232842188
0 0.5607820369165523 0.4400170463798675 0.016602809706257996 0.038614175388070326
0 0.5148050254222994 0.1504107309693401 0.04214559386973172 0.049971285796326356
0 0.5595048977083785 0.10952513349961854 0.037037037037037014 0.0408855974697214
0 0.5722762897901155 0.139053620561084 0.008939974457215942 0.03179990914311692
0 0.5633363153328996 0.2446747473578647 0.026819923371647614 0.056785552041279864
0 0.5939876563290682 0.2174176823780504 0.03448275862068956 0.038614175388070326
0 0.6399646678233211 0.15041073096934013 0.0012771392081736754 0.0
0 0.6399646678233211 0.18107492907163122 0.016602809706257996 0.038614175388070326
0 0.6495432118846237 0.22536765966382954 0.022988505747126374 0.06814266244953579
0 0.5614206065206392 0.30146029939914454 0.02554278416347383 0.056785552041279864
0 0.5288535567122099 0.271931812337679 0.011494252873563187 0.034071331224767944
0 0.6201690100966288 0.1254250880711768 0.002554278416347351 0.013628532489907197
0 0.6156990228680209 0.08908233476475784 0.003831417624521026 0.03179990914311673
0 0.6482660726764501 0.020939672315221945 0.00766283524904216 0.01817137665320953
0 0.6655074519867948 0.17993921803080565 0.014048531289910645 0.045428441633023835
0 0.6993516410033978 0.1969748836431896 0.012771392081736862 0.024985642898163133
0 0.6993516410033976 0.21968910445970158 0.02043422733077913 0.020442798734860795
0 0.6929659449625293 0.17539637386750329 0.0 0.004542844163302336
0 0.5959033651413287 0.06977524707072254 0.022988505747126374 0.04315701955137257
0 0.6022890611821972 0.02207538335604753 0.01021711366538951 0.015899954571558364
0 0.9145495975806646 0.057282425621641014 -0.014048531289910538 -0.013628532489907197
