0 0.4905393804669992 0.08908233476475784 0.02171136653895275 0.03179990914311673
0 0.4503094954095279 0.05273958145833858 0.04597701149425291 0.09994257159265253
0 0.41518816718475143 0.07545380227485055 0.014048531289910592 -0.013628532489907197
0 0.3002456384491193 0.05841813666246659 0.029374201787994856 0.07495692869448949
0 0.355162624400588 0.1435964647243865 0.02937420178799491 0.03634275330641916
0 0.3455840803392853 0.0993037341321882 0.022988505747126426 0.05224270787797743
0 0.27534142388973226 0.13791790952025845 0.030651340996168532 0.05224270787797752
0 0.21148446348104774 0.12996793223447928 0.040868454661558126 0.05905697412293122
0 0.26576287982842967 0.2083319940514456 0.00383141762452108 0.006814266244953503
0 0.2561843357671269 0.1197465328670489 0.030651340996168612 0.06587124036788482
0 0.2638471710161691 0.26057470192942306 0.00766283524904216 0.020442798734860795
0 0.2740642846815586 0.20946770509227117 0.01532567049808432 0.03634275330641906
0 0.2153158811055688 0.2435390363170391 0.022988505747126426 0.05451412995962869
0 0.1801945528807923 0.3457530299913429 0.03703703703703704 0.05905697412293103
0 0.21850872912600303 0.3855029164202388 0.019157088122605373 0.020442798734860795
0 0.0761077074146365 0.26398183505189987 0.02043422733077905 0.05905697412293117
0 0.495647937299694 0.4740883776046354 0.011494252873563187 0.03407133122476799
