0 0.8653797380659775 0.02207538335604744 0.05874840357598971 0.0749569286944893
0 0.5582277585002049 0.34121018582804047 0.021711366538952698 0.040885597469721494
0 0.5754691378105496 0.4297956470124371 0.012771392081736862 0.049971285796326266
0 0.5250221390876889 0.43206706909408826 0.021711366538952698 0.049971285796326266
0 0.49245508927925974 0.42070995868583233 0.022988505747126534 0.045428441633023925
0 0.47265943155256757 0.45250986782894903 0.008939974457215836 0.022714220816511962
0 0.37431971252319335 0.167446396581724 0.024265644955300102 0.06587124036788482
0 0.1884959577339213 0.551316728380776 0.00766283524904216 0.0204427987348607
0 0.1929659449625292 0.5887951927280208 0.03192848020434226 0.06359981828623355
0 0.37048829489867224 0.4956668873803217 0.019157088122605345 0.0408855974697214
