0 0.15656747752957903 0.21287483821474795 0.01021711366538951 0.011357110408255934
0 0.1744474264440107 0.13451077639778172 0.01021711366538951 0.0272570649798143
0 0.1942430841707029 0.20719628301061999 0.019157088122605373 0.03634275330641906
0 0.26320860141208224 0.2514890136028183 -0.008939974457215836 0.002271422081651263
0 0.23128012120773994 0.294646033154191 0.0012771392081737023 0.0022714220816511203
0 0.22617156437504518 0.30827456564409816 0.008939974457215836 0.034071331224767944
0 0.1578446167377527 0.30827456564409816 0.02043422733077905 0.024985642898163133
0 0.12719327574158415 0.317360253970703 0.030651340996168598 0.02952848706146561
0 0.11186760524349984 0.2844246337867606 0.025542784163473845 0.03634275330641921
0 0.10165049157811032 0.17880350698998002 0.012771392081736915 0.02952848706146556
0 0.06461345454107327 0.20151772780649202 0.010217113665389532 0.038614175388070326
0 0.08824052989228656 0.3355316306239125 0.008939974457215836 0.02952848706146556
0 0.10356620039037084 0.3684672508078548 0.008939974457215848 0.03179990914311673
0 0.2574614749753006 0.18221064011245683 0.0025542784163474046 0.009085688326604766
0 0.2612928925998217 0.12769651015282807 0.017879948914431672 0.05451412995962879
0 0.28491996795103497 0.07318238019319938 0.014048531289910592 0.02271422081651187
0 0.30471562567772714 0.05728242562164092 0.012771392081736862 0.03634275330641906
0 0.3417526627147642 0.04251818209090823 0.01021711366538951 0.03407133122476771
0 0.3800668389599749 0.051603870417513 0.022988505747126426 0.034071331224767895
0 0.4113567495602304 0.020939672315221945 0.008939974457215836 0.04088559746972159
0 0.4215738632256199 0.06750382498907137 0.016602809706257996 0.034071331224767895
0 0.400501066290754 0.07772522435650171 0.015325670498084266 0.01817137665320953
0 0.3953925094580592 0.12996793223447925 0.0025542784163474046 0.004542844163302336
0 0.2747028542856454 0.019803961274396265 0.037037037037037014 0.056785552041279955
0 0.22872584279139258 0.019803961274396268 0.04214559386973182 0.038614175388070236
0 0.18530310971348707 0.057282425621641014 0.029374201787994884 0.045428441633023925
0 0.23000298199956626 0.04819673729503625 0.024265644955300154 0.03634275330641906
0 0.24341294368539002 0.07772522435650171 0.01532567049808432 0.045428441633023925
0 0.23000298199956623 0.1935677505207128 0.011494252873563213 0.027257064979814394
0 0.40944104074796983 0.1356464874386072 0.012771392081736915 0.024985642898163324
0 0.4803222668016097 0.05160387041751309 0.014048531289910645 0.04315701955137276
0 0.4726594315525675 0.024346805437698696 0.0191570881226054 0.02952848706146537
0 0.35260834598424057 -0.002910259542115696 0.02171136653895275 0.015899954571558364
0 0.5422635183980338 0.04138247105008265 0.022988505747126374 0.04088559746972159
0 0.5690834417696813 0.05955384770329218 0.015325670498084427 0.04088559746972159
0 0.5531192016675102 0.09703231205053692 0.008939974457215836 0.06132839620458229
0 0.4605266090749175 0.17312495178585205 0.017879948914431672 0.05451412995962869
0 0.44073095134822526 0.1572249972142937 0.014048531289910592 0.022714220816511962
0 0.41263388876840407 0.16971781866337526 0.024265644955300154 0.034071331224767895
0 0.36474116846189064 0.21514626029639916 0.012771392081736915 0.04315701955137276
0 0.371765434106846 0.25603185776612064 0.016602809706257996 0.024985642898163178
