0 0.04545636641846792 0.28215321170510943 0.030651340996168588 0.10448541575595496
0 0.5837705426636787 0.22877479278630639 0.05491698595146869 0.04769986371467509
0 0.8149327393431167 0.06977524707072263 0.04980842911877388 0.04769986371467509
0 0.8449455107351984 0.08908233476475784 0.05874840357598971 0.06359981828623346
0 0.8896453830212776 0.09362517892806017 0.05874840357598982 0.11357110408255991
0 0.8251498530085062 0.31508883188905173 0.1034482758620689 0.07949977285779182
0 0.7089301850647004 0.36051727352207563 0.044699872286079176 0.04315701955137276
0 0.5633363153328995 0.497938309461973 0.019157088122605345 0.01817137665320953
0 0.5480106448348153 0.5002097315436241 0.026819923371647507 0.02271422081651187
0 0.4764908491770886 0.534281062768392 0.04214559386973182 0.0272570649798143
0 0.346861219547459 0.5922023258504976 0.06641123882503193 0.024985642898163227
0 0.23191869081182678 0.6251379460344401 0.01277139208173689 0.013628532489907101
0 0.22425585556278463 0.6410379006059983 0.017879948914431672 0.027257064979814394
0 0.13677181980288683 0.6864663422390221 0.016602809706257996 0.018171376653209722
0 0.17636313525627126 0.6376307674835217 0.026819923371647507 0.03861417538807014
