0 0.10931332682715247 0.039111048968431386 0.010217113665389538 0.03179990914311673
0 0.15082035109279743 0.04138247105008265 0.011494252873563213 0.013628532489907197
0 0.1801945528807923 0.08681091268310648 0.006385696040868458 0.03179990914311673
0 0.12910898455384467 0.14473217576521208 0.014048531289910618 0.024985642898163324
0 0.12463899732523677 0.11406797766292087 0.010217113665389538 0.03179990914311673
0 0.09781907395358924 0.1129322666220953 0.017879948914431672 0.02952848706146556
0 0.102927630786284 0.15722499721429373 0.04597701149425288 0.03179990914311673
0 0.383898256584496 0.19356775052071284 0.0025542784163474046 0.009085688326604766
0 0.4579723306585701 0.16744639658172408 0.015325670498084266 0.04769986371467509
0 0.44073095134822526 0.20378914988814315 0.03192848020434226 0.04769986371467509
0 0.5505649232511627 0.18788919531658482 0.014048531289910645 0.05224270787797752
0 0.5799391250391576 0.26171041297024866 0.021711366538952698 0.0272570649798143
0 0.5211907214631679 0.35256729623629646 0.016602809706257996 0.03179990914311673
0 0.5377935311694257 0.39572431578766915 0.008939974457215836 0.03634275330641916
0 0.722978716354611 0.1356464874386073 0.011494252873563187 0.043157019551372855
0 0.6833874009012266 0.19924630572484078 0.021711366538952698 0.056785552041279864
0 0.6527360599050579 0.07431809123402497 0.011494252873563187 0.0204427987348607
