0 0.7236172859586978 0.10952513349961848 0.035759897828863345 0.06814266244953608
0 0.16359174317453434 0.5104311309110545 0.044699872286079176 0.06132839620458229
0 0.12080757970071568 0.2514890136028183 0.010217113665389538 0.020442798734860795
0 0.11953044049254198 0.2707961012968535 0.00766283524904216 0.013628532489907197
0 0.1520974903009711 0.28215321170510943 0.02426564495530013 0.013628532489907197
0 0.41391102797657775 0.17539637386750326 0.01149425287356324 0.027257064979814394
0 0.42029672401744617 0.17198924074502642 0.019157088122605345 0.015899954571558364
0 0.6693388696113161 0.060689558744117765 0.0063856960408684845 0.04769986371467509
0 0.6961587929829636 0.1583607082551193 0.0012771392081737827 0.002271422081651168
0 0.5678063025615074 0.0924894678872345 0.028097062579821183 0.03407133122476809
