0 0.18785738812983446 0.2503533025619927 0.03192848020434226 0.022714220816511962
0 0.19105023615026867 0.2798817896234582 0.04597701149425288 0.03634275330641906
0 0.16359174317453434 0.2514890136028183 0.019157088122605373 0.011357110408255934
0 0.15529033832140535 0.2651175460927255 0.03831417624521072 0.02952848706146561
0 0.16423031277862116 0.29237461107253987 0.025542784163473803 0.024985642898163133
0 0.14251894623966843 0.29464603315419097 0.025542784163473803 0.024985642898163133
0 0.1252775669293236 0.3400744747872149 0.02426564495530013 0.03407133122476799
0 0.23511153883226102 0.30486743252162135 0.016602809706257996 0.03179990914311673
0 0.30216134726137983 0.3866386274610644 0.03320561941251594 0.040885597469721494
0 0.3270655618207668 0.41275998140005316 0.024265644955300154 0.024985642898163133
0 0.367295446878238 0.4241170918083091 0.0 0.002271422081651168
0 0.41454959758066456 0.3412101858280405 0.007662835249042106 0.013628532489907197
0 0.07355342899828912 0.4456956015839954 0.02298850574712644 0.022714220816511962
0 0.11569902286802092 0.47295266656380985 0.035759897828863366 0.040885597469721494
