0 0.24596722210173738 0.22196052654135276 0.012771392081736915 0.015899954571558364
0 0.23511153883226102 0.1822106401124568 0.014048531289910618 0.0045428441633024305
0 0.27661856309790595 0.18561777323493361 0.0025542784163474046 0.002271422081651168
0 0.23447296922817418 0.12428937703035123 0.012771392081736915 0.0204427987348607
0 0.2670400190366033 0.09021804580558332 0.0012771392081737292 0.006814266244953694
0 0.31684844815537727 0.08226806851980414 0.00383141762452108 0.009085688326604672
0 0.4056096231234488 0.10157515621383935 0.012771392081736915 0.006814266244953694
0 0.4285981288705752 0.1390536205610841 0.012771392081736915 0.02271422081651206
0 0.4317909768910093 0.1992463057248408 0.008939974457215782 0.0204427987348607
0 0.4547794826381359 0.16971781866337524 0.008939974457215836 0.015899954571558364
0 0.5160821646304731 0.08340377956062972 0.003831417624521026 0.024985642898163227
0 0.512250747005952 0.08794662372393217 0.0063856960408684845 0.01135711040825603
0 0.5103350381936914 0.1447321757652121 0.01021711366538951 0.015899954571558364
0 0.5678063025615074 0.07772522435650171 0.028097062579821183 0.045428441633023925
0 0.43051383768283574 0.07431809123402497 0.016602809706257996 0.024985642898163036
