0 0.5352392527530784 0.00731113982531475 0.05236270753512134 0.013628532489907197
0 0.6725317176317501 0.0175325391927451 0.028097062579821183 0.024985642898163227
0 0.7204244379382635 0.020939672315221945 0.008939974457215836 0.013628532489907197
0 0.7197858683341767 0.04478960417255949 0.02554278416347383 0.034071331224767895
0 0.7644857406202559 0.09589660100971134 0.002554278416347351 0.004542844163302336
0 0.6929659449625293 0.13564648743860735 0.017879948914431672 0.02952848706146556
0 0.7070144762524398 0.1526821530509913 0.012771392081736862 0.01817137665320953
0 0.7006287802115713 0.2265033707046551 0.005108556832694809 0.02952848706146556
0 0.6591217559459265 0.16063213033677043 0.03448275862068967 0.061328396204582386
0 0.7038216282320057 0.12769651015282812 0.008939974457215836 0.02725706497981449
0 0.7427743740813031 0.1288322211936537 0.017879948914431672 0.029528487061465658
