0 0.43498382491144366 0.0720466691523737 0.02043422733077902 0.024985642898163227
0 0.4528637738258753 0.08794662372393205 0.01532567049808432 0.024985642898163227
0 0.4701051531362201 0.0993037341321882 0.016602809706258048 0.0204427987348607
0 0.5071421901732572 0.04592531521338508 0.011494252873563293 0.03179990914311673
0 0.5377935311694257 0.06863953602989695 0.008939974457215836 0.018171376653209722
0 0.520552151859081 0.1061180003771417 0.00766283524904216 0.015899954571558364
0 0.49245508927925974 0.13791790952025845 0.01021711366538951 0.011357110408256125
0 0.46499659630352536 0.15495357513264246 0.006385696040868538 0.013628532489907197
0 0.5505649232511627 0.15495357513264252 0.014048531289910645 0.0272570649798143
0 0.5895176691004602 0.1265607991120025 0.0076628352490422675 0.020442798734860892
0 0.5824934034555049 0.10043944517301369 0.008939974457215836 0.013628532489907018
0 0.5895176691004602 0.04365389313173382 0.017879948914431672 0.03179990914311654
0 0.6399646678233211 0.14586788680603766 0.011494252873563293 0.02725706497981449
0 0.6259161365334105 0.18561777323493361 0.014048531289910538 0.0204427987348607
