0 0.17955598327670547 0.4547812899106003 0.053639846743295014 0.06814266244953589
0 0.3826211173763223 0.028889649601001034 0.07151979565772669 0.04769986371467509
0 0.6552903383214053 0.02661822751934996 0.029374201787994856 0.02952848706146556
0 0.6718931480276634 0.014125406070268349 0.024265644955300154 0.02271422081651206
0 0.6827488312971397 0.012989695029442763 0.02554278416347383 0.02952848706146556
0 0.7019059194197451 0.02321109439687302 0.01532567049808432 0.03179990914311673
0 0.6878573881298344 0.12428937703035131 0.01021711366538951 0.024985642898163227
0 0.7217015771464372 0.15268215305099125 0.006385696040868377 0.04542844163302402
0 0.7261715643750452 0.07772522435650171 0.01021711366538951 0.045428441633023925
0 0.7549071965589532 0.04365389313173382 0.0063856960408684845 0.03179990914311654
0 0.7389429564567821 0.057282425621641014 0.02043422733077902 0.02271422081651187
0 0.6967973625870503 0.1606321303367704 0.02043422733077902 0.04315701955137295
0 0.6910502361502687 0.20265343884731757 0.014048531289910538 0.03179990914311673
