0 0.3462226499433721 0.20946770509227122 0.070242656449553 0.08631403910274542
0 0.09845764355767608 0.18561777323493367 0.00383141762452108 0.0068142662449535985
0 0.05950489770837852 0.2935103221133654 0.03320561941251597 0.045428441633023925
0 0.057589188896117985 0.29578174419501657 0.02426564495530013 0.01817137665320958
0 0.14251894623966843 0.24694616943951592 0.0025542784163473777 0.01135711040825603
0 0.27917284151425337 0.3491601631138197 0.017879948914431672 0.034071331224767853
0 0.5096964685896046 0.17539637386750329 0.014048531289910538 0.01817137665320953
0 0.46371945709535173 0.24013190319456232 0.008939974457215836 0.0204427987348607
0 0.4975636461119545 0.2594389908885975 0.01532567049808432 0.04088559746972154
0 0.487346532446565 0.3116816987665749 0.012771392081737023 0.009085688326604861
0 0.7651243102243428 0.463866978237205 0.08812260536398468 0.07268550661283812
