0 0.2561843357671269 0.1288322211936537 0.017879948914431617 0.024985642898163324
0 0.2951370816164245 0.18107492907163128 -0.00383141762452108 -0.015899954571558364
0 0.2715100062652112 0.1697178186633753 0.022988505747126426 0.038614175388070326
0 0.25746147497530064 0.25943899088859745 0.02554278416347378 0.022714220816511962
0 0.260015753391648 0.3798243612161108 0.012771392081736862 0.022714220816511962
0 0.35133120677606694 0.22763908174548073 0.02171136653895275 0.040885597469721494
0 0.3609097508373696 0.16063213033677048 0.02554278416347378 0.02952848706146556
0 0.4554180522422227 0.2276390817454807 0.035759897828863345 0.05451412995962865
0 0.2504372093303453 0.33553163062391256 0.06002554278416353 0.06132839620458225
0 0.2376658172486084 0.34802445207299404 0.006385696040868458 0.0045428441633024305
