0 0.8002456384491192 0.3889100495427156 0.3959131545338441 0.47245579298344853
0 0.07355342899828911 0.5070239977885778 -0.020434227330779063 -0.004542844163302336
0 0.5020336333405625 0.1890249063574104 0.03448275862068956 0.0272570649798143
0 0.7025444890238319 0.1424607536835609 0.0651340996168583 0.061328396204582386
0 0.6489046422805369 0.12996793223447928 0.044699872286079176 0.022714220816512153
0 0.6035662003903709 0.10043944517301377 0.03320561941251599 0.04088559746972159
0 0.5856862514759392 0.07999664643815298 0.06641123882503198 0.04542844163302374
0 0.5320464047326441 0.3730100949711572 0.01021711366538951 0.013628532489907197
0 0.5537577712715969 0.29123890003171415 0.02043422733077902 0.03634275330641916
0 0.5262992782958625 0.2787460785826327 0.029374201787994856 0.02952848706146561
0 0.454140913034049 0.16631068554089845 0.022988505747126426 0.022714220816511962
0 0.34686121954745897 0.2639818350518998 0.022988505747126426 0.01817137665320958
