0 0.6993516410033976 0.08794662372393217 0.01021711366538951 0.015899954571558364
0 0.7191472987300899 0.11520368870374645 0.014048531289910645 0.034071331224767895
0 0.7287258427913926 0.17993921803080565 0.005108556832694702 0.013628532489907101
0 0.7523529181426059 0.212874838214748 0.014048531289910538 0.015899954571558364
0 0.7134001722933082 0.19129632843906164 0.012771392081736969 0.01817137665320953
0 0.6469889334682765 0.0924894678872345 0.01532567049808432 0.015899954571558364
0 0.677001704860358 0.07658951331567614 0.019157088122605345 0.02952848706146537
0 0.7791728415142534 0.14132504264273532 0.024265644955300154 0.031799909143116825
0 0.7842813983469481 0.07431809123402497 0.006385696040868377 0.015899954571558364
0 0.7625700318079954 0.08226806851980414 0.0012771392081736754 0.02271422081651206
0 0.7357501084363479 0.06523240290742019 0.014048531289910538 0.02952848706146556
0 0.7363886780404347 0.0447896041725594 0.002554278416347351 0.01135711040825603
0 0.7165930203137425 0.06296098082576893 0.024265644955300154 0.04769986371467509
0 0.7504372093303453 0.028889649601001034 0.017879948914431672 0.02952848706146537
0 0.7331958300200004 0.032296782723477885 0.016602809706257996 0.03179990914311673
