0 0.18658024892166075 0.6592092772592079 0.06002554278416347 0.040885597469721494
0 0.3724040037109328 0.07999664643815298 0.0408684546615581 0.04542844163302374
0 0.2549071965589532 0.6455807447693007 0.035759897828863366 0.01817137665320953
0 0.16933886961131592 0.36392440664455245 0.04342273307790547 0.08177119493944308
0 0.73128012120774 0.1992463057248408 0.022988505747126374 0.034071331224767895
0 0.7031830586279187 0.22536765966382957 0.04853128991060031 0.05451412995962869
0 0.6904116665461819 0.2151462602963991 0.030651340996168532 0.07041408453118705
0 0.6616760343622738 0.1833463511532824 0.031928480204342205 0.056785552041279864
0 0.6393260982192343 0.13678219847943288 0.02554278416347383 0.08631403910274542
0 0.4899008108629124 0.12315366598952573 0.03320561941251599 0.05451412995962879
0 0.4324295464950963 0.1186108218262232 0.015325670498084266 0.03179990914311673
0 0.39539250945805926 0.10157515621383936 0.03320561941251594 0.04769986371467509
0 0.45030949540952797 0.294646033154191 0.030651340996168588 0.034071331224767895
