0 0.09079480830863394 0.11066084454044403 0.014048531289910592 0.015899954571558364
0 0.06525202414516013 0.2174176823780504 0.01149425287356322 0.056785552041279864
0 0.08696339068411288 0.23672477007208553 0.034482758620689655 0.03179990914311673
0 0.16231460396636063 0.17993921803080565 0.011494252873563213 0.022714220816511962
0 0.1578446167377527 0.1333750653569561 0.030651340996168588 0.04315701955137276
0 0.15273605990505795 0.07886093539732739 0.022988505747126426 0.02952848706146556
0 0.1999902106074845 0.015261117111093837 0.012771392081736915 0.015899954571558364
0 0.19615879298296343 0.11633939974457214 0.010217113665389538 0.02271422081651187
0 0.19743593219113714 0.13223935431613054 0.017879948914431672 0.022714220816511962
0 0.23958152606086897 0.11633939974457204 0.010217113665389565 0.03179990914311673
0 0.13421754138653944 0.184482062194108 0.016602809706257996 0.009085688326604861
0 0.15018178148871056 0.25035330256199273 0.022988505747126426 0.0272570649798143
0 0.15656747752957903 0.30713885460327256 0.030651340996168588 0.03634275330641916
0 0.1827488312971397 0.32303880917483097 0.021711366538952726 0.03634275330641911
0 0.22042443793826358 0.32758165333813327 0.015325670498084294 0.03634275330641906
0 0.33728267548615626 0.17426066282667768 0.019157088122605345 0.04769986371467509
0 0.37751256054362753 0.2151462602963992 0.020434227330779077 0.04769986371467509
0 0.39539250945805926 0.22309623758217834 0.015325670498084266 0.03179990914311673
0 0.45541805224222265 0.24013190319456232 0.022988505747126426 0.04769986371467509
0 0.46627373551169904 0.2367247700720855 0.026819923371647507 0.045428441633023835
0 0.5020336333405625 0.22763908174548073 0.0063856960408684845 0.018171376653209628
0 0.5090578989855178 0.21968910445970158 0.01532567049808432 0.03407133122476799
0 0.6240004277211499 0.0447896041725594 0.012771392081736969 0.015899954571558364
0 0.6406032374274079 0.24921759152116707 0.02043422733077902 0.02952848706146556
0 0.5186364430468205 0.27533894546015586 0.024265644955300154 0.022714220816511962
0 0.4688280139280464 0.271931812337679 0.01149425287356324 0.034071331224767944
0 0.4860693932383913 0.3253102312564821 0.03320561941251605 0.04088559746972145
0 0.5065036205691703 0.3514315851954709 0.02043422733077902 0.02952848706146556
0 0.44392379936865944 0.2878317669092374 0.02554278416347383 0.04769986371467509
0 0.5135278862141257 0.382095783297762 0.014048531289910645 0.040885597469721494
