0 0.14124180703149475 0.09476088996888576 0.017879948914431672 0.02952848706146556
0 0.19488165377478978 0.22196052654135273 0.020434227330779077 0.020442798734860795
0 0.18785738812983446 0.13451077639778172 0.016602809706257996 0.04542844163302402
0 0.22681013397913202 0.21855339341887597 0.02043422733077905 0.05451412995962869
0 0.2389429564567821 0.2707961012968535 0.0063856960408684845 0.013628532489907197
0 0.25873861418347427 0.22650337070465515 0.0025542784163474046 0.011357110408255934
0 0.2740642846815586 0.11633939974457204 0.002554278416347351 0.013628532489907006
0 0.28555853755512184 0.15836070825511928 0.012771392081736915 0.024985642898163133
0 0.3200412961758115 0.11520368870374645 0.010217113665389565 0.034071331224767895
0 0.31365560013494304 0.1969748836431896 0.01532567049808432 0.024985642898163133
0 0.39283823104171184 0.10838942245879296 0.005108556832694755 0.006814266244953503
0 0.4049710535193619 0.14813930888768892 0.01149425287356324 0.013628532489907101
0 0.3877296742090171 0.18221064011245686 0.010217113665389565 0.013628532489907197
0 0.37559685173136703 0.21855339341887592 0.0063856960408684845 0.013628532489907197
0 0.37048829489867224 0.2367247700720855 0.024265644955300102 0.018171376653209628
0 0.442008090556399 0.24240332527621347 0.016602809706257996 0.02952848706146556
0 0.5397092399816863 0.11066084454044403 0.02554278416347383 0.038614175388070424
0 0.5914333779127208 0.1924320394798872 0.01660280970625789 0.024985642898163227
0 0.3851753957926697 0.27420323441933026 0.0 0.0068142662449535985
0 0.3647411684618907 0.26171041297024866 0.015325670498084266 0.022714220816511962
0 0.32706556182076674 0.2367247700720855 0.03959131545338437 0.022714220816511962
0 0.512250747005952 0.3321244975014357 0.0063856960408684845 0.013628532489907101
