0 0.5971805043495024 0.19470346156153837 -0.002554278416347351 0.02952848706146556
0 0.5524806320634232 0.2344533479904343 0.0 0.0
0 0.557589188896118 0.1969748836431896 0.01021711366538951 0.011357110408255934
0 0.557589188896118 0.1515464420101656 0.002554278416347351 0.024985642898163324
0 0.5499263536470758 0.14359646472438653 0.01021711366538951 0.013628532489907197
0 0.586324821080026 0.12656079911200238 0.006385696040868377 0.015899954571558364
0 0.599096213161763 0.13791790952025848 0.008939974457215836 0.01589995457155846
0 0.6169761620761947 0.13678219847943293 0.0038314176245211337 0.03179990914311673
0 0.6252775669293237 0.12201795494870006 0.005108556832694917 0.0204427987348607
0 0.8353669666738957 0.030025360641826617 0.04725415070242653 0.013628532489907197
0 0.9292366984746621 0.024346805437698696 0.01021711366538951 0.02952848706146537
0 0.9586109002626569 0.050468159376687416 0.012771392081736862 0.02271422081651206
0 0.9483937865972674 0.08908233476475774 0.0 0.02271422081651187
0 0.6916888057543555 0.2526247246436439 0.017879948914431672 0.018171376653209628
0 0.6610374647581869 0.27647465650098146 0.005108556832694809 0.024985642898163133
0 0.6329404021783657 0.2140105492555736 0.002554278416347351 0.01817137665320953
0 0.6271932757415842 0.24467474735786468 0.0063856960408684845 0.020442798734860747
0 0.6418803766355816 0.2764746565009814 0.0 0.002271422081651263
0 0.6182533012843684 0.17539637386750323 0.0063856960408684845 0.022714220816511962
0 0.5607820369165522 0.30486743252162135 0.0012771392081736754 0.004542844163302336
0 0.5243835694836021 0.3128174098074005 0.0 0.002271422081651168
0 0.5262992782958626 0.2844246337867606 0.008939974457215836 0.022714220816511962
0 0.49117795007108606 0.2901031889908886 0.0 0.0022714220816512152
0 0.5103350381936915 0.23445334799043427 0.00766283524904216 0.03179990914311673
0 0.5326849743367311 0.21514626029639913 0.003831417624521026 0.024985642898163133
0 0.5052264813609967 0.22082481550052716 0.012771392081736969 0.045428441633023835
0 0.5103350381936914 0.17426066282667768 0.015325670498084212 0.015899954571558364
0 0.5307692655244706 0.15495357513264238 0.012771392081736862 0.03179990914311692
0 0.5224678606713415 0.09816802309136251 0.019157088122605345 0.03179990914311673
0 0.544817796814381 0.010718272947791502 0.02043422733077902 0.0204427987348607
0 0.49053938046699924 0.36051727352207563 0.0063856960408684845 0.0204427987348607
0 0.4732980011566544 0.4263885138899603 0.00766283524904216 0.020442798734860795
0 0.5480106448348153 0.4263885138899603 0.0038314176245211337 0.002271422081651263
0 0.5543963408756838 0.4411527574206931 0.016602809706257996 0.022714220816511962
0 0.6412418070314947 0.4513741567881234 0.014048531289910645 0.020442798734860795
0 0.6699774392154028 0.49793830946197287 0.0 0.004542844163302336
0 0.47521370996891493 0.33666734166473816 0.016602809706257996 0.040885597469721494
0 0.47393657076074125 0.38436720537941327 0.02681992337164756 0.040885597469721494
0 0.4611651786790043 0.3048674325216214 -0.003831417624521026 -0.009085688326604766
0 0.4273209896624014 0.22423194862300394 0.017879948914431617 0.034071331224767895
0 0.40305534470710136 0.23672477007208553 0.048531289910600205 -0.0272570649798143
0 0.44264666016048576 0.16176784137759606 0.01021711366538951 0.027257064979814394
0 0.4215738632256199 0.14473217576521208 0.016602809706257996 0.029528487061465658
0 0.46627373551169904 0.1197465328670489 0.0063856960408684845 0.015899954571558364
0 0.4573337610544832 0.12201795494870005 0.0063856960408684845 0.015899954571558364
0 0.44520093857683307 0.056146714580815334 0.017879948914431724 0.024985642898163227
0 0.41391102797657775 0.0924894678872345 0.014048531289910592 0.05224270787797743
0 0.42412814164196727 0.1265607991120025 0.008939974457215836 0.002271422081651168
0 0.3807054085640618 0.12315366598952568 0.049808429118773985 0.04088559746972169
0 0.38134397816814863 0.10384657829549052 0.00766283524904216 0.015899954571558364
0 0.3526083459842406 0.08453949060145531 0.006385696040868431 0.0
0 0.36282545964963014 0.047061026254210665 0.011494252873563187 0.020442798734860892
0 0.35707833321284854 0.030025360641826617 0.00766283524904216 0.01817137665320953
0 0.30279991686546665 0.01866825023357068 0.03192848020434226 0.03634275330641906
0 0.3174870177594641 0.09021804580558332 0.012771392081736915 0.015899954571558364
0 0.33153554904937466 0.1254250880711768 0.012771392081736862 0.027257064979814203
0 0.3500540675678932 0.17880350698998007 0.03192848020434226 0.038614175388070326
0 0.40241677510301455 0.18221064011245683 0.0063856960408684845 0.022714220816511962
0 0.3174870177594641 0.21855339341887597 0.028097062579821183 0.03634275330641916
0 0.31876415696763777 0.24467474735786468 0.017879948914431672 0.038614175388070326
0 0.32514985300850624 0.3082745656440981 0.0 0.002271422081651263
0 0.3283427010289405 0.35029587415464525 0.014048531289910592 0.03179990914311673
0 0.29769136003277186 0.3184959650115285 0.008939974457215836 0.040885597469721494
0 0.27151000626521127 0.20265343884731757 0.0 0.01817137665320953
0 0.2446900828935637 0.1992463057248408 0.022988505747126454 0.04315701955137276
0 0.2319186908118268 0.1481393088876889 0.017879948914431672 0.045428441633023925
0 0.2165930203137425 0.16744639658172408 0.007662835249042133 0.01135711040825603
0 0.189773096942095 0.311681698766575 0.005108556832694755 0.01817137665320953
0 0.14443465505192898 0.190160617398236 0.006385696040868458 0.038614175388070326
0 0.13996466782332104 0.27874607858263256 0.028097062579821207 0.038614175388070326
0 0.0984576435576761 0.22763908174548075 0.008939974457215836 0.03634275330641916
0 0.09654193474541554 0.2003820167656664 0.02043422733077905 0.03634275330641906
0 0.18211026169305283 0.24581045839869026 0.005108556832694755 0.0045428441633024305
0 0.2121230330851346 0.2537604356844695 0.00383141762452108 0.011357110408255934
0 0.3449455107351984 0.6081022804220559 0.011494252873563133 0.038614175388070236
0 0.19679736258705027 0.4491027347064723 0.014048531289910592 0.020442798734860795
0 0.18211026169305283 0.41957424764500667 0.005108556832694755 0.020442798734860795
0 0.09654193474541556 0.3968600268284948 0.007662835249042147 0.015899954571558364
0 0.12080757970071568 0.4627312671963794 0.015325670498084294 0.02952848706146556
0 0.14379608544784211 0.5206525302784849 0.028097062579821183 0.036342753306419256
0 0.17061600881948963 0.5183811081968337 0.02043422733077905 0.036342753306419256
