0 0.4247667112460541 0.31622454292987734 0.05874840357598977 0.05451412995962869
0 0.03715496156533893 0.3979957378693204 0.021711366538952746 0.03634275330641906
0 0.17827884406853178 0.0243468054376987 0.007662835249042133 0.015899954571558364
0 0.20126734981565822 0.1322393543161304 0.0 0.0
0 0.2357501084363479 0.16631068554089845 0.020434227330779077 0.03634275330641916
0 0.13102469336610523 0.17766779594915444 0.015325670498084294 0.045428441633023925
0 0.2861971071592087 0.24808188048034147 0.011494252873563187 0.03179990914311673
0 0.3666568772741512 0.22423194862300394 0.019157088122605293 0.038614175388070236
0 0.4305138376828357 0.22763908174548073 0.0063856960408684845 0.013628532489907101
0 0.4560566218463095 0.22650337070465515 0.019157088122605345 0.038614175388070326
0 0.5135278862141256 0.23558905903125987 0.008939974457215836 0.015899954571558364
0 0.5179978734427335 0.2367247700720855 0.017879948914431672 0.045428441633023835
0 0.5844091122677656 0.16403926345924727 0.015325670498084212 0.0272570649798143
0 0.6801945528807923 0.15949641929594485 0.005108556832694809 0.022714220816511962
0 0.6942430841707029 0.12996793223447928 0.002554278416347351 0.031799909143116825
0 0.6674231607990554 0.1345107763977816 0.010217113665389618 0.022714220816512153
0 0.6699774392154029 0.10838942245879295 0.02554278416347383 -0.006814266244953503
0 0.6801945528807923 0.10952513349961854 0.015325670498084212 0.0408855974697214
0 0.6661460215908818 0.07545380227485045 0.012771392081736969 0.03179990914311673
0 0.6910502361502687 0.051603870417513 0.016602809706257996 0.02952848706146556
0 0.6469889334682764 0.06068955874411786 0.01021711366538951 0.024985642898163227
0 0.6578446167377527 0.045925315213384985 0.011494252873563293 0.013628532489907197
0 0.6584831863418397 0.015261117111093932 0.01532567049808432 0.024985642898163227
0 0.6144218836598473 -0.00404597058294128 0.011494252873563293 0.013628532489907197
0 0.5096964685896047 0.02775393856017545 0.0063856960408684845 0.013628532489907197
0 0.4879851020506519 0.08794662372393207 0.011494252873563293 0.03861417538807024
0 0.5135278862141256 0.09589660100971134 0.008939974457215836 0.03179990914311673
0 0.4835151148220439 0.1254250880711768 0.010217113665389565 0.013628532489907197
0 0.4803222668016097 0.12428937703035123 0.008939974457215942 0.02952848706146537
0 0.470743722740307 0.13451077639778167 0.022988505747126426 0.036342753306419256
0 0.3979467878744066 0.02548251647852428 0.01532567049808432 0.027257064979814203
0 0.37495828212728016 0.050468159376687416 0.030651340996168588 0.0408855974697214
0 0.3641025988578038 0.09703231205053692 0.02171136653895275 0.056785552041279955
0 0.41007961035205664 0.11747511078539771 0.016602809706257996 0.038614175388070424
0 0.4317909768910094 0.06296098082576902 0.01660280970625794 0.04315701955137257
