0 0.9024167751030145 0.16971781866337518 0.18901660280970634 0.3702417993091448
0 0.02629927829586255 0.6217308129119631 0.051085568326947633 0.08858546118439668
0 0.07866198583098388 0.6285450791569168 0.017879948914431672 0.038614175388070424
0 0.06716773295742066 0.642173611646824 0.030651340996168595 0.01135711040825603
0 0.08504768187185234 0.667159254544987 0.012771392081736915 0.024985642898163133
0 0.1265547061374973 0.6535307220550799 0.02426564495530013 0.024985642898163227
0 0.16295317357044747 0.6944163195248013 0.051085568326947633 0.03407133122476809
0 0.15976032555001327 0.5819809264830672 0.019157088122605373 0.022714220816511962
0 0.2504372093303453 0.6126451245853585 0.014048531289910592 0.011357110408256125
0 0.28044998072242705 0.6058308583404048 0.028097062579821235 0.024985642898163324
0 0.6718931480276633 0.38209578329776195 0.04725415070242653 0.05451412995962869
