0 0.04545636641846791 0.3832314943385876 0.051085568326947633 0.06132839620458229
0 0.12144614930480252 0.22423194862300394 0.0012771392081737023 0.002271422081651168
0 0.1699774392154028 0.14813930888768884 0.016602809706257996 0.02725706497981449
0 0.19360451456661606 0.21401054925557356 0.0025542784163473777 0.009085688326604766
0 0.23000298199956623 0.2299105038271319 -0.01660280970625797 0.0045428441633024305
0 0.22617156437504518 0.17880350698998007 0.01149425287356324 0.056785552041279864
0 0.22361728595869781 0.061825269784943446 0.019157088122605345 0.05451412995962879
0 0.24085866526904265 0.05273958145833858 0.012771392081736915 0.04542844163302374
0 0.25682290537121377 0.08681091268310648 0.01149425287356324 0.03179990914311673
0 0.2778957023060797 0.09135375684640881 0.01532567049808432 0.03179990914311674
0 0.3162098785512904 0.05046815937668741 0.010217113665389565 0.03634275330641906
0 0.3577169028169353 0.1265607991120025 0.014048531289910645 0.05224270787797762
0 0.14826607267645003 0.21287483821474795 0.011494252873563213 0.020442798734860795
0 0.156567477529579 0.2548961467252951 0.0025542784163473777 0.004542844163302336
0 0.1489046422805369 0.29691745523584223 0.007662835249042133 0.015899954571558413
0 0.15337462950914482 0.3162245429298774 0.01660280970625797 0.03179990914311678
