0 0.5314078351285573 0.26398183505189987 0.07790549169859516 0.05451412995962865
0 0.2670400190366033 0.4422884684615187 0.03703703703703707 0.03407133122476799
0 0.34430694113111154 0.47181695552298425 0.012771392081736862 0.03407133122476799
0 0.3455840803392853 0.30259601043997014 0.017879948914431672 0.040885597469721494
0 0.3519697763801537 0.22650337070465512 0.038314176245210746 0.034071331224767895
0 0.2606543229957348 0.35597442935877327 0.060025542784163444 0.06587124036788472
0 0.23830438685269523 0.10043944517301368 0.0 0.0
0 0.2363886780404347 0.13678219847943276 0.006385696040868458 0.004542844163302336
0 0.27342571507747176 0.12201795494870006 0.003831417624521026 0.002271422081650977
0 0.288751385575556 0.07658951331567612 0.026819923371647507 0.03407133122476809
0 0.09526479553724188 0.7636946930151628 0.03831417624521073 0.06359981828623346
