0 0.25107577893443217 0.091353756846409 0.00766283524904216 0.03634275330641906
0 0.2223401467505241 0.13791790952025845 0.011494252873563213 0.011357110408256125
0 0.2619314622039085 0.1356464874386073 0.008939974457215836 0.01589995457155846
0 0.24916007012217162 0.17766779594915444 0.006385696040868431 0.013628532489907197
0 0.21467731150148195 0.19356775052071284 0.006385696040868458 0.009085688326604766
0 0.1603988951541001 0.1594964192959449 0.01277139208173689 0.027257064979814394
0 0.26129289259982175 0.03456820480512905 0.012771392081736915 0.018171376653209344
0 0.21340017229330827 0.2503533025619927 0.011494252873563213 0.022714220816511962
0 0.22617156437504518 0.22423194862300394 0.006385696040868431 0.01135711040825603
0 0.20062878021157138 0.34348160790969173 0.01660280970625797 0.02271422081651182
0 0.4713822923443938 0.29237461107253976 0.014048531289910592 0.038614175388070326
0 0.46499659630352536 0.21287483821474795 0.02171136653895275 0.05224270787797752
0 0.4400923817441384 0.2106034161330968 0.01021711366538951 0.024985642898163133
0 0.4222124328297067 0.22536765966382952 0.00766283524904216 0.027257064979814394
0 0.5179978734427335 0.2480818804803415 0.017879948914431672 0.02271422081651187
0 0.5192750126509073 0.2651175460927254 0.017879948914431672 0.034071331224767895
0 0.5684448721655944 0.27420323441933026 0.006385696040868377 0.01135711040825603
0 0.4803222668016097 0.1606321303367704 0.026819923371647614 0.04315701955137295
0 0.41710387599701193 0.47522408864546095 0.02554278416347383 0.03634275330641916
