0 0.5971805043495024 0.24581045839869026 0.04086845466155794 0.04088559746972145
0 0.5333235439408179 0.22309623758217834 0.05874840357598971 0.05905697412293112
0 0.5882405298922865 0.12996793223447925 0.02043422733077902 0.018171376653209344
0 0.7070144762524398 0.13451077639778172 0.015325670498084212 0.0272570649798143
0 0.22872584279139258 0.5297382186050896 0.047254150702426556 0.0408855974697214
0 0.38134397816814863 0.4661384003188561 0.022988505747126426 0.03634275330641906
0 0.4056096231234488 0.48430977697206573 0.017879948914431672 0.03179990914311664
0 0.4298752680787489 0.04819673729503624 0.02298850574712648 0.03179990914311673
0 0.5729148593942023 0.08226806851980414 0.0076628352490422675 0.018171376653209344
0 0.6099518964312394 0.05614671458081543 0.0434227330779055 0.03407133122476809
0 0.487346532446565 0.13110364327530472 0.00766283524904216 0.015899954571558364
0 0.4886236716547387 0.16176784137759603 0.022988505747126426 0.054514129959628885
0 0.4918165196751729 0.23899619215373671 0.0063856960408684845 0.03634275330641906
0 0.5065036205691703 0.4297956470124371 0.04086845466155804 0.05905697412293112
0 0.3602711812332827 0.26057470192942306 0.06257982120051085 0.09767114951100145
0 0.3704882948986723 0.3321244975014357 0.026819923371647507 0.045428441633023835
0 0.3934768006457987 0.33893876374638926 0.026819923371647507 0.05905697412293103
0 0.400501066290754 0.3866386274610644 0.017879948914431672 0.045428441633023835
0 0.2664014494325165 0.4672741113596818 0.0408684546615581 0.05224270787797752
0 0.1489046422805369 0.4252528028491347 0.10983397190293742 0.11811394824586206
0 0.05120349285524953 0.16517497450007282 0.029374201787994898 0.09767114951100155
0 0.30343848646955346 0.15836070825511922 0.022988505747126426 0.047699863714675286
0 0.5799391250391576 0.16290355241842158 0.03959131545338437 0.061328396204582386
