0 0.9605266090749175 0.33326020854226135 0.10089399744572165 0.20669940943025875
0 0.2938599424082508 0.3116816987665749 0.05236270753512128 0.05905697412293112
0 0.5933490867249813 0.23104621486795754 0.01021711366538951 0.0204427987348607
0 0.6291089845538447 0.2514890136028183 0.028097062579821183 0.024985642898163133
0 0.6335789717824526 0.2866960558684118 0.014048531289910645 0.022714220816511962
0 0.631663262970192 0.31395312084822613 0.0 0.0045428441633024305
0 0.6208075797007158 0.340074474787215 0.016602809706257996 0.01589995457155832
0 0.6923273753584425 0.2878317669092374 0.03448275862068967 0.0204427987348607
0 0.7197858683341767 0.2912389000317142 0.02554278416347383 0.022714220816511917
0 0.7414972348731294 0.3355316306239125 0.02043422733077902 0.04315701955137276
