0 0.1967973625870503 0.21741768237805037 0.1315453384418902 0.1294710586541181
0 0.5575891888961181 0.0856752016422809 0.01532567049808432 0.020442798734860892
0 0.5595048977083785 0.04365389313173372 0.0012771392081736754 0.0
0 0.5499263536470759 0.10952513349961845 0.0 0.004542844163302515
0 0.5320464047326442 0.1526821530509913 0.022988505747126374 0.02271422081651187
0 0.5231064302754284 0.12996793223447925 0.005108556832694809 0.009085688326604672
0 0.5007564941323888 0.14246075368356087 0.0063856960408684845 0.024985642898163227
0 0.4560566218463096 0.14359646472438642 0.008939974457215836 0.02271422081651206
0 0.45222520422178847 0.1049822893363162 0.011494252873563187 0.03179990914311673
0 0.479045127593436 0.20265343884731757 0.003831417624521026 0.0
0 0.6054819092026313 0.08794662372393207 0.014048531289910645 0.03861417538807024
0 0.6457117942601026 0.15381786409181689 0.01021711366538951 0.01135711040825603
0 0.6629531735704475 0.05728242562164092 0.014048531289910538 0.03634275330641906
0 0.7114844634810478 0.09703231205053683 0.016602809706257996 0.05224270787797743
0 0.7012673498156582 0.13337506535695598 0.0012771392081736754 0.002271422081651168
0 0.7102073242728741 0.15608928617346812 0.003831417624521026 0.020442798734860795
0 0.6284704149497577 0.1129322666220953 0.011494252873563187 0.02952848706146556
0 0.5709991505819417 0.08113235747897857 0.021711366538952698 0.034071331224767895
