0 0.7906670943878165 0.1492750199285145 0.14942528735632185 0.18398518861374677
0 0.8059927648859009 0.3253102312564821 0.2005108556832695 0.17262807820549084
0 0.8321741186534615 0.3491601631138196 0.12005108556832689 0.07495692869448939
0 0.9311524072869226 0.2912389000317142 0.10089399744572165 0.08631403910274542
0 0.975213709968915 0.37073867288950607 0.06641123882503198 0.10448541575595491
0 0.6463503638641895 0.3900457605835412 0.12388250319284802 0.09312830534769902
0 0.23447296922817418 0.5501810173399505 0.1685823754789272 0.16354238987888617
0 0.3123784609267693 0.5604024167073809 0.1226053639846743 0.1476424353073279
0 0.05120349285524953 0.6989591636881038 0.09067688378033206 0.15218527947063015
0 0.13038612376201836 0.7477947384436044 0.1136653895274585 0.14991385738897897
0 0.7261715643750453 0.5547238615032528 0.13282247765006386 0.1499138573889789
0 0.8947539398539726 0.5524524394216017 0.19412515964240112 0.19079945485870056
0 0.9822379756138702 0.7739160923825932 0.03448275862068977 0.14764243530732762
