0 0.2497986397262585 0.0243468054376987 0.02554278416347386 0.05678555204127977
0 0.6093133268271524 0.03570391584595463 0.021711366538952805 0.024985642898163227
0 0.6540131991132316 0.04138247105008265 0.008939974457215836 0.02271422081651187
0 0.7095687546687872 0.023211094396873116 0.02043422733077902 0.036342753306419256
0 0.7331958300200004 0.08794662372393205 0.011494252873563187 0.024985642898163227
0 0.6744474264440107 0.08681091268310648 0.031928480204342316 0.04088559746972141
0 0.6916888057543555 0.1186108218262233 0.02554278416347383 0.01817137665320953
0 0.7185087291260029 0.10043944517301369 0.01021711366538951 0.013628532489907018
0 0.6706160088194897 0.16290355241842164 0.024265644955300154 0.015899954571558364
0 0.6916888057543557 0.1822106401124568 0.01532567049808432 0.0272570649798143
0 0.6929659449625293 0.1992463057248408 0.012771392081736969 0.01135711040825603
0 0.6910502361502687 0.21741768237805034 0.014048531289910538 0.0204427987348607
0 0.7217015771464372 0.22423194862300394 0.011494252873563293 0.024985642898163227
0 0.7012673498156582 0.1924320394798872 0.019157088122605345 0.034071331224767895
0 0.34175266271476423 0.6126451245853584 0.030651340996168588 0.07041408453118715
