0 0.5205521518590809 0.44115275742069304 0.02298850574712648 0.03179990914311673
0 0.5505649232511627 0.24240332527621347 0.014048531289910645 0.02952848706146556
0 0.5275764175040363 0.2764746565009814 0.016602809706257996 0.029528487061465516
0 0.5473720752307284 0.20946770509227117 0.040868454661558154 -0.027257064979814394
0 0.7019059194197451 0.04933244833586183 0.022988505747126374 0.02952848706146556
0 0.4605266090749175 0.17312495178585205 0.017879948914431672 0.05451412995962869
0 0.4879851020506519 0.2469461694395159 0.011494252873563293 0.02952848706146556
0 0.41007961035205664 0.254896146725295 0.014048531289910592 0.022714220816511917
0 0.437538103327791 0.2435390363170391 0.020434227330779077 0.0272570649798143
0 0.47074372274030696 0.2299105038271319 0.01021711366538951 0.022714220816511962
0 0.39028395262536447 0.2935103221133654 0.02043422733077902 0.01817137665320953
0 0.40944104074796983 0.22536765966382954 0.017879948914431672 0.03179990914311673
0 0.37751256054362753 0.2333176369496087 0.020434227330779077 0.02952848706146556
0 0.3545240547965011 0.18221064011245686 0.01532567049808432 0.03179990914311673
0 0.3245112834044194 0.127696510152828 0.02171136653895275 0.040885597469721674
0 0.21020732427287403 0.3264459422973077 0.0025542784163473777 0.0068142662449535985
0 0.2280872731873057 0.3400744747872149 0.00766283524904216 0.024985642898163133
0 0.17508599604809755 0.34121018582804047 0.03448275862068967 0.0272570649798143
0 0.21148446348104774 0.25830327984777185 0.007662835249042133 0.01589995457155832
0 0.21787015952191618 0.21287483821474795 0.02043422733077905 0.020442798734860795
