0 0.11506045326393408 0.15949641929594485 0.03959131545338442 0.12719963657246702
0 0.15656747752957903 0.630816501238568 0.022988505747126426 0.024985642898162942
0 0.16486888238270803 0.6558021441367311 0.008939974457215836 0.020442798734860892
0 0.1252775669293236 0.6694306766266382 0.03703703703703704 0.02952848706146556
0 0.12719327574158412 0.6444450337284752 0.012771392081736943 0.0204427987348607
0 0.1016504915781103 0.6796520759940685 0.010217113665389525 0.01817137665320953
0 0.09845764355767608 0.6978234526472782 0.011494252873563213 0.02271422081651187
0 0.07419199860237596 0.6921448974431502 0.008939974457215836 0.015899954571558364
0 0.0761077074146365 0.6876020532798478 0.005108556832694755 0.002271422081651168
0 0.14315751584375527 0.695552030565627 0.02426564495530013 0.02271422081651187
0 0.3647411684618907 0.4786312217679378 0.06641123882503193 0.056785552041279955
0 0.8494154979638063 0.1095251334996186 0.07790549169859516 0.09539972742935028
