0 0.32131843538398513 0.11520368870374637 0.005108556832694755 0.015899954571558354
0 0.5346006831489916 0.0720466691523738 0.022988505747126374 0.02952848706146537
0 0.5837705426636787 0.028889649601001037 0.0063856960408684845 0.0204427987348607
0 0.6220847189088894 0.03229678272347779 0.006385696040868377 0.02271422081651187
0 0.4950093676956071 0.17653208490832886 0.012771392081736862 0.034071331224767895
0 0.5262992782958626 0.26852467921520223 0.008939974457215836 0.027257064979814345
0 0.5505649232511627 0.29578174419501657 0.014048531289910645 0.02271422081651187
0 0.5563120496879443 0.2458104583986903 0.015325670498084212 0.03179990914311673
0 0.5754691378105496 0.22423194862300394 0.01021711366538951 0.056785552041279955
0 0.6329404021783658 0.24240332527621347 0.017879948914431672 0.06587124036788462
0 0.6552903383214054 0.1663106855408985 0.019157088122605345 0.013628532489907197
0 0.6853031097134871 0.1515464420101656 0.017879948914431672 0.024985642898163324
0 0.664868882382708 0.12428937703035137 0.01021711366538951 0.038614175388070326
0 0.6144218836598472 0.11520368870374645 0.014048531289910645 0.024985642898163227
0 0.6176147316802815 0.18788919531658482 0.005108556832694809 0.0068142662449535985
0 0.6163375924721077 0.13110364327530488 0.0 0.029528487061465658
0 0.6150604532639341 0.11633939974457205 0.00766283524904216 0.01817137665320971
0 0.6131447444516736 0.1640392634592473 0.0012771392081736754 0.009085688326604766
0 0.5607820369165522 0.13905362056108414 0.0012771392081736754 0.0045428441633024305
0 0.5595048977083785 0.08340377956062983 0.008939974457215836 0.01135711040825603
