0 0.03970923998168631 0.8170731119339659 0.05491698595146872 0.06132839620458229
0 0.8366441058820695 0.294646033154191 0.05236270753512134 0.07495692869448954
0 0.08377054266367864 0.6989591636881038 0.05108556832694764 0.0613283962045822
0 0.22808727318730573 0.8000374463215819 0.10727969348659006 0.08631403910274552
0 0.2561843357671269 0.7239448065862669 0.1302681992337165 0.10221399367430388
0 0.28491996795103497 0.638766478524347 0.08556832694763727 0.08177119493944318
0 0.4202967240174462 0.5978808810546256 0.12643678160919536 0.14082816906237422
0 0.5333235439408178 0.4570527119922514 0.04853128991060031 0.027257064979814203
0 0.6750859960480975 0.3798243612161108 0.06896551724137934 0.049971285796326356
0 0.7478829309139979 0.32076738709317976 0.02043422733077902 0.040885597469721494
0 0.7383043868526953 0.3389387637463893 0.04214559386973172 0.045428441633023835
0 0.8621868900455432 0.2424033252762135 0.10089399744572154 0.07041408453118705
0 0.9452009385768332 0.1606321303367704 0.0600255427841635 0.05224270787797762
0 0.94583950818092 0.2526247246436439 0.03065134099616864 0.040885597469721494
0 0.9618037482830912 0.26966039025602784 0.021711366538952805 0.02952848706146561
0 0.9432852297645726 0.2753389454601558 0.03320561941251599 0.0272570649798143
0 0.8609097508373695 0.05273958145833858 0.014048531289910645 0.027257064979814394
0 0.8641025988578038 0.22309623758217836 0.053639846743295014 0.049971285796326266
