0 0.1884959577339213 0.4320670690940883 0.09450830140485311 0.06359981828623346
0 0.09526479553724186 0.545638173176648 0.007662835249042133 0.027257064979814394
0 0.1125061748475867 0.5808452154422415 0.03448275862068967 0.029528487061465658
0 0.2778957023060797 0.5115668419518801 0.002554278416347351 0.009085688326604672
0 0.3174870177594641 0.46840982240050744 0.01532567049808432 0.013628532489907197
0 0.37942826935588814 0.4888526211353681 0.016602809706257996 0.036342753306419256
0 0.35771690281693536 0.4956668873803217 0.02171136653895275 0.0408855974697214
0 0.2740642846815585 0.5547238615032528 0.017879948914431724 0.013628532489907101
0 0.2887513855755561 0.5274667965234384 0.024265644955300102 0.03179990914311673
0 0.3558011940046748 0.5274667965234385 0.017879948914431672 0.04997128579632655
0 0.3558011940046748 0.5138382640335313 0.02554278416347378 0.027257064979814394
