0 0.1252775669293236 0.4036742930734484 0.008939974457215862 0.015899954571558364
0 0.1406032374274079 0.2333176369496087 0.008939974457215836 0.015899954571558364
0 0.16295317357044747 0.23558905903125987 0.025542784163473803 0.015899954571558364
0 0.8404755235065905 0.018668250233570684 0.021711366538952805 0.009085688326604672
0 0.9407309513482252 0.04819673729503624 0.01021711366538951 0.013628532489907006
0 0.9681894443239596 0.022075383356047532 0.0063856960408684845 0.01135711040825603
0 0.9605266090749174 0.06182526978494335 0.008939974457215836 0.027257064979814203
0 0.9343452553073568 0.0856752016422809 0.0 0.002271422081651168
0 0.8443069411311115 0.10725371141796727 0.011494252873563187 0.02271422081651187
0 0.6853031097134871 0.23899619215373674 0.002554278416347351 0.01817137665320953
0 0.6540131991132316 0.3094102766849237 0.011494252873563187 0.0272570649798143
0 0.6329404021783659 0.35143158519547085 0.010217113665389403 0.04769986371467509
0 0.64826607267645 0.3752815170528084 0.002554278416347351 0.009085688326604861
0 0.6354946805947131 0.22877479278630633 0.012771392081736862 0.04315701955137267
0 0.6061204788067183 0.21855339341887592 0.012771392081736969 0.01817137665320953
0 0.6374103894069737 0.24467474735786468 0.0012771392081737827 0.002271422081651263
0 0.611229035639413 0.17198924074502647 0.012771392081736862 0.029528487061465467
0 0.5933490867249813 0.1629035524184217 0.01021711366538951 0.024985642898163133
0 0.5722762897901155 0.15495357513264246 0.014048531289910538 0.01817137665320953
0 0.5997347827658498 0.14018933160190963 0.03320561941251588 0.03407133122476819
0 0.5805776946432445 0.11066084454044411 0.012771392081736862 0.020442798734860892
0 0.5729148593942023 0.10838942245879286 0.02043422733077913 0.02952848706146537
0 0.5709991505819418 0.07772522435650171 0.011494252873563293 0.01817137665320953
0 0.532684974336731 0.12201795494870006 0.008939974457215836 0.0204427987348607
0 0.565890593749247 0.24126761423538787 0.026819923371647507 0.04997128579632622
0 0.5518420624593363 0.24808188048034147 0.014048531289910645 0.01817137665320953
0 0.5480106448348153 0.21628197133722477 0.014048531289910538 0.01817137665320953
0 0.5888790994963734 0.2083319940514456 0.008939974457215836 0.0204427987348607
0 0.5243835694836021 0.31736025397070294 0.017879948914431672 0.015899954571558364
0 0.5780234162268971 0.2855603448275863 0.010217113665389618 0.015899954571558413
0 0.5652520241451602 0.35029587415464525 0.0025542784163474583 0.03179990914311673
0 0.578023416226897 0.4195742476450067 0.015325670498084212 0.038614175388070326
0 0.48096083640569653 0.3752815170528084 0.01532567049808432 0.009085688326604861
0 0.49437079809152024 0.3309887864606101 0.02681992337164756 0.04315701955137267
0 0.4899008108629123 0.29691745523584223 0.020434227330779077 0.038614175388070326
0 0.5096964685896047 0.23104621486795754 0.0063856960408684845 0.04315701955137276
0 0.5109736077977783 0.2458104583986903 0.008939974457215836 0.03179990914311673
0 0.5218292910672546 0.12088224390787453 0.005108556832694809 0.05451412995962869
0 0.5262992782958626 0.10271086725466484 0.0063856960408684845 0.02271422081651206
0 0.4879851020506518 0.14018933160190972 0.016602809706258048 0.038614175388070326
0 0.479045127593436 0.17653208490832883 0.016602809706258048 0.038614175388070236
0 0.462442317887178 0.1515464420101657 0.01149425287356324 0.015899954571558364
0 0.4713822923443939 0.19129632843906164 0.006385696040868431 0.013628532489907197
0 0.4535023434299621 0.2412676142353879 0.03448275862068972 0.03634275330641906
0 0.4164653063929251 0.23899619215373671 0.03448275862068967 0.05905697412293108
0 0.41007961035205664 0.3116816987665749 0.016602809706257996 0.03179990914311673
0 0.42093529362153304 0.21628197133722477 0.02043422733077902 0.045428441633023925
0 0.4234895720378804 0.1481393088876888 0.020434227330779077 0.031799909143116825
0 0.41518816718475143 0.13905362056108406 0.02171136653895275 0.04088559746972169
0 0.4560566218463095 0.11747511078539763 0.024265644955300154 0.034071331224767895
0 0.43370668570327 0.0924894678872346 0.017879948914431672 0.038614175388070236
0 0.4202967240174462 0.09703231205053683 0.016602809706257996 0.01135711040825603
0 0.45222520422178847 0.018668250233570684 0.03448275862068967 0.0408855974697214
0 0.38134397816814863 0.023211094396873116 0.035759897828863345 0.0545141299596286
0 0.34622264994337215 0.047061026254210665 0.024265644955300102 0.038614175388070236
0 0.3481383587556327 0.06409669186659461 0.015325670498084266 0.03179990914311673
0 0.36857258608641175 0.0856752016422809 0.038314176245210746 0.034071331224767895
0 0.36154832044145646 0.13223935431613054 0.016602809706257996 0.022714220816511962
0 0.3851753957926697 0.1708535297042008 0.012771392081736862 0.03179990914311673
0 0.35069263717198007 0.21060341613309674 0.02554278416347383 0.034071331224767895
0 0.3117398913226825 0.26852467921520223 0.03448275862068961 0.03634275330641916
0 0.34239123231885105 0.3162245429298774 0.0012771392081737292 0.004542844163302478
0 0.3398369539025037 0.37414580601198283 0.011494252873563187 0.0204427987348607
0 0.3321741186534616 0.17993921803080565 0.03959131545338442 0.05451412995962869
0 0.3213184353839852 0.1390536205610841 0.012771392081736915 0.027257064979814394
0 0.2983299296368587 0.099303734132188 0.010217113665389565 0.015899954571558378
0 0.26831715824477703 0.14132504264273532 0.016602809706257996 0.040885597469721494
0 0.22553299477095834 0.17766779594915444 0.012771392081736915 0.045428441633023925
0 0.18913452733800815 0.1129322666220952 0.008939974457215836 0.0204427987348607
0 0.18338740090122654 0.393452893706018 0.015325670498084294 0.013628532489907197
0 0.2108458938769609 0.583116637523893 0.00383141762452108 0.01589995457155846
0 0.0620591761247259 0.6966877416064525 0.020434227330779056 0.05224270787797743
0 0.13230183257427888 0.5581309946257296 0.028097062579821194 0.08404261702109445
0 0.09398765632906818 0.47295266656380985 0.012771392081736915 0.040885597469721494
0 0.04354065760620738 0.4173028255633555 0.01149425287356322 0.038614175388070326
0 0.08951766910046025 0.26284612401107427 0.01915708812260536 0.024985642898163133
0 0.1099518964312393 0.24013190319456226 0.02426564495530013 0.029528487061465516
