0 0.4758522795730018 0.4366099132573906 0.03320561941251594 0.03634275330641916
0 0.43817667293187784 0.3139531208482262 0.014048531289910592 0.03634275330641921
0 0.5020336333405624 0.2821532117051094 0.011494252873563187 0.03179990914311678
0 0.5154435950263863 0.4252528028491347 0.017879948914431672 0.045428441633023925
0 0.5320464047326442 0.4479670236656466 0.02043422733077902 0.03179990914311673
0 0.5071421901732572 0.47749551072711216 0.0012771392081736754 0.03179990914311673
0 0.47138229234439377 0.4820383548904146 0.0191570881226054 0.05905697412293103
0 0.4879851020506519 0.5013454425844497 0.011494252873563293 0.02952848706146556
0 0.5199135822549942 0.5354167738092177 0.024265644955300154 0.03407133122476819
0 0.565890593749247 0.48998833217619375 0.031928480204342205 0.024985642898163036
0 0.31940272657172464 0.6092379914628817 0.01149425287356324 0.013628532489907197
0 0.3666568772741512 0.5978808810546257 0.02171136653895275 0.02271422081651187
0 0.3174870177594641 0.6194593908303119 0.02554278416347383 0.011357110408255934
0 0.37431971252319335 0.6058308583404048 0.03448275862068961 0.020442798734860892
