0 0.4860693932383913 0.6876020532798478 0.19412515964240107 0.2566706952265851
0 0.44073095134822526 0.41389569244087876 0.00383141762452108 0.013628532489907197
0 0.40433248391527504 0.36392440664455245 0.005108556832694809 0.013628532489907101
0 0.3711268645027591 0.36960296184868036 0.02043422733077902 0.04769986371467509
0 0.36410259885780377 0.39231718266519233 0.008939974457215836 0.0204427987348607
0 0.2893899551796429 0.45705271199225145 0.010217113665389565 0.031799909143116825
0 0.2785342719101665 0.44228846846151865 0.008939974457215836 0.020442798734860795
0 0.2817271199306008 0.4229813807674835 0.00766283524904216 0.02271422081651187
0 0.28364282874286134 0.3571101403995989 0.006385696040868431 0.01817137665320953
0 0.2944985120123377 0.3491601631138197 0.03320561941251594 0.024985642898163133
0 0.29066709438781657 0.32531023125648206 0.02554278416347383 0.0272570649798143
0 0.20254448902383188 0.32076738709317976 0.025542784163473803 0.03634275330641906
0 0.21467731150148195 0.37414580601198283 0.016602809706257996 0.024985642898163133
0 0.24149723487312946 0.4229813807674835 0.02171136653895275 0.03179990914311673
0 0.22744870358321886 0.48771691009454254 0.03192848020434229 0.024985642898163036
0 0.20382162823200559 0.4979383094619729 0.01021711366538951 0.0408855974697214
0 0.18721881852574762 0.45478128991060024 0.015325670498084294 0.027257064979814394
0 0.39858535747849344 0.39913144891014596 0.008939974457215836 0.01135711040825603
