0 0.5895176691004603 0.15154644201016565 0.028097062579821183 0.07495692869448958
0 0.6265547061374973 0.23786048111291114 0.030651340996168532 0.04769986371467509
0 0.6335789717824526 0.2866960558684118 0.021711366538952698 0.06359981828623355
0 0.6086747572230656 0.277610367541807 0.017879948914431672 0.05905697412293103
0 0.5754691378105496 0.23218192590878312 0.02554278416347383 0.045428441633023876
0 0.54098637918986 0.25489614672529504 0.012771392081736969 0.040885597469721494
0 0.5946262259331551 0.33666734166473805 0.03065134099616864 0.049971285796326266
0 0.5786619858309839 0.37868865017528525 0.03448275862068967 0.029528487061465467
0 0.565890593749247 0.3809600722569364 0.024265644955300154 0.04769986371467509
0 0.52885355671221 0.36165298456290124 0.024265644955300154 0.045428441633023925
0 0.6303861237620183 0.45478128991060024 0.01021711366538951 0.03634275330641916
0 0.6093133268271526 0.4843097769720658 0.019157088122605453 0.049971285796326266
0 0.5831319730595919 0.458188423033077 0.017879948914431672 0.04315701955137267
0 0.5543963408756838 0.44569560158399546 0.011494252873563187 0.03179990914311673
0 0.5154435950263861 0.4275242249307859 0.012771392081736969 0.03179990914311673
0 0.5339621135449047 0.458188423033077 0.006385696040868377 0.020442798734860795
0 0.5179978734427335 0.500209731543624 0.017879948914431672 0.03179990914311673
0 0.5045879117569099 0.4729526665638098 0.0063856960408684845 0.009085688326604766
0 0.4911779500710861 0.47976693280876337 0.005108556832694809 0.013628532489907006
0 0.5473720752307284 0.5013454425844498 0.01021711366538951 0.04315701955137276
0 0.48543082363430445 0.4820383548904146 0.0063856960408684845 0.0272570649798143
0 0.47010515313622014 0.16517497450007276 0.05236270753512139 0.08404261702109445
0 0.4886236716547387 0.1424607536835609 0.05874840357598977 0.061328396204582386
0 0.5186364430468204 0.26398183505189987 0.031928480204342205 0.06359981828623346
0 0.6380489590110605 0.12428937703035131 0.056194125159642366 0.06132839620458229
0 0.6425189462396684 0.10157515621383936 0.057471264367816036 0.04769986371467509
0 0.6687003000072291 0.07204666915237379 0.04597701149425285 0.0613283962045821
0 0.6910502361502687 0.11633939974457208 0.04980842911877388 0.05905697412293122
0 0.6942430841707029 0.22423194862300394 0.053639846743295014 0.06587124036788462
0 0.6335789717824526 0.20946770509227122 0.026819923371647507 0.022714220816511962
0 0.7817271199306007 0.05841813666246669 0.044699872286079176 0.09312830534769902
0 0.47840655798934917 0.09703231205053692 0.05108556832694772 0.056785552041279955
0 0.4669123051157859 0.03343249376430346 0.04597701149425291 0.06132839620458229
0 0.41838101520518567 0.12996793223447928 0.038314176245210746 0.06814266244953589
0 0.3947539398539724 0.20492486092896878 0.026819923371647507 0.049971285796326356
0 0.3411140931106774 0.26852467921520223 0.02171136653895275 0.045428441633023876
0 0.31557130894720353 0.18788919531658485 0.01660280970625794 0.04315701955137267
0 0.3398369539025036 0.1424607536835609 0.014048531289910592 0.06587124036788472
0 0.3423912323188511 0.04706102625421066 0.02171136653895275 0.05224270787797762
0 0.288751385575556 0.03911104896843148 0.03192848020434226 0.045428441633023925
0 0.26831715824477703 0.07318238019319928 0.026819923371647507 0.05905697412293112
0 0.24532865249765057 0.07658951331567614 0.026819923371647535 0.061328396204582115
0 0.2363886780404347 0.09476088996888565 0.0421455938697318 0.07949977285779182
0 0.25810004457938746 0.1799392180308056 0.01660280970625794 0.06359981828623346
0 0.1955202233788766 0.3616529845629013 0.03959131545338442 0.06814266244953589
