0 0.18721881852574762 0.5683523939931601 0.03065134099616856 0.04542844163302412
0 0.0480106448348153 0.5842523485647184 0.06385696040868455 0.07268550661283832
0 0.2025444890238319 0.3264459422973077 0.02043422733077905 0.011357110408256077
0 0.2050987674401793 0.41843853660418107 0.0 0.0
0 0.46499659630352536 0.21628197133722477 0.02171136653895275 0.03634275330641906
0 0.3123784609267693 0.41048855931840195 0.022988505747126426 0.03407133122476799
0 0.3704882948986723 0.3843672053794132 0.016602809706257996 0.022714220816511962
0 0.4202967240174462 0.3139531208482262 0.011494252873563187 0.022714220816511962
0 0.3717654341068459 0.28442463378676064 0.0063856960408684845 0.0
0 0.37495828212728016 0.09589660100971126 0.015325670498084266 0.02271422081651188
0 0.4413695209523121 0.09021804580558333 0.028097062579821235 0.024985642898163036
0 0.5563120496879442 0.11406797766292093 0.05874840357598971 0.054514129959628885
