0 0.7268101339791321 0.10157515621383936 0.024265644955300154 0.024985642898163036
0 0.7453286524976506 0.1367821984794329 0.017879948914431672 0.022714220816511962
0 0.7485215005180847 0.15949641929594488 0.014048531289910645 0.01817137665320953
0 0.7338343996240874 0.16063213033677048 0.02043422733077913 0.024985642898163227
0 0.6808331224848791 0.14359646472438647 0.031928480204342316 0.031799909143116825
0 0.7127616026892214 0.19697488364318963 0.024265644955300047 0.015899954571558364
0 0.6725317176317502 0.22536765966382957 0.017879948914431672 0.022714220816511962
0 0.673170287235837 0.27761036754180707 0.016602809706257996 0.027257064979814345
0 0.6623146039663607 0.27533894546015586 0.012771392081736862 0.022714220816511962
0 0.5703605809778549 0.12542508807117692 0.028097062579821183 0.04997128579632645
0 0.5480106448348153 0.19016061739823606 0.026819923371647507 0.034071331224767895
0 0.4911779500710861 0.1186108218262232 0.04597701149425291 0.022714220816512046
0 0.5192750126509074 0.22650337070465512 0.02554278416347383 0.034071331224767895
0 0.48606939323839127 0.21401054925557353 0.028097062579821235 0.0272570649798143
0 0.46052660907491744 0.27647465650098146 0.01532567049808432 0.015899954571558413
0 0.4662737355116991 0.3116816987665749 0.011494252873563187 0.02271422081651187
0 0.4566951914503964 0.29578174419501657 0.030651340996168532 0.01817137665320958
0 0.40752533193570933 0.06409669186659461 0.016602809706257996 0.05905697412293112
0 0.38964538302127766 0.012989695029442763 0.029374201787994856 0.034071331224767895
0 0.2798114111183402 0.02548251647852428 0.029374201787994964 0.027257064979814203
0 0.3564397636087617 0.29578174419501657 0.026819923371647507 0.045428441633023973
0 0.3391983842984168 0.34121018582804047 0.020434227330779077 0.03634275330641916
0 0.31301703053085617 0.2787460785826326 0.019157088122605345 0.020442798734860747
0 0.28044998072242705 0.21401054925557353 0.02043422733077902 0.040885597469721494
0 0.3449455107351984 0.4048100041142739 0.024265644955300154 0.013628532489907197
0 0.2785342719101665 0.45705271199225145 0.019157088122605345 0.022714220816511962
0 0.2549071965589533 0.19129632843906164 0.01532567049808432 0.01817137665320953
0 0.2612928925998217 0.22650337070465515 0.028097062579821183 0.038614175388070326
0 0.24660579170582425 0.21173912717392238 0.024265644955300154 0.05451412995962869
0 0.23575010843634786 0.3389387637463893 0.015325670498084294 0.022714220816511962
0 0.2414972348731295 0.40594571515509953 0.016602809706258024 0.024985642898163133
0 0.2134001722933083 0.39799573786932035 0.02426564495530013 0.040885597469721494
0 0.20893018506470037 0.26398183505189987 0.033205619412515965 0.03179990914311678
0 0.19360451456661604 0.3116816987665749 0.025542784163473803 0.03179990914311673
0 0.1840259705053134 0.26852467921520223 0.02426564495530013 0.045428441633023876
0 0.16806173040314226 0.2866960558684118 0.020434227330779077 0.03634275330641916
0 0.15976032555001324 0.26966039025602784 0.03192848020434226 0.02952848706146561
0 0.1380489590110605 0.23445334799043435 0.019157088122605373 0.022714220816511962
0 0.17125457842357647 0.3298530754197845 0.021711366538952726 0.013628532489907197
0 0.18274883129713967 0.3730100949711572 0.029374201787994884 0.03179990914311673
0 0.17955598327670547 0.39686002682849475 0.017879948914431672 0.04315701955137267
0 0.1508203510927974 0.41275998140005316 0.02171136653895275 0.024985642898163133
0 0.1616760343622738 0.3593815624812501 0.035759897828863345 0.03634275330641906
