0 0.42923669847466206 0.6773806539124174 0.1085568326947637 0.059056974122930934
0 0.3059927648859008 0.7216733845046158 0.08173690932311625 0.04315701955137276
0 0.22106300754235045 0.6887377643206734 0.05747126436781612 0.03634275330641906
0 0.1999902106074845 0.74893044948443 0.06385696040868455 0.038614175388070326
0 0.21850872912600305 0.7137234072188365 0.06768837803320563 0.03179990914311664
0 0.2319186908118268 0.7977660242399307 0.06896551724137931 0.03179990914311673
0 0.681471692088966 0.2605747019294231 0.040868454661558154 0.06587124036788478
0 0.8564397636087616 0.15381786409181683 0.07662835249042138 0.07495692869448958
0 0.8251498530085062 0.23331763694960866 0.04980842911877388 0.04315701955137271
0 0.855162624400588 0.23786048111291108 0.04597701149425296 0.038614175388070326
0 0.7772571327019927 0.06182526978494335 0.03831417624521069 0.049971285796326266
0 0.8162098785512905 0.11406797766292087 0.024265644955300154 0.03634275330641906
0 0.8455840803392853 0.1061180003771417 0.021711366538952698 0.05224270787797743
0 0.8251498530085063 0.03343249376430346 0.024265644955300154 0.034071331224767895
0 0.8858139653967565 0.056146714580815334 0.028097062579821183 0.024985642898163227
0 0.8864525350008433 0.0175325391927451 0.021711366538952805 0.02952848706146556
0 0.8947539398539723 0.0993037341321881 0.035759897828863345 0.056785552041279955
0 0.9745751403648281 0.0856752016422809 0.019157088122605453 0.034071331224767895
0 0.9732980011566544 0.03456820480512905 0.04725415070242663 0.027257064979814394
0 0.9458395081809199 0.06296098082576902 0.03575989782886345 0.06132839620458229
