0 0.21340017229330827 0.56835239399316 0.05236270753512131 0.059056974122930934
0 0.6399646678233211 0.18107492907163125 0.026819923371647507 0.04315701955137267
0 0.5492877840429891 0.11520368870374645 0.03448275862068967 0.034071331224767895
0 0.5588663281042917 0.14586788680603766 0.01532567049808432 0.022714220816512153
0 0.5652520241451602 0.2106034161330968 0.022988505747126586 0.024985642898163133
0 0.5959033651413288 0.21060341613309674 0.038314176245210586 0.06587124036788462
0 0.4803222668016097 0.16517497450007285 0.029374201787994964 0.03407133122476799
0 0.44647807778500687 0.21628197133722477 0.015325670498084266 0.01817137665320953
0 0.4796836971975228 0.29691745523584223 0.03575989782886345 0.024985642898163133
0 0.44583950818092005 0.2878317669092374 0.02171136653895275 0.024985642898163227
0 0.44264666016048576 0.3321244975014357 0.022988505747126426 0.03634275330641916
0 0.4758522795730018 0.35597442935877327 0.015325670498084266 0.03407133122476799
0 0.4209352936215331 0.05387529249916417 0.02298850574712648 0.034071331224767895
0 0.16231460396636063 0.1697178186633753 0.029374201787994884 0.024985642898163133
0 0.14507322465601583 0.25943899088859745 0.033205619412515965 0.03634275330641916
0 0.10931332682715246 0.29351032211336536 0.04597701149425288 0.05451412995962874
0 0.1380489590110605 0.353703007277122 0.021711366538952726 0.04769986371467509
0 0.127831845345671 0.4377456242982163 0.03959131545338442 0.034071331224767895
0 0.23511153883226102 0.19016061739823603 0.026819923371647507 0.02952848706146556
0 0.19935164100339767 0.34348160790969173 0.03192848020434226 0.04088559746972159
0 0.20765304585652666 0.5138382640335313 0.030651340996168588 0.027257064979814394
0 0.3800668389599749 0.23899619215373666 0.022988505747126426 0.040885597469721494
0 0.3621868900455433 0.25716756880694625 0.03320561941251599 0.027257064979814394
0 0.3513312067760669 0.2912389000317142 0.03448275862068961 0.022714220816511917
0 0.3781511301477144 0.3446173189505172 0.04980842911877393 0.04769986371467509
