0 0.6265547061374973 0.24581045839869028 0.05108556832694756 0.06814266244953594
0 0.623361858117063 0.17766779594915444 0.014048531289910645 0.027257064979814394
0 0.652736059905058 0.16858210762254966 0.021711366538952805 0.049971285796326266
0 0.6840259705053133 0.1924320394798872 0.02043422733077902 0.038614175388070236
0 0.6718931480276633 0.06296098082576904 0.021711366538952805 0.05224270787797762
0 0.6591217559459264 0.011853983988617086 0.019157088122605345 0.013628532489907197
0 0.6987130713993109 0.08681091268310658 0.0063856960408684845 0.01817137665320953
0 0.714677311501482 0.12769651015282812 0.01532567049808432 0.03634275330641916
0 0.7625700318079953 0.127696510152828 0.011494252873563187 0.040885597469721674
0 0.7606543229957348 0.16744639658172408 0.017879948914431672 0.0204427987348607
0 0.7810885503265138 0.14132504264273527 0.005108556832694809 0.02271422081651206
0 0.8225955745921588 0.08908233476475774 0.016602809706257996 0.045428441633023925
0 0.8027999168654666 0.047061026254210665 0.03831417624521069 0.038614175388070236
0 0.8047156256777273 0.0016325846211867352 0.024265644955300154 0.011357110408255839
0 0.8200412961758115 0.014125406070268349 0.011494252873563293 0.009085688326604672
0 0.7702328670570375 0.0175325391927451 0.0063856960408684845 0.006814266244953503
