0 0.9036939143111882 0.3446173189505173 0.05619412515964247 0.06132839620458229
0 0.5831319730595919 0.05273958145833858 0.00766283524904216 0.03179990914311673
0 0.5588663281042917 0.05501100353998985 0.02554278416347383 0.036342753306419256
0 0.5377935311694259 0.019803961274396268 0.019157088122605453 0.024985642898163227
0 0.4911779500710861 0.0516038704175131 0.012771392081736862 0.01135711040825603
0 0.5103350381936915 0.11633939974457204 0.012771392081736862 0.013628532489907006
0 0.5997347827658498 0.0993037341321881 0.017879948914431672 0.038614175388070236
0 0.3155713089472036 0.12315366598952564 0.02171136653895275 0.02271422081651187
0 0.34877692835971946 0.3900457605835412 0.014048531289910592 0.015899954571558364
0 0.3813439781681486 0.4718169555229842 0.010217113665389565 0.024985642898163036
0 0.3934768006457987 0.3343959195830869 0.024265644955300154 0.049971285796326266
0 0.32004129617581145 0.33098878646061014 0.022988505747126426 0.024985642898163084
0 0.2606543229957349 0.3173602539707029 0.03448275862068967 0.038614175388070326
0 0.2217015771464373 0.31622454292987734 0.040868454661558126 0.0272570649798143
0 0.127831845345671 0.2878317669092374 0.0421455938697318 0.034071331224767944
0 0.05950489770837851 0.3321244975014357 0.025542784163473817 0.013628532489907101
0 0.17891741367261862 0.37073867288950607 0.02426564495530013 0.040885597469721494
