0 0.36154832044145646 0.39686002682849475 0.008939974457215836 0.020442798734860795
0 0.36410259885780377 0.33666734166473805 0.008939974457215836 0.03179990914311673
0 0.33153554904937466 0.36392440664455245 0.01021711366538951 0.022714220816511962
0 0.2938599424082508 0.35143158519547085 0.014048531289910592 0.024985642898163227
0 0.2632086014120823 0.2605747019294231 0.016602809706257996 0.01589995457155832
0 0.24085866526904262 0.24921759152116707 0.022988505747126454 0.04315701955137276
0 0.20893018506470035 0.26398183505189987 0.022988505747126426 0.04088559746972159
0 0.260015753391648 0.35143158519547085 0.017879948914431672 0.04769986371467509
0 0.22872584279139255 0.35256729623629646 0.008939974457215836 0.01817137665320953
0 0.25873861418347427 0.41162427035922755 0.005108556832694755 0.018171376653209628
0 0.3047156256777272 0.38777433850189 0.017879948914431672 0.015899954571558364
0 0.313655600134943 0.37073867288950607 0.005108556832694755 0.013628532489907101
0 0.22744870358321886 0.4082171372367508 0.011494252873563213 0.038614175388070326
0 0.20893018506470035 0.39799573786932035 0.0 0.022714220816511962
0 0.21850872912600305 0.475224088645461 0.01660280970625797 0.03179990914311673
0 0.17891741367261862 0.41616711452252986 0.00383141762452108 0.013628532489907197
0 0.1559289079254922 0.4354742022165651 0.011494252873563213 0.024985642898163133
0 0.1252775669293236 0.39913144891014596 0.014048531289910604 0.034071331224767895
0 0.1744474264440107 0.5002097315436241 0.00766283524904216 0.02271422081651187
0 0.15401319911323166 0.47408837760463535 0.007662835249042133 0.024985642898163036
0 0.15656747752957903 0.5331453517275665 0.017879948914431672 0.0204427987348607
