0 0.15273605990505795 0.49339546529867045 0.022988505747126426 0.01817137665320953
0 0.06844487216559436 0.38777433850189 0.04597701149425288 0.05224270787797752
0 0.6469889334682765 0.028889649601001034 0.03320561941251599 0.0613283962045821
0 0.46691230511578585 0.27306752337850465 0.028097062579821183 0.08631403910274542
0 0.5626977457288128 0.2299105038271319 0.01532567049808432 0.05451412995962869
0 0.5224678606713414 0.0993037341321882 0.026819923371647507 0.05224270787797743
0 0.6214461493048026 0.29010318899088855 0.0434227330779055 0.034071331224767895
0 0.23958152606086894 0.44342417950234425 0.04853128991060028 0.040885597469721494
0 0.2038216282320056 0.4138956924408787 0.038314176245210746 0.022714220816511962
0 0.12400042772114991 0.5104311309110545 0.03192848020434226 0.034071331224767895
0 0.09334908672498132 0.4911240432170193 0.031928480204342274 0.04088559746972159
0 0.5135278862141256 0.271931812337679 0.026819923371647507 0.0204427987348607
0 0.5582277585002048 0.26852467921520223 0.014048531289910645 0.03634275330641916
0 0.6584831863418396 0.11066084454044411 0.012771392081736969 0.02952848706146556
0 0.6884959577339214 0.271931812337679 0.008939974457215836 0.0204427987348607
0 0.40369391431118823 0.2991888773174934 0.026819923371647507 0.04315701955137267
