0 0.26193146220390856 0.7194019624229646 0.09067688378033208 0.11129968200090856
0 0.3558011940046748 0.2878317669092374 0.04086845466155804 0.06587124036788468
0 0.2951370816164245 0.23104621486795754 0.024265644955300154 0.034071331224767895
0 0.3730425733150196 0.3616529845629013 0.019157088122605345 0.05905697412293098
0 0.22042443793826358 0.4207099586858323 0.022988505747126454 0.05451412995962869
0 0.2555457661630401 0.3548387183179476 0.024265644955300154 0.03179990914311673
0 0.20637590664835295 0.36165298456290124 0.022988505747126426 0.03634275330641916
0 0.3781511301477144 0.37641722809363404 0.01660280970625794 0.038614175388070326
0 0.1718931480276633 0.33780305270556366 0.010217113665389538 0.04769986371467509
0 0.14571179426010267 0.41275998140005316 0.008939974457215836 0.034071331224767895
0 0.1770017048603581 0.48771691009454254 0.012771392081736915 0.024985642898163036
