0 0.6137833140557604 0.22082481550052716 0.012771392081736969 0.045428441633023835
0 0.611229035639413 0.16971781866337524 0.0434227330779055 0.05224270787797743
0 0.6386875286151474 0.14246075368356087 0.016602809706257996 0.015899954571558555
0 0.5556734800838574 0.1401893316019097 0.03448275862068956 0.020442798734860892
0 0.5876019602881998 0.195839172602364 0.044699872286079176 0.0272570649798143
0 0.5850476818718523 0.31849596501152855 0.029374201787994856 0.01817137665320953
0 0.5786619858309838 0.27193181233767905 0.019157088122605345 0.04769986371467509
0 0.5231064302754284 0.3264459422973077 0.012771392081736969 0.011357110408256077
0 0.5007564941323888 0.37528151705280843 0.014048531289910538 0.03634275330641906
0 0.43370668570327 0.2401319031945623 0.017879948914431672 0.04315701955137276
0 0.4988407853201282 0.22423194862300394 0.02554278416347383 0.038614175388070236
0 0.4228510024337936 0.3661958287262036 0.02937420178799491 0.040885597469721494
0 0.3762354213354539 0.3400744747872149 0.02043422733077902 0.024985642898163133
0 0.3704882948986723 0.36278869560372684 0.03448275862068967 0.03407133122476799
0 0.3679340164823249 0.38436720537941316 0.037037037037037014 0.03179990914311673
0 0.32004129617581145 0.20492486092896878 0.038314176245210746 0.018171376653209628
0 0.21467731150148195 0.23786048111291108 0.03192848020434226 0.038614175388070326
0 0.25682290537121377 0.30146029939914454 0.03448275862068967 0.038614175388070326
0 0.32004129617581145 0.3264459422973078 0.020434227330779077 0.04315701955137271
0 0.28044998072242705 0.35483871831794767 0.0408684546615581 0.022714220816511962
0 0.26320860141208224 0.36619582872620365 0.042145593869731775 0.027257064979814394
0 0.2587386141834743 0.4082171372367507 0.017879948914431672 0.0204427987348607
0 0.29130566399190344 0.4366099132573907 0.008939974457215836 0.03179990914311673
0 0.27342571507747176 0.4422884684615187 0.011494252873563187 0.024985642898163133
