0 0.7504372093303454 0.556995283584904 0.08429118773946355 0.10448541575595496
0 0.677640274464445 0.48771691009454254 0.04597701149425285 0.10675683783760621
0 0.35388548519241425 0.6205951018711376 0.021711366538952698 0.02271422081651206
0 0.35516262440058793 0.6410379006059982 0.05491698595146869 0.0408855974697214
0 0.5767462770187234 0.05387529249916417 0.02043422733077902 0.020442798734860892
0 0.5658905937492471 0.07431809123402497 0.016602809706257996 0.06587124036788444
0 0.5460949360225548 0.07999664643815298 0.01021711366538951 0.03179990914311673
0 0.5033107725487361 0.10157515621383936 0.008939974457215836 0.015899954571558364
0 0.5429020880021206 0.13678219847943288 0.011494252873563293 0.009085688326604956
0 0.5518420624593363 0.18561777323493367 0.014048531289910645 0.024985642898163133
0 0.31557130894720353 0.3593815624812501 0.014048531289910592 0.01817137665320953
0 0.35899404202510904 0.3889100495427155 0.019157088122605345 0.03634275330641916
0 0.2651243102243428 0.38777433850189 0.005108556832694755 0.015899954571558364
0 0.36984972529458543 0.46727411135968183 0.015325670498084266 0.015899954571558364
0 0.1757245656521844 0.41389569244087876 0.03065134099616856 0.049971285796326266
