0 0.9688280139280464 0.05841813666246659 0.06641123882503198 0.10221399367430388
0 0.6578446167377527 0.39913144891014596 0.07790549169859516 0.09312830534769902
0 0.6559289079254922 0.45591700095142584 0.061302681992337175 0.038614175388070326
0 0.16295317357044747 0.5535881504624273 0.06641123882503193 0.05678555204127977
0 0.10803618761897876 0.6171879687486609 0.06385696040868453 0.06132839620458229
0 0.2331958300200005 0.5728952381564625 0.0715197956577267 0.05905697412293122
0 0.3717654341068459 0.47863122176793776 0.05491698595146869 0.034071331224767895
0 0.6003733523699366 0.3798243612161108 0.0651340996168582 0.049971285796326356
0 0.3372826754861563 0.574030949197288 0.19284802043422733 0.21124225359356116
0 0.5416249487939468 0.3253102312564821 0.0651340996168583 0.07268550661283822
0 0.09590336514132872 0.5683523939931601 0.04725415070242657 0.04088559746972159
0 0.04928778404298899 0.6228665239527887 0.05363984674329503 0.07722835077614047
0 0.12591613653341044 0.5683523939931601 0.030651340996168588 0.04088559746972159
