0 0.549287784042989 0.12088224390787453 0.044699872286079176 0.05451412995962869
0 0.5352392527530785 0.24808188048034147 0.024265644955300154 0.045428441633023925
0 0.4113567495602304 0.23786048111291108 0.026819923371647507 0.038614175388070326
0 0.3902839526253644 0.22991050382713196 0.01021711366538951 0.03179990914311673
0 0.4285981288705752 0.22309623758217836 0.022988505747126426 0.03634275330641906
0 0.4158267367888383 0.1129322666220953 0.02554278416347383 0.024985642898163227
0 0.33472839706980895 0.10725371141796737 0.03959131545338442 0.03634275330641906
0 0.3826211173763223 0.34575302999134283 0.017879948914431672 0.03179990914311673
0 0.35196977638015375 0.3843672053794132 0.02554278416347378 0.01817137665320953
0 0.33472839706980895 0.3798243612161108 0.008939974457215836 0.009085688326604766
0 0.3443069411311116 0.3559744293587732 0.030651340996168588 0.020442798734860795
0 0.25746147497530064 0.39458860474684354 0.030651340996168588 0.04315701955137267
0 0.26704001903660335 0.3752815170528084 0.026819923371647507 0.03179990914311673
0 0.24213580447721633 0.3355316306239125 0.02298850574712648 0.04315701955137276
0 0.2248944251668715 0.31622454292987734 0.014048531289910618 0.04997128579632631
0 0.1501817814887106 0.4434241795023443 0.02554278416347383 0.03179990914311673
0 0.20765304585652666 0.5376881958908688 0.05619412515964239 0.04315701955137276
