0 0.3149327393431167 0.17653208490832886 0.038314176245210746 0.034071331224767895
0 0.46627373551169904 0.18107492907163122 0.019157088122605345 0.024985642898163133
0 0.48479225403021764 0.15154644201016562 0.017879948914431777 0.03407133122476809
0 0.6010119219740234 0.025482516478524283 0.005108556832694809 0.013628532489907197
0 0.6533746295091448 0.08681091268310658 0.00766283524904216 0.027257064979814203
0 0.5607820369165522 0.0516038704175131 0.014048531289910645 0.01135711040825603
0 0.5767462770187234 0.05273958145833858 0.005108556832694702 0.018171376653209722
0 0.590794808308634 0.06636811394824578 0.0 0.0
0 0.599096213161763 0.07658951331567612 0.0038314176245211337 0.015899954571558364
0 0.5965419347454156 0.1265607991120025 0.003831417624521026 0.011357110408255839
0 0.5761077074146366 0.10725371141796718 0.003831417624521026 0.03179990914311673
0 0.5767462770187234 0.08681091268310648 0.03831417624521069 0.04088559746972141
