0 0.5933490867249813 0.10952513349961854 0.030651340996168532 0.0408855974697214
0 0.47712941878117543 0.14927501992851439 0.06385696040868458 0.061328396204582386
0 0.4886236716547387 0.3150888318890518 0.0 -0.002271422081651263
0 0.5071421901732572 0.3162245429298773 0.006385696040868377 0.009085688326604766
0 0.5243835694836021 0.3116816987665749 0.0 0.0
0 0.5582277585002048 0.36392440664455245 0.014048531289910645 0.022714220816511962
0 0.5033107725487361 0.3923171826651924 0.016602809706257996 0.034071331224767895
0 0.48606939323839127 0.23445334799043427 0.012771392081736915 0.01817137665320953
0 0.46308088749126486 0.29123890003171415 0.007662835249042106 0.009085688326604766
0 0.6246389973252368 0.27420323441933026 0.003831417624521026 0.0068142662449535985
0 0.6425189462396685 0.29123890003171427 0.0063856960408684845 0.004542844163302478
0 0.6520974903009711 0.3366673416647381 0.002554278416347351 0.0
0 0.7012673498156582 0.33098878646061014 0.0063856960408684845 0.0068142662449535985
0 0.7044601978360924 0.3571101403995989 0.012771392081736969 0.013628532489907197
0 0.6501817814887105 0.39686002682849475 0.006385696040868377 0.0068142662449535985
0 0.5927105171208945 0.37528151705280843 0.019157088122605345 0.01817137665320953
0 0.6093133268271524 0.40708142619592513 0.008939974457215836 0.013628532489907197
0 0.574191998602376 0.4229813807674835 0.012771392081736862 0.013628532489907197
