0 0.2587386141834743 0.6376307674835215 0.04853128991060026 0.056785552041279955
0 0.6118676052434998 0.14927501992851444 0.04980842911877388 0.07041408453118715
0 0.6744474264440108 0.20946770509227117 0.05236270753512134 0.049971285796326266
0 0.669338869611316 0.09135375684640891 0.03959131545338437 0.04088559746972159
0 0.6974359321911371 0.0175325391927451 0.016602809706257996 0.024985642898163227
0 0.788751385575556 0.10271086725466494 0.012771392081736862 0.036342753306419256
0 0.6763631352562712 0.3616529845629012 0.007662835249042052 0.013628532489907197
0 0.6718931480276633 0.3911814716243668 0.01660280970625789 0.027257064979814394
0 0.8308969794452878 0.18675348427575922 0.03320561941251599 0.03179990914311673
0 0.7651243102243427 0.13791790952025845 0.026819923371647507 0.05224270787797752
0 0.6010119219740235 0.4127599814000531 0.012771392081736862 0.020442798734860795
