0 0.26576287982842967 0.47181695552298414 0.02171136653895275 0.029528487061465467
0 0.34749978915154583 0.3889100495427156 0.008939974457215836 0.013628532489907197
0 0.3564397636087616 0.4559170009514259 0.011494252873563293 0.024985642898163133
0 0.3851753957926697 0.4286599359716115 0.012771392081736862 0.024985642898163133
0 0.3960310790621461 0.42184566972665793 0.00383141762452108 0.01135711040825603
0 0.40369391431118823 0.40708142619592513 0.0063856960408684845 0.009085688326604861
0 0.38772967420901705 0.3775529391344596 0.005108556832694755 0.0
0 0.38900681341719073 0.35256729623629646 0.01021711366538951 0.009085688326604766
0 0.5920719475168077 0.13337506535695604 0.017879948914431672 0.020442798734860986
0 0.5786619858309838 0.14700359784686334 0.0012771392081736754 0.020442798734860795
0 0.5588663281042917 0.18107492907163128 0.005108556832694702 0.015899954571558364
0 0.5377935311694257 0.14927501992851455 0.0038314176245211337 0.015899954571558364
0 0.5512034928552495 0.13223935431613046 0.007662835249042052 0.01817137665320982
0 0.5882405298922866 0.07091095811154821 0.01021711366538951 0.045428441633023925
0 0.5703605809778549 0.08340377956062972 0.017879948914431672 0.034071331224767895
0 0.5499263536470758 0.042518182090908234 0.01021711366538951 0.015899954571558364
0 0.5876019602881997 0.02093967231522195 0.031928480204342316 0.049971285796326266
