0 0.6616760343622737 0.45250986782894903 0.04725415070242653 0.12719963657246683
0 0.6016504915781103 0.24581045839869028 0.0702426564495529 0.07268550661283822
0 0.39283823104171184 0.3014602993991446 0.09450830140485311 0.06587124036788468
0 0.44456236897274626 0.3730100949711572 0.03448275862068961 0.03179990914311673
0 0.590794808308634 0.19924630572484076 0.015325670498084212 0.024985642898163133
0 0.5467335056266417 0.36278869560372684 0.024265644955300154 0.03407133122476799
0 0.41263388876840407 0.4297956470124371 0.016602809706257996 0.013628532489907197
0 0.5039493421528229 0.46045984511472826 0.012771392081736862 0.02952848706146556
0 0.46499659630352536 0.4354742022165651 0.024265644955300154 0.04769986371467509
0 0.4930936588833466 0.3957243157876692 0.011494252873563187 0.013628532489907101
0 0.5071421901732572 0.3798243612161108 0.006385696040868377 0.022714220816511962
0 0.5480106448348153 0.4082171372367507 0.008939974457215836 0.0204427987348607
0 0.5671677329574206 0.4184385366041811 0.008939974457215836 0.018171376653209628
0 0.5754691378105496 0.47295266656380974 0.01021711366538951 0.027257064979814203
0 0.590794808308634 0.45932413407390266 0.005108556832694809 0.018171376653209628
0 0.6559289079254922 0.37868865017528525 0.02043422733077902 0.024985642898163133
0 0.631663262970192 0.3889100495427156 0.03065134099616864 0.022714220816511962
0 0.6374103894069737 0.20038201676566642 0.008939974457215836 0.004542844163302336
