0 0.9579723306585702 0.5694881050339857 0.08556832694763744 0.06587124036788472
0 0.7836428287428612 0.46045984511472826 0.12260536398467435 0.06587124036788462
0 0.6789174136726186 0.34916016311381964 0.12771392081736904 0.08404261702109425
0 0.7357501084363479 0.2855603448275862 0.11621966794380587 0.06132839620458234
0 0.7855585375551217 0.29237461107253976 0.103448275862069 0.07041408453118705
0 0.8813439781681487 0.34234589686886613 0.10089399744572165 0.05224270787797743
0 0.9630808874912647 0.37868865017528525 0.07024265644955312 0.09312830534769888
0 0.8532469155883274 0.29010318899088855 0.03959131545338437 0.06587124036788462
0 0.7632086014120822 0.370738672889506 0.13793103448275856 0.05905697412293103
0 0.825788422612593 0.4036742930734484 0.11238825031928483 0.05224270787797752
0 0.9860693932383913 0.30373172148079575 0.037037037037036695 0.06587124036788462
0 0.38070540856406176 0.4195742476450067 0.070242656449553 0.04769986371467509
0 0.15337462950914482 0.3537030072771221 0.10344827586206898 0.07495692869448939
0 0.4515866346177016 0.43320278013491387 0.061302681992337175 0.06132839620458229
0 0.6552903383214053 0.3945886047468436 0.029374201787994856 0.03407133122476799
0 0.6699774392154028 0.42070995868583233 0.02043422733077902 0.03179990914311673
0 0.5556734800838575 0.35483871831794767 0.037037037037037125 0.03634275330641916
0 0.5639748849369864 0.39345289370601794 0.035759897828863345 0.045428441633023925
0 0.5556734800838574 0.4263885138899603 0.04725415070242653 0.03407133122476799
