0 0.673170287235837 0.3718743839303316 0.024265644955300154 0.03407133122476799
0 0.6584831863418397 0.40935284827757634 0.05108556832694766 0.022714220816511962
0 0.6469889334682764 0.4479670236656466 0.0434227330779055 0.027257064979814394
0 0.6150604532639341 0.4195742476450067 0.04086845466155804 0.011357110408255934
0 0.6540131991132316 0.42979564701243705 0.03448275862068967 0.022714220816511962
0 0.4860693932383913 0.5592667056665553 0.07151979565772673 0.031799909143116825
0 0.4132724583724909 0.6240022349936143 0.07151979565772669 0.06132839620458229
0 0.5818548338514181 0.8999800179142345 0.21966794380587493 0.10902825991925738
0 0.4317909768910094 0.9363227712206537 0.1008939974457216 0.10448541575595505
0 0.32387271380033256 0.9158799724857929 0.11238825031928477 0.10902825991925738
0 0.34813835875563265 0.9828869238945032 0.07662835249042144 0.038614175388070424
0 0.24277437408130315 0.9556298589146888 0.08045977011494254 0.056785552041279955
0 0.20382162823200559 0.9794797907720264 0.10472541507024265 0.045428441633023925
0 0.2549071965589532 0.7114519851371853 0.05108556832694769 0.04088559746972159
0 0.3711268645027591 0.5331453517275664 0.04597701149425285 0.06132839620458229
0 0.29322137280416394 0.5251953744417874 0.0 0.0
0 0.24341294368539 0.5592667056665552 0.06385696040868455 0.054514129959628885
0 0.3411140931106774 0.500209731543624 0.03448275862068967 0.03179990914311673
