0 0.5563120496879443 0.0584181366624666 0.015325670498084212 0.015899954571558364
0 0.6623146039663607 0.05387529249916426 0.061302681992337175 0.05678555204127977
0 0.6233618581170631 0.34575302999134294 0.03959131545338437 0.02725706497981425
0 0.5224678606713415 0.24694616943951592 0.05491698595146869 0.04769986371467509
0 0.5729148593942023 0.2492175915211671 0.0434227330779055 0.03861417538807028
0 0.5116121774018652 0.2980531662766678 0.035759897828863345 0.0272570649798143
0 0.34111409311067736 0.23445334799043427 0.07279693486590036 0.045428441633023925
0 0.6814716920889661 0.3105459877257493 0.035759897828863345 0.024985642898163133
0 0.6431575158437552 0.27761036754180696 0.017879948914431672 0.03634275330641916
0 0.5729148593942023 0.300324588358319 0.015325670498084212 0.013628532489907055
0 0.5269378478999495 0.3468887410321685 0.01021711366538951 0.02952848706146542
0 0.48351511482204396 0.37755293913445964 0.012771392081736915 0.0272570649798143
0 0.507780759777344 0.4173028255633555 0.01532567049808432 0.020442798734860795
0 0.48287654521795703 0.4502384457472978 0.02681992337164756 0.0272570649798143
0 0.5524806320634232 0.4138956924408787 0.012771392081736969 0.022714220816511962
0 0.5786619858309839 0.4388813353390419 0.016602809706257996 0.02271422081651187
0 0.611229035639413 0.42070995868583233 0.005108556832694809 0.01817137665320953
0 0.6776402744644449 0.4036742930734484 0.012771392081736969 0.024985642898163133
0 0.6188918708884552 0.45932413407390266 0.0025542784163474583 0.0
0 0.6240004277211499 0.4831740659312402 0.03320561941251599 0.0204427987348607
0 0.6329404021783658 0.3241745202156565 0.05108556832694766 0.056785552041279864
