0 0.7619314622039085 0.37982436121611085 0.0383141762452108 0.09539972742935014
0 0.6744474264440108 0.47522408864546095 0.070242656449553 0.049971285796326266
0 0.5793005554350708 0.015261117111093932 0.005108556832694595 0.02952848706146556
0 0.545456366418468 0.05501100353998975 0.0063856960408684845 0.03179990914311673
0 0.5320464047326442 0.06750382498907137 0.005108556832694702 0.024985642898163227
0 0.5435406576062074 0.016396828151919514 0.005108556832694702 0.013628532489907006
0 0.5301306959203836 0.01298969502944267 0.0038314176245211337 0.015899954571558364
0 0.4886236716547387 0.03229678272347779 0.002554278416347351 0.02271422081651187
0 0.5473720752307284 0.1413250426427352 0.005108556832694809 0.036342753306419354
0 0.5192750126509073 0.1640392634592473 0.005108556832694809 0.03634275330641916
0 0.5346006831489916 0.24581045839869026 0.005108556832694702 0.0272570649798143
0 0.508419329381431 0.2548961467252951 0.0063856960408684845 0.03634275330641906
0 0.5013950637364756 0.22536765966382954 0.0025542784163474583 0.01817137665320953
0 0.5173593038386468 0.2094677050922712 0.003831417624521026 0.040885597469721494
0 0.48479225403021764 0.25716756880694625 0.0025542784163474583 0.03179990914311673
0 0.46563516590761217 0.2855603448275862 0.007662835249042214 0.04769986371467509
0 0.4828765452179571 0.21401054925557358 0.006385696040868538 0.049971285796326266
0 0.4739365707607412 0.21741768237805034 0.014048531289910592 0.05224270787797743
0 0.46052660907491744 0.18675348427575925 0.0025542784163472975 0.05905697412293103
0 0.43562239451553053 0.19811059468401518 0.006385696040868431 0.040885597469721494
0 0.4158267367888383 0.18561777323493367 -0.002554278416347351 0.056785552041279864
0 0.3717654341068459 0.2526247246436438 0.0063856960408684845 0.02725706497981425
0 0.44328522976457263 0.2730675233785046 0.003831417624521026 0.03179990914311673
0 0.4343452553073568 0.365060117685378 0.011494252873563187 0.038614175388070326
0 0.41391102797657775 0.3593815624812501 0.0012771392081737292 0.013628532489907197
0 0.4036939143111882 0.35938156248125 0.0012771392081736754 0.027257064979814394
0 0.3979467878744066 0.3491601631138197 0.002554278416347351 0.015899954571558364
0 0.3864525350008434 0.3468887410321685 0.012771392081736915 0.05224270787797752
0 0.4662737355116991 0.32985307541978454 0.011494252873563187 0.04997128579632622
