0 0.6661460215908818 0.469545533441333 0.017879948914431672 0.029528487061465467
0 0.1674231607990554 0.3798243612161108 0.03703703703703704 0.049971285796326356
0 0.21595445070965566 0.3253102312564821 0.014048531289910618 0.022714220816511962
0 0.22617156437504518 0.29578174419501657 0.016602809706257996 0.045428441633023973
0 0.2817271199306008 0.2503533025619926 0.02043422733077902 0.03179990914311668
0 0.28491996795103497 0.19583917260236403 0.0191570881226054 0.05905697412293103
0 0.2715100062652112 0.1981105946840152 0.005108556832694755 0.01817137665320953
0 0.2472443613099111 0.22536765966382952 0.01021711366538951 0.027257064979814394
0 0.14379608544784211 0.17539637386750323 0.0 0.009085688326604766
0 0.07610770741463649 0.2583032798477719 0.025542784163473817 0.04315701955137271
0 0.28300425913877447 0.09589660100971134 0.022988505747126426 0.05905697412293112
0 0.3628254596496301 0.06863953602989695 0.02426564495530021 0.03179990914311673
0 0.38645253500084337 0.26966039025602784 0.01021711366538951 0.020442798734860844
0 0.3391983842984168 0.317360253970703 0.01021711366538951 0.02952848706146561
0 0.3685725860864117 0.36846725080785486 0.015325670498084212 0.022714220816511962
0 0.3947539398539724 0.37868865017528514 0.008939974457215836 0.015899954571558364
0 0.3851753957926697 0.42184566972665793 0.012771392081736862 0.034071331224767895
0 0.44711664738909374 0.25830327984777185 0.016602809706257996 0.034071331224767895
0 0.48990081086291243 0.2174176823780504 0.00766283524904216 0.024985642898163133
0 0.4918165196751729 0.16063213033677048 0.0063856960408684845 0.034071331224767895
0 0.4592494698667438 0.025482516478524283 0.035759897828863345 0.045428441633023925
0 0.5058650509650835 0.07318238019319938 0.006385696040868377 0.01817137665320953
0 0.3743197125231933 0.43433849117573947 0.014048531289910592 0.0272570649798143
0 0.5435406576062074 0.035703915845954726 0.017879948914431672 0.0204427987348607
0 0.6176147316802815 0.14473217576521202 0.005108556832694809 0.01135711040825622
0 0.5927105171208944 0.21741768237805034 0.011494252873563187 0.02952848706146556
