0 0.08696339068411287 0.22309623758217834 0.060025542784163465 0.045428441633023925
0 0.6393260982192341 0.2969174552358422 0.02043422733077902 0.02952848706146556
0 0.9011396358948407 0.17426066282667765 0.0536398467432949 0.04315701955137267
0 0.8328126882575484 0.2548961467252951 0.024265644955300154 0.03179990914311673
0 0.9113567495602304 0.19129632843906152 0.04597701149425285 0.11811394824586224
0 0.6616760343622738 0.22650337070465515 0.021711366538952805 0.024985642898163133
0 0.6610374647581869 0.18107492907163122 0.01021711366538951 0.024985642898163133
0 0.6929659449625293 0.17653208490832883 0.01532567049808432 0.02952848706146556
0 0.7210630075423504 0.20719628301061999 0.0 0.0
0 0.7319186908118268 0.24013190319456232 0.008939974457215836 0.024985642898163227
0 0.8417526627147641 0.21741768237805034 0.01660280970625789 0.034071331224767895
0 0.6361332501988 0.14132504264273538 0.008939974457215836 0.0
0 0.5301306959203838 0.26852467921520223 0.008939974457215729 0.027257064979814345
0 0.5243835694836021 0.18107492907163125 0.005108556832694702 0.020442798734860795
0 0.7095687546687872 0.08226806851980414 0.05108556832694766 0.06359981828623346
0 0.9873465324465651 0.12428937703035127 0.037037037037037125 0.06587124036788491
0 0.6846645401094003 0.25716756880694625 0.016602809706257996 0.022714220816511917
0 0.6763631352562712 0.29691745523584223 0.002554278416347351 0.015899954571558413
0 0.6623146039663607 0.34121018582804047 0.005108556832694809 0.009085688326604766
0 0.479045127593436 0.46273126719637936 0.014048531289910697 0.04315701955137267
0 0.36154832044145646 0.4297956470124371 0.016602809706257996 0.045428441633023925
0 0.20701447625243982 0.591066614809672 0.003831417624521053 0.03634275330641906
