0 0.9311524072869227 0.27647465650098146 0.1034482758620691 0.17489950028714202
0 0.1955202233788766 0.1799392180308056 0.24648786717752236 0.1680852340421885
0 0.5665291633533338 0.23218192590878314 0.040868454661558154 0.0545141299596286
0 0.5601434673124654 0.18902490635741043 0.06385696040868463 -0.08177119493944308
0 0.6393260982192343 0.03456820480512905 0.017879948914431672 0.03634275330641906
0 0.6655074519867948 0.08113235747897857 0.008939974457215836 0.038614175388070236
0 0.6808331224848791 0.17993921803080565 0.01660280970625789 0.045428441633023835
0 0.6437960854478422 0.1776677959491545 0.04980842911877388 0.07268550661283822
0 0.6240004277211499 0.22877479278630633 0.028097062579821183 0.038614175388070326
0 0.6763631352562712 0.29578174419501657 0.017879948914431672 0.05451412995962865
0 0.727448703583219 0.2548961467252951 0.03320561941251599 0.06814266244953579
0 0.8149327393431166 0.28328892274593503 0.014048531289910645 0.038614175388070326
0 0.6425189462396684 0.3048674325216214 0.003831417624521026 0.022714220816511917
0 0.6335789717824526 0.40935284827757634 0.014048531289910645 0.03634275330641916
0 0.5352392527530785 0.1629035524184216 0.024265644955300154 0.05678555204128005
0 0.6291089845538447 0.06296098082576904 0.01021711366538951 0.05224270787797762
