0 0.5090578989855177 0.05160387041751309 0.061302681992337224 0.05224270787797743
0 0.5869633906841129 0.02321109439687302 0.012771392081736969 0.03179990914311673
0 0.574191998602376 0.1390536205610841 0.02043422733077913 0.02271422081651206
0 0.6380489590110605 0.18675348427575922 0.02298850574712648 0.01817137665320953
0 0.5665291633533338 0.1890249063574104 0.028097062579821183 0.040885597469721494
0 0.5346006831489916 0.31849596501152855 0.022988505747126374 0.03634275330641906
0 0.5499263536470758 0.34916016311381964 0.01021711366538951 0.020442798734860795
0 0.5135278862141257 0.3355316306239125 0.0063856960408684845 0.006814266244953455
0 0.5052264813609967 0.3162245429298774 0.005108556832694702 0.0
0 0.590156238704547 0.33098878646061014 0.011494252873563187 0.024985642898163084
0 0.6016504915781103 0.31622454292987734 0.0063856960408684845 0.018171376653209628
0 0.6259161365334104 0.31508883188905173 0.019157088122605345 0.029528487061465467
0 0.6214461493048026 0.34916016311381964 0.005108556832694702 0.011357110408255934
0 0.6054819092026315 0.3889100495427156 0.003831417624521026 0.0045428441633024305
0 0.5684448721655944 0.469545533441333 0.024265644955300047 0.029528487061465467
0 0.5422635183980338 0.4445598905431699 0.03320561941251588 0.034071331224767895
0 0.5192750126509073 0.43433849117573947 0.01021711366538951 0.0272570649798143
0 0.5543963408756838 0.404810004114274 0.014048531289910538 0.03179990914311673
0 0.5288535567122099 0.38663862746106437 0.0038314176245211337 0.0045428441633024305
0 0.48926224125882556 0.2798817896234582 0.014048531289910645 0.03179990914311673
0 0.5262992782958625 0.21968910445970158 0.029374201787994856 0.03407133122476799
0 0.6425189462396684 0.382095783297762 0.003831417624521026 0.004542844163302336
0 0.6265547061374973 0.3979957378693203 0.005108556832694809 0.009085688326604766
0 0.6514589206968843 0.44796702366564667 0.003831417624521026 0.022714220816511962
0 0.6393260982192343 0.4615955561555538 0.0 0.0
