0 0.3781511301477144 0.3696029618486804 0.01149425287356324 0.04315701955137267
0 0.34430694113111154 0.4820383548904146 0.022988505747126426 0.03634275330641906
0 0.2651243102243428 0.45364557886977463 0.00766283524904216 0.0204427987348607
0 0.22170157714643723 0.4184385366041811 0.005108556832694755 0.018171376653209628
0 0.19615879298296346 0.4502384457472978 0.022988505747126454 0.009085688326604766
0 0.2082916154606135 0.4843097769720658 0.008939974457215836 0.02271422081651187
0 0.1744474264440107 0.5376881958908688 0.01021711366538951 0.034071331224767895
0 0.321957004988072 0.5376881958908688 0.00383141762452108 0.020442798734860795
0 0.35069263717198 0.5149739750743569 0.01021711366538951 0.015899954571558364
0 0.07355342899828912 0.4297956470124371 0.02298850574712644 0.027257064979814394
0 0.026937847899949397 0.40253858203262277 0.014048531289910597 0.018171376653209628
0 0.29513708161642455 0.2787460785826326 0.011494252873563187 0.015899954571558364
0 0.35771690281693536 0.18902490635741043 0.03448275862068967 0.045428441633023835
0 0.36729544687823806 0.17426066282667763 0.02043422733077902 0.024985642898163133
0 0.19871307139931083 0.24808188048034147 0.012771392081736915 0.03179990914311673
0 0.26831715824477703 0.1345107763977816 0.016602809706257996 0.022714220816512153
0 0.11442188365984723 0.17198924074502642 0.06641123882503194 0.015899954571558364
0 0.18466454010940023 0.1117965555812697 0.01277139208173689 0.018171376653209722
0 0.20701447625243982 0.15041073096934007 0.019157088122605373 0.0045428441633024305
0 0.15401319911323164 0.05387529249916426 0.012771392081736915 0.024985642898163036
0 0.2082916154606135 0.04819673729503615 0.016602809706257996 0.02271422081651187
0 0.24852150051808478 0.04478960417255949 0.0204342273307791 0.038614175388070236
