0 0.9228510024337937 0.1220179549487001 0.09961685823754797 0.07949977285779192
0 0.6131447444516736 0.7364376280353486 0.2234993614303959 0.14082816906237422
0 0.1827488312971397 0.6160522577078352 0.044699872286079176 0.059056974122930934
0 0.31557130894720353 0.4956668873803217 0.06257982120051085 0.07268550661283812
0 0.3545240547965012 0.06636811394824578 0.0842911877394636 0.04997128579632607
0 0.582493403455505 0.2787460785826326 0.037037037037037125 0.04769986371467514
0 0.6265547061374973 0.4661384003188562 0.030651340996168532 0.022714220816511962
0 0.6993516410033976 0.35597442935877327 -0.0025542784163474583 -0.002271422081651263
0 0.6680617304031423 0.260574701929423 0.008939974457215836 0.011357110408255934
0 0.681471692088966 0.28783176690923745 0.01021711366538951 0.01589995457155832
0 0.6795559832767054 0.3105459877257493 0.0012771392081736754 0.0068142662449535985
0 0.656567477529579 0.30827456564409816 0.0063856960408684845 0.015899954571558364
0 0.6476275030723632 0.2753389454601558 0.014048531289910645 0.03179990914311678
0 0.6655074519867948 0.3571101403995988 0.0063856960408684845 0.009085688326604766
0 0.6635917431745344 0.3866386274610644 0.00766283524904216 0.018171376653209628
0 0.6853031097134871 0.45705271199225145 0.010217113665389618 0.009085688326604766
