0 0.4260438504542278 0.4809026438495889 0.05874840357598977 0.07041408453118696
0 0.4452009385768332 0.45705271199225145 0.06385696040868458 0.040885597469721494
0 0.20573733704426614 0.6387664785243471 0.05236270753512134 0.05451412995962879
0 0.17380885683992384 0.6069665693812304 0.019157088122605373 0.04542844163302374
0 0.20893018506470035 0.5706238160748112 0.03831417624521072 0.0545141299596286
0 0.2421358044772163 0.5581309946257297 0.030651340996168588 0.04315701955137267
0 0.18083312248487915 0.5263310854826129 0.025542784163473803 0.05224270787797772
0 0.1661460215908817 0.4820383548904146 0.019157088122605345 0.03634275330641906
0 0.15401319911323164 0.5058882867477521 0.02043422733077905 0.03861417538807052
0 0.14890464228053688 0.5479095952582992 0.028097062579821207 0.05905697412293122
0 0.13996466782332107 0.4888526211353682 0.022988505747126454 0.040885597469721494
0 0.1450732246560158 0.4615955561555538 0.022988505747126426 0.027257064979814394
0 0.11186760524349984 0.486581199053717 0.015325670498084294 0.03634275330641916
0 0.10931332682715246 0.46386697823720496 0.01532567049808428 0.03179990914311673
0 0.10931332682715246 0.4320670690940883 0.022988505747126426 0.040885597469721494
