0 0.7466057917058243 0.7750518034234187 0.173690932311622 0.18625661069539787
0 0.7134001722933083 0.39799573786932035 0.05108556832694766 0.09994257159265253
0 0.2236172859586978 0.2639818350518998 0.016602809706257996 0.01817137665320958
0 0.23766581724860839 0.30600314356244696 0.02171136653895275 0.020442798734860795
0 0.2593771837875612 0.33098878646061014 0.008939974457215836 0.029528487061465467
0 0.25873861418347427 0.3696029618486804 0.012771392081736862 0.02952848706146556
0 0.2331958300200005 0.37868865017528525 0.012771392081736915 0.029528487061465467
0 0.23702724764452154 0.3366673416647381 0.005108556832694755 0.022714220816511962
0 0.19807450179522396 0.37414580601198283 0.008939974457215836 0.015899954571558364
0 0.19807450179522398 0.3911814716243668 0.011494252873563213 0.009085688326604861
0 0.17955598327670547 0.37073867288950596 0.01021711366538951 0.03179990914311673
0 0.13868752861514735 0.31963167605235415 0.0025542784163473777 0.0022714220816511203
0 0.1533746295091448 0.37073867288950607 0.011494252873563213 0.013628532489907101
0 0.1712545784235765 0.4207099586858324 0.00383141762452108 0.013628532489907197
0 0.181471692088966 0.4400170463798675 0.0012771392081736754 0.002271422081651168
0 0.21020732427287406 0.5081597088294034 0.0434227330779055 0.03407133122476799
0 0.4011396358948408 0.38777433850188997 0.01660280970625794 0.020442798734860795
