0 0.5882405298922866 0.10157515621383936 0.04597701149425285 0.05678555204127977
0 0.6699774392154028 0.04024676000925706 0.03320561941251599 0.04769986371467509
0 0.5754691378105498 0.3253102312564822 0.01532567049808432 0.013628532489907197
0 0.5786619858309839 0.2730675233785046 0.021711366538952698 0.027257064979814394
0 0.5984576435576761 0.1833463511532824 0.02298850574712648 0.056785552041279864
0 0.5052264813609967 0.16517497450007285 0.01532567049808432 0.03407133122476799
0 0.4809608364056966 0.32076738709317976 0.025542784163473886 0.03634275330641906
0 0.47202086194848064 0.29578174419501657 0.017879948914431672 0.02271422081651187
0 0.30088420805320615 0.34121018582804047 0.0408684546615581 0.06814266244953589
0 0.5639748849369864 0.2276390817454807 0.00766283524904216 0.03179990914311673
0 0.6061204788067183 0.23672477007208556 0.0 0.0
0 0.5626977457288128 0.36846725080785486 0.01021711366538951 0.022714220816511962
0 0.5346006831489916 0.36165298456290124 0.0 0.0
0 0.5262992782958625 0.2651175460927254 0.019157088122605345 0.04315701955137276
0 0.5256607086917757 0.42184566972665793 0.012771392081736969 0.02952848706146556
0 0.6150604532639341 0.35256729623629646 0.01021711366538951 0.01817137665320953
0 0.6437960854478422 0.41730282556335546 0.0063856960408684845 0.015899954571558364
0 0.631663262970192 0.4229813807674835 0.0 0.0
0 0.619530440492542 0.4706812444821585 0.0012771392081736754 0.0
0 0.6073976180148919 0.463866978237205 0.0 0.0
0 0.6572060471336659 0.45591700095142584 -0.005108556832694702 -0.0068142662449535985
0 0.6597603255500133 0.47295266656380974 0.0 -0.02271422081651187
