0 0.7459672221017374 0.22536765966382952 0.026819923371647507 0.027257064979814394
0 0.7855585375551218 0.21514626029639916 0.016602809706257996 0.04315701955137276
0 0.722340146750524 0.19129632843906164 0.002554278416347351 0.004542844163302336
0 0.7197858683341767 0.2742032344193302 0.00766283524904216 0.015899954571558413
0 0.7255329947709583 0.294646033154191 0.008939974457215836 0.020442798734860747
0 0.7127616026892214 0.30486743252162135 0.016602809706257996 0.01817137665320953
0 0.6961587929829635 0.29691745523584223 -0.0063856960408684845 -0.006814266244953551
0 0.7012673498156583 0.317360253970703 0.008939974457215729 0.02952848706146561
0 0.6993516410033976 0.3514315851954709 0.02043422733077913 0.03861417538807019
0 0.6993516410033978 0.19016061739823606 0.00766283524904216 0.034071331224767895
0 0.7070144762524398 0.24581045839869028 0.01021711366538951 0.03634275330641916
0 0.656567477529579 0.2560318577661207 0.014048531289910645 0.02952848706146556
