0 0.7593771837875612 0.042518182090908324 0.0434227330779055 0.02952848706146556
0 0.8142941697390299 0.14700359784686323 0.030651340996168425 0.08858546118439678
0 0.801522777657293 0.18107492907163128 0.025542784163473723 0.07949977285779182
0 0.722340146750524 0.06977524707072252 0.035759897828863345 0.06587124036788462
0 0.6827488312971397 0.04819673729503625 0.02554278416347383 0.05905697412293112
0 0.6303861237620184 0.025482516478524186 0.017879948914431672 0.03634275330641906
0 0.6763631352562712 0.15836070825511916 0.010217113665389618 0.03861417538807052
0 0.6929659449625292 0.15381786409181694 0.0076628352490422675 0.024985642898163133
0 0.6431575158437552 0.1481393088876889 0.035759897828863345 0.045428441633023925
0 0.611229035639413 0.12656079911200255 0.02043422733077902 0.04315701955137267
0 0.599096213161763 0.15381786409181694 0.031928480204342205 0.024985642898163133
0 0.6220847189088894 0.22536765966382957 0.019157088122605345 0.022714220816511962
0 0.7466057917058242 0.283288922745935 0.0434227330779055 0.029528487061465516
