0 0.4649965963035254 0.8159374008931404 0.13154533844189023 0.17717092236879317
0 0.2306415516036531 0.06636811394824578 0.053639846743295014 0.06359981828623346
0 0.1999902106074845 0.13678219847943288 0.017879948914431672 0.018171376653209628
0 0.19041166654618186 0.20606057196979435 0.01149425287356324 0.011357110408255934
0 0.06972201137376804 0.26966039025602784 0.0025542784163473777 0.0022714220816512152
0 0.04864921443890214 0.12088224390787447 0.014048531289910597 0.02271422081651187
0 0.11569902286802092 0.17766779594915444 0.012771392081736901 0.01817137665320953
0 0.12719327574158412 0.3037317214807958 0.012771392081736943 0.02952848706146561
0 0.12336185811706307 0.2560318577661207 0.017879948914431672 0.05224270787797743
0 0.06844487216559435 0.0788609353973274 0.022988505747126433 0.04315701955137257
0 0.23191869081182678 0.18107492907163122 0.01277139208173689 0.038614175388070326
0 0.33153554904937466 0.025482516478524377 0.028097062579821183 0.06359981828623346
0 0.47904512759343604 0.042518182090908234 0.04725415070242663 0.05678555204127977
0 0.2057373370442661 0.6001523031362768 0.02426564495530013 0.04997128579632617
0 0.9324295464950964 0.3537030072771221 0.05236270753512134 0.07495692869448939
0 0.7204244379382635 0.34007447478721486 0.08045977011494251 0.08404261702109425
0 0.7338343996240873 0.2526247246436439 0.040868454661558154 0.05451412995962874
0 0.6603988951541001 0.1220179549487001 0.026819923371647507 0.05224270787797752
0 0.644434655051929 0.2412676142353879 0.08429118773946355 0.06359981828623346
0 0.6552903383214054 0.37982436121611085 0.03959131545338448 0.06359981828623346
0 0.5831319730595917 0.300324588358319 0.07662835249042149 0.06359981828623355
0 0.54098637918986 0.17426066282667763 0.05874840357598971 0.05224270787797752
0 0.5473720752307285 0.31054598772574943 0.035759897828863345 0.043157019551372806
0 0.5148050254222993 0.30827456564409816 0.019157088122605345 0.020442798734860844
0 0.470743722740307 0.3014602993991446 0.04853128991060031 0.04769986371467509
0 0.46435802669943854 0.23899619215373666 0.0408684546615582 0.040885597469721494
0 0.4305138376828357 0.26398183505189987 0.05491698595146869 0.06359981828623346
0 0.4202967240174462 0.3639244066445524 0.04214559386973182 0.03634275330641916
0 0.42412814164196727 0.4422884684615187 0.02937420178799491 0.03407133122476799
0 0.3992239270825803 0.4990740205027986 0.05108556832694766 0.04315701955137276
0 0.3621868900455433 0.15949641929594485 0.05108556832694766 0.05905697412293122
0 0.4036939143111883 0.2106034161330968 0.05747126436781609 0.07495692869448939
0 0.40369391431118823 0.23786048111291108 0.03192848020434226 0.038614175388070326
0 0.383898256584496 0.2980531662766678 0.056194125159642415 0.0272570649798143
0 0.36921115569049856 0.328717364378959 0.044699872286079176 0.024985642898163133
0 0.3455840803392853 0.3389387637463893 0.07407407407407403 0.049971285796326356
0 0.36410259885780377 0.2787460785826326 0.037037037037037014 0.020442798734860747
0 0.3564397636087617 0.20151772780649202 0.03448275862068961 0.038614175388070326
0 0.34175266271476423 0.22877479278630633 0.038314176245210746 0.029528487061465467
0 0.33345125786163515 0.2514890136028183 0.03448275862068961 0.020442798734860795
0 0.3283427010289405 0.288967477950063 0.03192848020434226 0.027257064979814394
0 0.31620987855129035 0.3105459877257493 0.05108556832694766 0.04769986371467509
0 0.3149327393431167 0.3446173189505173 0.03320561941251594 0.02952848706146556
0 0.2651243102243428 0.34575302999134283 0.030651340996168588 0.049971285796326266
0 0.29705279042868504 0.30600314356244696 0.053639846743295014 0.04315701955137267
0 0.30918561290633506 0.28215321170510943 0.03448275862068967 0.02271422081651201
0 0.30982418251042193 0.26966039025602784 0.01021711366538951 0.015899954571558364
0 0.30152277765729296 0.20946770509227114 0.029374201787994856 0.045428441633023925
0 0.30279991686546665 0.195839172602364 0.04980842911877393 0.040885597469721494
0 0.2740642846815586 0.2276390817454807 0.01532567049808432 0.03179990914311673
0 0.2951370816164245 0.2707961012968535 0.024265644955300154 0.03634275330641906
0 0.2753414238897323 0.29578174419501657 0.012771392081736915 0.02271422081651187
0 0.2715100062652112 0.31736025397070294 0.010217113665389565 0.034071331224767895
0 0.24085866526904265 0.3025960104399702 0.02554278416347386 0.03634275330641906
0 0.23766581724860839 0.2821532117051094 0.03703703703703704 0.045428441633023973
0 0.26257003180799543 0.2730675233785046 0.015325670498084266 0.03634275330641916
0 0.26512431022434274 0.2492175915211671 0.017879948914431672 0.03861417538807028
0 0.2331958300200005 0.24013190319456226 0.02554278416347386 0.029528487061465516
