0 0.8366441058820695 0.36051727352207563 0.021711366538952698 0.04769986371467509
0 0.701905919419745 0.34007447478721486 0.03831417624521069 0.056785552041279864
0 0.28747424636738234 0.4377456242982163 0.070242656449553 0.06132839620458229
0 0.15720604713366587 0.6478521668509519 0.0676883780332056 0.08177119493944299
0 0.08696339068411288 0.7228090955454414 0.06257982120051087 0.049971285796326266
0 0.15401319911323164 0.21514626029639916 0.0715197956577267 0.06587124036788462
0 0.08249340345550496 0.27533894546015586 0.03831417624521073 0.03634275330641921
0 0.2938599424082508 0.08908233476475774 0.09578544061302678 0.07268550661283832
0 0.36346402925371696 0.12088224390787453 0.07151979565772669 0.04542844163302402
0 0.39219966143762497 0.16858210762254966 0.031928480204342316 0.045428441633023925
0 0.4343452553073568 0.07431809123402497 0.08301404853128987 0.05678555204127977
