0 0.04737207523072845 0.12996793223447928 0.06257982120051085 0.05905697412293122
0 0.058227758500204826 0.39572431578766915 0.038314176245210725 0.10448541575595496
0 0.02374499987951517 0.44342417950234425 0.033205619412515965 0.07268550661283822
0 0.22425585556278466 0.04819673729503625 0.06385696040868455 0.04997128579632645
0 0.5588663281042917 0.41616711452252986 0.03065134099616864 0.06359981828623346
0 0.586963390684113 0.3423458968688661 0.04086845466155804 0.06132839620458229
0 0.6022890611821974 0.30713885460327256 0.05108556832694766 0.03634275330641916
0 0.5652520241451602 0.2106034161330968 0.030651340996168532 0.04315701955137267
0 0.5275764175040363 0.08453949060145531 0.03448275862068967 0.05905697412293112
0 0.5505649232511627 0.14473217576521208 0.03448275862068967 0.061328396204582386
0 0.5722762897901154 0.12542508807117694 0.0268199233716474 0.040885597469721494
0 0.5933490867249813 0.10271086725466494 0.02298850574712648 0.06814266244953598
0 0.6080361876189788 0.08794662372393217 0.021711366538952805 0.04315701955137276
0 0.6725317176317502 0.03911104896843138 0.053639846743295014 0.07268550661283812
