0 0.8915610918335382 0.17198924074502647 0.021711366538952698 0.056785552041279864
0 0.7427743740813032 0.25376043568446943 0.015325670498084212 0.04315701955137267
0 0.73128012120774 0.4275242249307859 0.05108556832694766 0.0272570649798143
0 0.714677311501482 0.40708142619592513 0.040868454661558154 0.049971285796326266
0 0.6163375924721078 0.05501100353998975 0.06641123882503187 0.0408855974697214
0 0.5971805043495023 0.09589660100971134 0.02298850574712648 0.03634275330641906
0 0.5703605809778549 0.4014028709917971 0.05874840357598971 0.06132839620458229
0 0.5045879117569099 0.5070239977885777 0.042145593869731934 0.045428441633023925
0 0.45094806501361473 0.30373172148079575 0.047254150702426584 0.04315701955137276
0 0.40113963589484086 0.3582458514404244 0.02171136653895275 0.0204427987348607
0 0.41901958480927254 0.2094677050922712 0.03959131545338442 0.040885597469721494
0 0.37878969975180127 0.26398183505189987 0.06641123882503193 0.05905697412293117
0 0.3736811429191065 0.3468887410321685 0.053639846743295014 0.038614175388070326
0 0.3142941697390298 0.3219030981340053 0.047254150702426584 0.015899954571558364
0 0.3104627521145088 0.3468887410321685 0.03192848020434226 0.038614175388070326
0 0.25299148774669267 0.3457530299913429 0.06257982120051085 0.040885597469721494
0 0.2715100062652112 0.31508883188905173 0.06896551724137931 0.056785552041279864
0 0.2747028542856455 0.26398183505189987 0.024265644955300102 0.027257064979814394
0 0.22553299477095834 0.6376307674835217 0.0434227330779055 0.09312830534769893
0 0.30726990409407456 0.17766779594915444 0.028097062579821235 0.027257064979814394
0 0.3436683715270248 0.195839172602364 0.008939974457215836 0.013628532489907101
0 0.35069263717198007 0.2367247700720855 0.02554278416347383 0.022714220816511962
0 0.37048829489867224 0.26738896817437663 0.011494252873563187 0.024985642898163227
0 0.3321741186534615 0.26852467921520223 0.029374201787994856 0.045428441633023876
0 0.32004129617581145 0.2878317669092374 0.00766283524904216 0.02952848706146556
0 0.2836428287428613 0.2548961467252951 0.01149425287356324 0.05905697412293112
0 0.2868356767632955 0.19129632843906158 0.02298850574712648 0.040885597469721494
0 0.2753414238897323 0.21173912717392235 0.010217113665389565 0.03179990914311673
0 0.32451128340441937 0.21514626029639913 0.008939974457215836 0.024985642898163133
0 0.32961984023711416 0.25716756880694625 0.014048531289910592 0.022714220816511917
0 0.3398369539025037 0.24467474735786468 0.011494252873563187 0.024985642898163133
0 0.3277041314248536 0.21741768237805034 0.01021711366538951 0.015899954571558364
0 0.3232341441962457 0.23786048111291114 0.0063856960408684845 0.02952848706146556
0 0.32004129617581145 0.22763908174548075 0.017879948914431672 0.03634275330641916
0 0.3002456384491193 0.20492486092896883 0.03959131545338437 0.03179990914311673
0 0.2983299296368587 0.23104621486795748 0.038314176245210746 0.038614175388070326
