0 0.780449980722427 0.40253858203262277 0.06257982120051085 0.040885597469721494
0 0.5735534289982891 0.29691745523584223 0.03448275862068956 0.10221399367430378
0 0.6750859960480976 0.17880350698998007 -0.012771392081736969 0.011357110408255934
0 0.6201690100966288 0.13110364327530483 0.005108556832694809 0.006814266244953503
0 0.5384321007735126 0.21741768237805034 0.01021711366538951 0.015899954571558364
0 0.40433248391527504 0.2798817896234582 0.0025542784163474046 0.013628532489907197
0 0.3858139653967565 0.2537604356844695 0.0191570881226054 0.038614175388070326
0 0.3890068134171907 0.38891004954271563 0.02554278416347383 0.049971285796326266
0 0.3602711812332827 0.4195742476450067 0.01149425287356324 0.04769986371467509
0 0.3034384864695535 0.34007447478721486 0.012771392081736915 0.038614175388070326
0 0.31557130894720353 0.24240332527621347 0.0012771392081736754 0.02952848706146556
0 0.25363005735077954 0.3128174098074005 0.017879948914431672 0.034071331224767895
0 0.23766581724860839 0.35256729623629646 0.008939974457215862 0.03634275330641906
0 0.18466454010940023 0.47976693280876337 0.010217113665389538 0.013628532489907006
0 0.1872188185257476 0.509295419870229 0.01277139208173689 0.031799909143116825
0 0.16870030000722908 0.5706238160748112 0.03192848020434226 0.040885597469721785
0 0.15656747752957903 0.5024811536252753 0.01021711366538951 0.027257064979814203
0 0.1955202233788766 0.28101750066428377 0.008939974457215836 0.05224270787797748
0 0.13677181980288683 0.2503533025619927 0.016602809706257996 0.07268550661283822
