0 0.5844091122677655 0.2537604356844695 0.04597701149425285 0.038614175388070326
0 0.2727871454733849 0.3684672508078548 0.012771392081736915 0.013628532489907197
0 0.2823656895346876 0.37528151705280843 0.008939974457215836 0.02271422081651187
0 0.25746147497530064 0.32190309813400536 0.012771392081736915 0.011357110408255934
0 0.29641422082459823 0.3048674325216214 0.02171136653895275 0.027257064979814394
0 0.30407705607364033 0.24240332527621347 0.00383141762452108 0.002271422081651168
0 0.33919838429841687 0.2514890136028183 0.00766283524904216 0.024985642898163133
0 0.3277041314248536 0.17653208490832886 0.02043422733077902 0.0204427987348607
0 0.4215738632256199 0.18675348427575925 0.016602809706257996 0.022714220816511962
0 0.4899008108629123 0.15495357513264246 0.020434227330779077 0.01817137665320953
0 0.5173593038386468 0.16744639658172408 0.021711366538952698 0.015899954571558364
0 0.5160821646304731 0.22309623758217836 0.029374201787994964 0.03634275330641906
0 0.45733376105448326 0.22309623758217836 0.016602809706257996 0.013628532489907197
0 0.5729148593942023 0.17426066282667768 0.017879948914431672 0.034071331224767895
0 0.5920719475168076 0.16403926345924724 0.015325670498084212 0.03179990914311673
0 0.6125061748475867 0.18788919531658482 0.02554278416347383 0.038614175388070326
0 0.6667845911949685 0.13337506535695615 0.008939974457215836 0.01589995457155846
0 0.7338343996240874 0.14473217576521202 0.00766283524904216 0.020442798734860892
0 0.4056096231234488 0.2991888773174934 0.017879948914431672 0.0068142662449535985
0 0.3966696486662329 0.3343959195830869 0.01021711366538951 0.013628532489907197
0 0.4011396358948408 0.18788919531658482 0.014048531289910592 0.024985642898163133
0 0.29641422082459823 0.4082171372367508 0.016602809706257996 0.024985642898163133
