0 0.1744474264440107 0.09930373413218818 0.12005108556832694 0.10675683783760621
0 0.03779353116942577 0.08340377956062982 0.06385696040868455 0.10675683783760621
0 0.05120349285524953 0.7341662059536973 0.09067688378033206 0.15899954571558364
0 0.454140913034049 0.22423194862300394 0.07407407407407408 0.07495692869448949
0 0.36346402925371696 0.2435390363170391 0.07407407407407403 0.08631403910274542
0 0.3111013217185956 0.2651175460927255 0.053639846743295014 0.07949977285779188
0 0.334089827465722 0.3446173189505173 0.086845466155811 0.06132839620458229
0 0.33089697944528784 0.44569560158399546 0.0600255427841635 0.0817711949394429
0 0.6508203510927975 0.2571675688069463 0.09961685823754786 0.1362853248990717
0 0.6201690100966288 0.12088224390787453 0.03831417624521069 0.049971285796326356
0 0.6987130713993108 0.17312495178585205 0.03959131545338448 0.07268550661283822
