0 0.6016504915781103 0.4491027347064722 0.021711366538952805 0.05224270787797752
0 0.6520974903009712 0.41162427035922755 0.061302681992337175 0.045428441633023835
0 0.6884959577339214 0.4513741567881234 0.05747126436781615 0.05224270787797752
0 0.710845893876961 0.3332602085422613 0.03320561941251599 0.056785552041279816
0 0.6948816537747897 0.370738672889506 0.029374201787994964 0.03634275330641916
0 0.7376658172486084 0.3684672508078548 0.028097062579821183 0.049971285796326266
0 0.7153158811055689 0.4116242703592275 0.03959131545338448 0.05905697412293103
0 0.8366441058820694 0.33893876374638926 0.08556832694763733 0.08631403910274542
0 0.5039493421528229 0.5104311309110545 0.04853128991060026 0.06132839620458229
0 0.520552151859081 0.3911814716243668 0.06896551724137923 0.06359981828623346
0 0.44647807778500687 0.5104311309110545 0.0408684546615581 0.034071331224767895
0 0.39347680064579865 0.5183811081968337 0.04980842911877393 0.036342753306419256
0 0.3692111556904986 0.5887951927280208 0.05747126436781609 0.040885597469721494
0 0.3155713089472036 0.5297382186050896 0.042145593869731775 0.03634275330641916
0 0.25043720933034536 0.5922023258504976 0.03703703703703704 0.04315701955137267
0 0.2868356767632955 0.5524524394216016 0.030651340996168532 0.04542844163302402
0 0.23319583002000047 0.5013454425844496 0.035759897828863366 0.034071331224767895
0 0.23255726041591362 0.5410953290133456 0.034482758620689696 0.045428441633023925
0 0.20062878021157138 0.619459390830312 0.044699872286079176 0.038614175388070236
0 0.04226351839803369 0.47749551072711216 0.031928480204342274 0.03179990914311673
0 0.0748305682064628 0.5615381277482064 0.043422733077905486 0.040885597469721494
0 0.0901562387045471 0.6115094135445328 0.03575989782886335 0.045428441633023925
0 0.24085866526904262 0.2412676142353879 0.015325670498084294 0.01817137665320953
0 0.3762354213354539 0.21741768237805034 0.02043422733077902 0.02952848706146556
0 0.28619710715920865 0.2798817896234582 0.0063856960408684845 0.009085688326604861
0 0.2996070688450324 0.2707961012968534 0.01021711366538951 0.009085688326604814
0 0.30854704330224825 0.19129632843906164 0.017879948914431672 0.027257064979814394
0 0.31301703053085617 0.15381786409181689 0.029374201787994856 0.015899954571558364
0 0.2823656895346876 0.17653208490832883 0.029374201787994856 0.02952848706146556
0 0.2893899551796429 0.14700359784686323 0.03320561941251594 0.03407133122476799
0 0.260015753391648 0.10725371141796718 0.012771392081736862 0.03179990914311673
0 0.3104627521145088 0.1061180003771417 0.02171136653895275 0.03407133122476771
0 0.297052790428685 0.07772522435650181 0.012771392081736969 0.02271422081651206
0 0.3187641569676378 0.05614671458081543 0.012771392081736915 0.015899954571558364
0 0.3149327393431167 0.04819673729503624 0.012771392081736915 0.013628532489907006
0 0.2881128159714692 0.026618227519349866 0.017879948914431672 0.015899954571558364
0 0.280449980722427 0.04251818209090823 0.03065134099616864 0.03407133122476771
0 0.33983695390250374 0.0175325391927451 0.016602809706257996 0.020442798734860892
0 0.3181255873635509 0.006175428784489166 0.019157088122605345 0.024985642898163036
