0 0.23319583002000047 0.6228665239527887 0.028097062579821207 0.03634275330641906
0 0.23128012120773997 0.43774562429821623 0.02681992337164756 0.038614175388070326
0 0.18658024892166075 0.44228846846151865 0.008939974457215836 0.020442798734860795
0 0.12016901009662884 0.39913144891014596 0.0038314176245210665 0.006814266244953503
0 0.18083312248487915 0.3548387183179476 0.0025542784163473777 0.0
0 0.19615879298296343 0.3446173189505173 0.0025542784163473777 0.002271422081651168
0 0.2529914877466927 0.382095783297762 0.01149425287356324 0.027257064979814394
0 0.3609097508373696 0.2707961012968534 0.02554278416347378 0.022714220816511962
0 0.17508599604809755 0.3139531208482262 0.019157088122605345 0.03634275330641921
0 0.20190591941974506 0.31963167605235415 0.019157088122605345 0.01135711040825603
0 0.39730821827031976 0.24467474735786468 0.014048531289910592 0.020442798734860747
0 0.39283823104171184 0.20719628301061999 0.005108556832694755 0.03179990914311673
0 0.3692111556904986 0.22423194862300394 0.006385696040868431 0.034071331224767895
