0 0.2472443613099111 0.02093967231522185 0.01532567049808432 0.03179990914311673
0 0.23830438685269523 0.10271086725466494 0.0025542784163473777 0.013628532489907197
0 0.19105023615026867 0.12996793223447933 0.030651340996168588 0.07268550661283832
0 0.1942430841707029 0.22763908174548073 0.008939974457215836 0.0272570649798143
0 0.22425585556278463 0.27533894546015586 0.030651340996168588 0.05451412995962869
0 0.43626096411961734 0.40708142619592513 0.020434227330779077 0.03634275330641906
0 0.45733376105448326 0.3798243612161108 0.014048531289910592 0.0272570649798143
0 0.3851753957926697 0.16517497450007285 0.028097062579821183 0.03407133122476799
0 0.4452009385768332 0.23331763694960875 0.015325670498084266 0.038614175388070326
0 0.3059927648859009 0.06977524707072252 0.022988505747126426 0.02952848706146556
