0 0.6169761620761947 0.09816802309136251 0.024265644955300154 0.03634275330641906
0 0.5914333779127208 0.06750382498907137 0.011494252873563293 0.056785552041279955
0 0.5716377201860285 0.1435964647243864 0.03831417624521069 0.0726855066128384
0 0.6853031097134871 0.14359646472438645 0.005108556832694702 0.018171376653209722
0 0.6808331224848791 0.14586788680603766 0.008939974457215836 0.022714220816512153
0 0.6814716920889661 0.19470346156153842 0.00766283524904216 0.024985642898163133
0 0.6674231607990554 0.24808188048034147 0.010217113665389618 0.01817137665320953
0 0.6176147316802815 0.18448206219410804 0.00766283524904216 0.013628532489907197
0 0.6099518964312394 0.25035330256199273 0.0025542784163474583 0.0045428441633024305
0 0.6054819092026313 0.27647465650098146 0.006385696040868377 0.015899954571558413
0 0.5965419347454155 0.2935103221133654 0.0012771392081736754 0.004542844163302383
0 0.5633363153328996 0.28556034482758624 0.0063856960408684845 0.02952848706146556
0 0.5882405298922865 0.254896146725295 0.005108556832694809 0.022714220816511917
0 0.5512034928552496 0.29237461107253987 0.010217113665389618 0.024985642898163133
0 0.5333235439408179 0.2991888773174934 0.010217113665389618 0.029528487061465467
0 0.48990081086291243 0.24921759152116713 0.01021711366538951 0.024985642898163133
0 0.46946658353213333 0.195839172602364 0.017879948914431672 0.0272570649798143
0 0.4809608364056965 0.26738896817437663 0.005108556832694755 0.011357110408255934
0 0.4681894443239596 0.27874607858263256 0.0025542784163474046 0.024985642898163227
0 0.4618037482830912 0.22423194862300394 0.00766283524904216 0.01135711040825603
0 0.40752533193570933 0.2707961012968534 0.014048531289910645 0.022714220816511962
0 0.4311524072869226 0.3332602085422613 0.015325670498084266 0.04769986371467509
0 0.38581396539675655 0.3241745202156565 0.008939974457215836 0.029528487061465467
0 0.3826211173763223 0.36619582872620365 0.005108556832694755 0.027257064979814394
0 0.3800668389599749 0.4388813353390419 0.007662835249042214 0.02271422081651187
0 0.3762354213354539 0.4729526665638098 0.00766283524904216 0.009085688326604766
0 0.3660183076700644 0.4559170009514258 0.00766283524904216 0.029528487061465467
0 0.36729544687823806 0.4229813807674835 0.00766283524904216 0.04088559746972159
0 0.3602711812332827 0.36278869560372684 0.014048531289910592 0.05224270787797752
0 0.371765434106846 0.31736025397070294 0.014048531289910645 0.05224270787797748
0 0.3200412961758115 0.28669605586841185 0.012771392081736915 0.01817137665320953
0 0.2887513855755561 0.44569560158399546 0.0012771392081737292 0.01817137665320953
0 0.24724436130991106 0.4354742022165651 0.02043422733077905 0.038614175388070326
0 0.2555457661630401 0.29237461107253976 0.024265644955300154 0.05224270787797762
