0 0.3615483204414564 0.34121018582804047 0.014048531289910592 0.03634275330641916
0 0.3666568772741512 0.300324588358319 0.008939974457215836 0.03179990914311673
0 0.32004129617581145 0.39458860474684354 0.00766283524904216 0.020442798734860795
0 0.24916007012217165 0.452509867828949 0.0191570881226054 0.03634275330641906
0 0.20765304585652666 0.5002097315436241 0.05619412515964239 0.049971285796326356
0 0.17891741367261862 0.4252528028491347 0.05491698595146869 0.08631403910274542
0 0.23447296922817418 0.3843672053794132 0.017879948914431672 0.01817137665320953
0 0.2625700318079954 0.3957243157876692 0.010217113665389565 0.03179990914311673
0 0.24213580447721633 0.33212449750143574 0.012771392081736915 0.018171376653209628
0 0.400501066290754 0.36506011768537805 0.002554278416347351 0.015899954571558364
0 0.34749978915154583 0.35483871831794767 0.00383141762452108 0.009085688326604766
