0 0.33919838429841687 0.14473217576521208 0.015325670498084266 0.03407133122476799
0 0.3328126882575484 0.17312495178585205 0.017879948914431672 0.018171376653209628
0 0.3679340164823249 0.22650337070465512 0.026819923371647507 0.034071331224767895
0 0.4388152425359647 0.21968910445970155 0.028097062579821183 0.038614175388070326
0 0.3685725860864117 0.3661958287262036 0.0025542784163474046 0.009085688326604766
0 0.3328126882575484 0.37982436121611085 0.0025542784163474046 0.0
0 0.3360055362779826 0.35483871831794767 0.003831417624521026 0.009085688326604766
0 0.3149327393431167 0.4184385366041811 0.005108556832694755 0.013628532489907101
0 0.2951370816164245 0.3968600268284948 0.024265644955300154 0.02952848706146556
0 0.330258409841201 0.31849596501152855 0.0025542784163474046 0.01817137665320953
0 0.2823656895346876 0.3537030072771221 0.003831417624521026 0.0068142662449535985
0 0.3149327393431167 0.28442463378676064 0.015325670498084266 0.0
0 0.30152277765729296 0.2617104129702486 0.00383141762452108 0.0045428441633024305
0 0.2197858683341767 0.36278869560372684 0.03959131545338442 0.038614175388070326
0 0.2140387418973951 0.30827456564409816 0.01277139208173689 0.015899954571558364
0 0.2606543229957348 0.3162245429298773 0.029374201787994856 0.03634275330641916
0 0.2082916154606135 0.42070995868583233 0.042145593869731775 0.040885597469721494
0 0.18913452733800815 0.1969748836431896 0.047254150702426556 0.10221399367430378
0 0.17827884406853178 0.300324588358319 0.053639846743295014 0.049971285796326356
0 0.13613325019879996 0.30827456564409816 0.03575989782886335 0.056785552041279816
0 0.127831845345671 0.2878317669092374 0.0421455938697318 0.024985642898163227
0 0.14315751584375527 0.4229813807674835 0.0421455938697318 0.0545141299596286
0 0.10675904841080508 0.42070995868583233 0.02298850574712644 0.01817137665320953
0 0.0959033651413287 0.4388813353390419 0.01915708812260536 0.02271422081651187
0 0.10101192197402346 0.38096007225693646 0.06002554278416347 0.034071331224767895
0 0.09079480830863394 0.31736025397070294 0.04980842911877393 0.05224270787797748
0 0.08504768187185234 0.28101750066428377 0.033205619412515965 0.02952848706146561
0 0.11761473168028147 0.195839172602364 0.060025542784163485 0.07722835077614056
0 0.04098637918985999 0.24921759152116715 0.044699872286079176 0.08858546118439664
0 0.04609493602255476 0.44569560158399546 0.04980842911877394 0.05451412995962879
0 0.018636443046820404 0.1356464874386073 0.02554278416347382 0.07495692869448958
