0 0.8091856129063352 0.3446173189505172 0.07662835249042138 0.09767114951100135
0 0.627831845345671 0.12315366598952564 0.02043422733077913 0.02271422081651187
0 0.6010119219740235 0.22082481550052716 0.035759897828863345 0.03634275330641916
0 0.6457117942601027 0.19811059468401518 0.012771392081736862 0.022714220816511962
0 0.6227232885129763 0.23899619215373674 0.010217113665389726 0.01817137665320953
0 0.6220847189088894 0.2787460785826326 0.031928480204342316 0.034071331224767895
0 0.6022890611821973 0.29351032211336536 0.01532567049808432 0.03634275330641916
0 0.6137833140557605 0.3366673416647381 0.010217113665389618 0.027257064979814394
0 0.6086747572230656 0.3616529845629013 0.00766283524904216 0.022714220816511962
0 0.5978190739535894 0.3457530299913429 0.0063856960408684845 0.03634275330641916
0 0.586963390684113 0.3855029164202388 0.01532567049808432 0.0068142662449535985
0 0.5767462770187234 0.3548387183179476 0.03320561941251599 0.03179990914311673
0 0.5512034928552495 0.34688874103216844 0.025542784163473723 0.04315701955137267
0 0.5326849743367311 0.3184959650115285 0.003831417624521026 0.009085688326604766
0 0.5071421901732572 0.2787460785826326 0.011494252873563293 0.020442798734860747
0 0.5384321007735127 0.1935677505207128 0.0 0.0
0 0.5607820369165523 0.29010318899088855 0.011494252873563293 0.04769986371467514
