0 0.18274883129713967 0.8829443523018505 0.3358876117496807 0.23395647441007314
0 0.5403478095857732 0.32871736437895893 0.019157088122605345 0.038614175388070326
0 0.5148050254222993 0.35938156248125 0.026819923371647507 0.02271422081651187
0 0.4975636461119545 0.4354742022165651 0.02809706257982129 0.024985642898163133
0 0.4975636461119545 0.469545533441333 0.022988505747126374 0.029528487061465467
0 0.4835151148220439 0.48430977697206573 0.01532567049808432 0.03179990914311664
0 0.4892622412588255 0.4968025984211473 0.006385696040868377 0.011357110408255839
0 0.47712941878117543 0.5161096861151824 0.012771392081736915 0.03179990914311673
0 0.47010515313622014 0.5183811081968336 0.003831417624521026 0.004542844163302526
0 0.4713822923443938 0.5183811081968337 0.008939974457215836 0.013628532489907292
0 0.4445623689727463 0.5195168192376592 0.014048531289910592 0.038614175388070424
0 0.4471166473890936 0.463866978237205 0.021711366538952805 0.0408855974697214
0 0.38772967420901705 0.49793830946197287 0.02298850574712648 0.027257064979814394
0 0.3596326116291959 0.4843097769720658 0.015325670498084266 0.009085688326604861
0 0.3692111556904986 0.5365524848500433 0.006385696040868431 0.009085688326604861
0 0.3717654341068459 0.5569952835849041 0.008939974457215782 0.009085688326604576
0 0.36282545964963014 0.5808452154422418 0.014048531289910645 0.020442798734860892
0 0.31301703053085617 0.47749551072711205 0.011494252873563187 0.013628532489907197
0 0.34494551073519847 0.5251953744417871 0.014048531289910645 0.01817137665320953
0 0.32323414419624574 0.5320096406867408 0.02171136653895275 0.01817137665320953
0 0.3283427010289405 0.5626738387890321 0.014048531289910592 0.02952848706146556
0 0.30152277765729296 0.5433667510949969 0.016602809706257996 0.01817137665320982
0 0.28491996795103497 0.5410953290133456 0.0191570881226054 0.0408855974697214
0 0.2708714366611244 0.5081597088294034 0.024265644955300102 0.03407133122476799
0 0.27470285428564545 0.4740883776046354 0.026819923371647507 0.04315701955137267
0 0.28619710715920865 0.45478128991060024 0.014048531289910592 0.027257064979814394
0 0.20893018506470035 0.4252528028491347 0.022988505747126426 0.01817137665320953
0 0.2095687546687872 0.47749551072711205 0.014048531289910618 0.013628532489907197
0 0.21340017229330827 0.4968025984211473 0.011494252873563213 0.011357110408255839
0 0.19999021060748454 0.5002097315436241 0.007662835249042133 0.013628532489907197
0 0.21723158991782934 0.5149739750743569 0.008939974457215836 0.01135711040825603
0 0.22617156437504518 0.5365524848500433 0.019157088122605345 0.009085688326604861
0 0.21531588110556882 0.5399596179725199 0.012771392081736915 0.01135711040825603
0 0.23511153883226102 0.5501810173399505 0.006385696040868431 0.013628532489907197
0 0.1916888057543555 0.545638173176648 0.047254150702426556 0.02271422081651206
0 0.16870030000722908 0.5206525302784849 0.05236270753512131 0.03179990914311673
0 0.15720604713366587 0.5240596634009617 0.029374201787994884 0.024985642898163227
0 0.17253171763175015 0.48544548801289134 0.03192848020434226 0.034071331224767805
0 0.1476275030723632 0.48317406593124007 0.02043422733077905 0.024985642898163227
0 0.18402597050531339 0.4627312671963794 0.019157088122605345 0.02952848706146556
0 0.18274883129713967 0.44569560158399546 0.029374201787994884 0.045428441633023925
0 0.15401319911323166 0.4354742022165651 0.033205619412515965 0.020442798734860795
0 0.15273605990505798 0.41616711452252997 0.015325670498084294 0.022714220816511962
0 0.15401319911323166 0.4082171372367507 0.015325670498084294 0.0204427987348607
0 0.1240004277211499 0.4513741567881234 0.014048531289910604 0.03407133122476799
0 0.10101192197402346 0.4672741113596818 0.02426564495530013 0.020442798734860795
0 0.119530440492542 0.5058882867477521 0.012771392081736915 0.024985642898163036
0 0.0480106448348153 0.4763597996862866 0.030651340996168574 0.024985642898163227
