0 0.6750859960480975 0.8125302677706635 0.35504469987228604 0.3793274876357496
0 0.834728397069809 0.061825269784943446 0.035759897828863345 0.06359981828623346
0 0.42476671124605414 0.2935103221133654 0.03831417624521069 0.045428441633023925
0 0.3864525350008434 0.16063213033677048 0.02554278416347383 0.024985642898163227
0 0.35196977638015375 0.3673315397670292 0.015325670498084266 0.0204427987348607
0 0.3743197125231933 0.3309887864606101 0.01149425287356324 0.011357110408255934
0 0.3500540675678932 0.3253102312564822 0.016602809706257996 0.01817137665320953
0 0.2989684992409456 0.5592667056665551 0.00383141762452108 0.018171376653209722
0 0.2012673498156582 0.24694616943951592 0.005108556832694755 0.0204427987348607
0 0.13485611099062628 0.23445334799043427 0.012771392081736915 0.045428441633023925
