0 0.8149327393431167 0.1197465328670488 0.019157088122605453 0.038614175388070236
0 0.8111013217185956 0.043653893131733915 0.0063856960408684845 0.027257064979814394
0 0.7976913600327717 0.057282425621641014 0.02043422733077902 0.04088559746972159
0 0.7165930203137425 0.091353756846409 0.011494252873563187 0.027257064979814394
0 0.7913056639919034 0.017532539192745097 0.02043422733077902 0.034071331224767895
0 0.6393260982192343 0.1424607536835609 0.017879948914431672 0.04315701955137267
0 0.640603237427408 0.035703915845954726 0.03320561941251599 0.04315701955137276
0 0.5952647955372419 0.04706102625421066 0.021711366538952698 0.034071331224767895
0 0.5250221390876889 0.0856752016422809 0.006385696040868377 0.034071331224767895
0 0.5786619858309839 0.13905362056108406 0.016602809706257996 0.018171376653209628
0 0.4464780777850068 0.07204666915237379 0.038314176245210746 0.03407133122476809
0 0.487346532446565 0.11066084454044411 0.040868454661558154 0.02952848706146556
0 0.4937322284874334 0.17198924074502642 0.025542784163473886 0.015899954571558364
0 0.5512034928552495 0.266253257133551 0.012771392081736969 0.03179990914311673
0 0.5160821646304732 0.33780305270556366 0.019157088122605453 0.015899954571558364
0 0.4688280139280465 0.2787460785826326 0.03703703703703707 0.034071331224767895
0 0.4452009385768332 0.31395312084822613 0.02554278416347378 0.049971285796326266
0 0.3641025988578038 0.08681091268310648 0.03959131545338442 0.06359981828623346
0 0.31301703053085617 0.11406797766292087 0.011494252873563187 0.02271422081651206
0 0.36410259885780377 0.22536765966382957 0.008939974457215836 0.022714220816511962
0 0.3602711812332827 0.25716756880694625 0.01149425287356324 0.03634275330641906
0 0.29705279042868504 0.09362517892806008 0.00766283524904216 0.049971285796326266
0 0.32578842261259305 0.18107492907163125 0.0191570881226054 0.029528487061465467
0 0.2651243102243428 0.13223935431613054 0.030651340996168588 0.08631403910274542
0 0.15848318634183955 0.057282425621641105 0.02171136653895275 0.03179990914311673
0 0.10101192197402348 0.37528151705280843 0.006385696040868458 0.02271422081651187
0 0.13741038940697367 0.34007447478721486 0.025542784163473803 0.029528487061465467
0 0.11569902286802092 0.44001704637986755 0.015325670498084294 0.024985642898163133
0 0.27981141111834024 0.30941027668492377 0.024265644955300102 0.040885597469721494
0 0.32004129617581145 0.266253257133551 0.00766283524904216 0.045428441633023925
0 0.2715100062652112 0.35711014039959893 0.010217113665389565 0.04997128579632622
0 0.29194423359599025 0.3673315397670292 0.017879948914431672 0.024985642898163227
0 0.3277041314248536 0.3264459422973077 0.017879948914431672 0.024985642898163133
0 0.3047156256777272 0.31963167605235415 0.005108556832694809 0.01135711040825603
0 0.2951370816164245 0.3968600268284948 0.0063856960408684845 0.02952848706146556
0 0.3059927648859009 0.42525280284913464 0.00766283524904216 0.03179990914311673
0 0.3487769283597195 0.4888526211353682 0.02171136653895275 0.040885597469721494
0 0.2619314622039085 0.4138956924408787 0.008939974457215836 0.03179990914311673
0 0.3704882948986723 0.3412101858280405 0.008939974457215836 0.018171376653209486
