0 0.9107181799561436 0.48090264384958903 0.1519795657726692 0.15218527947063004
0 0.9222124328297067 0.32758165333813327 0.07790549169859516 0.08177119493944299
0 0.9535023434299622 0.36165298456290124 0.09195402298850582 0.09539972742935018
0 0.8040770560736403 0.3786886501752852 0.09450830140485317 0.07495692869448939
0 0.8379212450902431 0.32985307541978454 0.07790549169859495 0.05451412995962869
0 0.7798114111183402 0.3025960104399702 0.0868454661558109 0.09085688326604785
0 0.7325572604159136 0.4229813807674835 0.07151979565772658 0.06359981828623346
0 0.6418803766355816 0.4581884230330771 0.04086845466155804 0.06132839620458229
0 0.6271932757415841 0.3480244520729941 0.052362707535121226 0.06814266244953589
0 0.5754691378105496 0.4990740205027985 0.0434227330779055 0.056785552041279955
0 0.3979467878744066 0.3718743839303316 0.06896551724137934 0.06587124036788472
