0 0.09526479553724188 0.7920874690358028 0.09195402298850576 0.1567281236339325
0 0.3679340164823249 0.4445598905431699 0.09578544061302684 0.06132839620458229
0 0.43817667293187784 0.3798243612161108 0.070242656449553 0.05905697412293103
0 0.48798510205065193 0.3832314943385876 0.07535121328224786 0.06587124036788462
0 0.44647807778500687 0.5376881958908688 0.10217113665389532 0.07495692869448958
0 0.5116121774018652 0.5388239069316946 0.10217113665389527 0.09085688326604795
0 0.6105904660353262 0.38096007225693646 0.08556832694763722 0.06132839620458229
0 0.3059927648859009 0.4491027347064722 0.04853128991060026 0.05224270787797752
0 0.3615483204414564 0.47863122176793776 0.05491698595146869 0.06132839620458229
0 0.9611651786790043 0.07772522435650187 0.08173690932311631 0.12719963657246702
0 0.9228510024337936 0.13337506535695615 0.06385696040868452 0.056785552041279864
0 0.8621868900455433 0.1526821530509913 0.05491698595146869 0.06359981828623346
0 0.7191472987300898 0.08453949060145531 0.04214559386973182 0.06814266244953579
0 0.7568229053712138 0.167446396581724 0.061302681992337064 0.06587124036788482
0 0.7370272476445217 0.20038201676566642 0.03448275862068967 0.03179990914311673
0 0.7095687546687872 0.18675348427575925 0.03831417624521069 0.0272570649798143
0 0.7121230330851346 0.16744639658172408 0.025542784163473723 0.0204427987348607
0 0.7121230330851347 0.2299105038271319 0.03320561941251599 0.03634275330641916
0 0.7248944251668715 0.24467474735786468 0.06385696040868452 0.06587124036788472
0 0.7338343996240873 0.294646033154191 0.05874840357598982 0.06132839620458229
0 0.6418803766355816 0.27761036754180696 0.061302681992337175 0.03634275330641916
0 0.6284704149497579 0.23331763694960875 0.08045977011494251 0.07041408453118701
0 0.6552903383214054 0.17993921803080565 0.031928480204342205 0.022714220816511962
0 0.5799391250391576 0.21628197133722477 0.03959131545338437 0.049971285796326266
0 0.5288535567122099 0.2560318577661207 0.0651340996168582 0.05224270787797743
0 0.4924550892792598 0.15495357513264246 0.05619412515964247 0.05451412995962879
0 0.38006683895997495 0.2526247246436439 0.02554278416347383 0.040885597469721494
