0 0.7734257150774718 0.13223935431613046 0.05874840357598971 0.02725706497981449
0 0.7453286524976505 0.1935677505207128 0.04597701149425285 0.045428441633023925
0 0.7338343996240873 0.14359646472438653 0.017879948914431672 0.045428441633023925
0 0.6763631352562712 0.190160617398236 0.03065134099616864 0.056785552041279864
0 0.5863248210800261 0.28328892274593503 0.021711366538952698 0.038614175388070326
0 0.611229035639413 0.2685246792152023 0.02043422733077902 0.03179990914311673
0 0.6891345273380082 0.26966039025602784 0.030651340996168532 0.05224270787797752
0 0.6833874009012265 0.2866960558684118 0.008939974457215836 0.004542844163302336
0 0.6572060471336659 0.2866960558684118 0.0 0.0
0 0.710845893876961 0.35597442935877327 0.01532567049808432 0.038614175388070326
0 0.5224678606713415 0.4150314034817043 0.031928480204342316 0.04315701955137276
0 0.47968369719752285 0.38436720537941316 0.02809706257982129 0.06359981828623346
