0 0.5805776946432444 0.43433849117573947 0.056194125159642366 0.045428441633023835
0 0.7031830586279187 0.38436720537941327 0.06385696040868463 0.10448541575595491
0 0.7523529181426059 0.4048100041142739 0.0600255427841635 0.07268550661283822
0 0.3679340164823249 0.9794797907720263 0.09833971902937419 0.06359981828623346
0 0.6048433395985445 0.3457530299913429 0.04853128991060031 0.06814266244953589
0 0.5812162642473313 0.4036742930734484 0.070242656449553 0.03407133122476799
0 0.5556734800838575 0.44455989054316986 0.037037037037037125 0.04769986371467509
0 0.590794808308634 0.4615955561555538 0.0383141762452108 0.03179990914311673
0 0.6176147316802815 0.44455989054316986 0.028097062579821183 0.024985642898163133
0 0.6431575158437552 0.4263885138899603 0.03831417624521069 0.03407133122476799
