0 0.9784065579893492 0.4059457151550996 0.04725415070242663 0.06132839620458229
0 0.9752137099689148 0.3253102312564821 0.05874840357598961 0.049971285796326266
0 0.9688280139280465 0.5013454425844497 0.06385696040868474 0.06587124036788453
0 0.8181255873635509 0.6126451245853585 0.10983397190293738 0.07495692869448949
0 0.7989684992409456 0.3298530754197845 0.03831417624521069 0.045428441633023925
0 0.7753414238897323 0.3741458060119828 0.03959131545338437 0.056785552041279864
0 0.7836428287428613 0.43774562429821623 0.043422733077905395 0.038614175388070326
0 0.7357501084363479 0.4740883776046354 0.06768837803320554 0.07495692869448939
0 0.756184335767127 0.44342417950234425 0.06002554278416339 0.049971285796326356
0 0.7210630075423504 0.5547238615032528 0.11749680715197965 0.10902825991925748
0 0.7338343996240873 0.4911240432170194 0.08939974457215835 0.06814266244953598
0 0.7376658172486084 0.5183811081968337 0.056194125159642366 0.049971285796326266
0 0.6961587929829635 0.5047525757069266 0.029374201787994856 0.036342753306419256
0 0.6750859960480975 0.48430977697206573 0.04597701149425285 0.03179990914311664
0 0.6916888057543555 0.3911814716243668 0.053639846743295014 0.09085688326604785
0 0.6367718198028869 0.45023844574729793 0.048531289910600205 0.045428441633023925
0 0.6310246933661052 0.4763597996862866 0.05491698595146869 0.056785552041279955
0 0.5869633906841129 0.46727411135968183 0.035759897828863345 0.04315701955137276
0 0.5231064302754284 0.5354167738092176 0.0434227330779055 0.038614175388070424
