0 0.26320860141208224 0.6762449428715918 0.471264367816092 0.6337267607806835
0 0.6552903383214054 0.07772522435650181 0.008939974457215836 0.02271422081651206
0 0.5614206065206391 0.16176784137759606 0.0 0.0
0 0.49053938046699924 0.2299105038271319 0.04725415070242663 0.05905697412293103
0 0.5096964685896045 0.1890249063574104 0.0012771392081736754 0.0045428441633024305
0 0.5339621135449047 0.156089286173468 0.003831417624521026 0.043157019551372855
0 0.47393657076074125 0.24240332527621347 0.011494252873563187 0.034071331224767895
0 0.3998624966866671 0.3025960104399702 0.003831417624521026 0.013628532489907197
0 0.3819825477722355 0.18334635115328243 0.02171136653895275 0.02952848706146556
0 0.3641025988578038 0.11633939974457214 0.014048531289910592 0.04088559746972159
0 0.20765304585652666 0.2537604356844695 0.005108556832694755 0.011357110408255934
0 0.23447296922817418 0.288967477950063 0.007662835249042133 0.027257064979814394
0 0.2331958300200005 0.3730100949711572 0.012771392081736915 0.013628532489907197
0 0.21084589387696087 0.39572431578766915 0.02171136653895275 0.0272570649798143
0 0.23575010843634786 0.4536455788697747 0.025542784163473803 0.02952848706146556
0 0.15145892069688427 0.3900457605835412 0.010217113665389538 0.01135711040825603
0 0.17380885683992386 0.44683131262482106 0.008939974457215836 0.015899954571558364
0 0.1348561109906263 0.45932413407390266 0.02043422733077905 0.027257064979814394
