0 0.4222124328297067 0.45478128991060024 0.00766283524904216 0.027257064979814394
0 0.40369391431118823 0.47408837760463546 0.016602809706257996 0.002271422081651168
0 0.41965815441335935 0.4116242703592275 0.01021711366538951 0.009085688326604766
0 0.417103875997012 0.35029587415464525 0.012771392081736915 0.03179990914311673
0 0.38709110460493024 0.3593815624812501 0.01149425287356324 0.01817137665320953
0 0.3436683715270248 0.3775529391344596 0.006385696040868431 0.03179990914311673
0 0.3621868900455433 0.4491027347064723 0.017879948914431672 0.038614175388070326
0 0.3896453830212776 0.370738672889506 0.019157088122605345 0.03634275330641916
0 0.4777679883852623 0.2935103221133654 0.016602809706258048 0.02725706497981425
0 0.4899008108629123 0.32303880917483085 0.022988505747126426 0.03179990914311673
0 0.474575140364828 0.2753389454601558 0.025542784163473938 0.0272570649798143
0 0.6029276307862841 0.23445334799043427 0.0063856960408684845 0.01817137665320953
0 0.5984576435576762 0.2106034161330968 0.00766283524904216 0.024985642898163133
0 0.602927630786284 0.18221064011245683 0.019157088122605345 0.009085688326604766
0 0.6476275030723632 0.20606057196979438 0.008939974457215836 0.07041408453118705
0 0.6635917431745343 0.11520368870374645 0.028097062579821183 0.034071331224767895
0 0.6795559832767054 0.10157515621383925 0.016602809706257996 0.02952848706146556
0 0.544817796814381 0.10043944517301368 0.02298850574712648 0.0
0 0.5786619858309839 0.060689558744117765 0.008939974457215836 0.04315701955137276
0 0.4988407853201282 0.04933244833586183 0.022988505747126374 0.04315701955137257
0 0.6176147316802815 0.01185398398861718 0.02298850574712648 0.027257064979814394
0 0.46371945709535173 0.1254250880711768 0.008939974457215836 0.013628532489907197
