0 0.23702724764452154 0.6330879233202191 0.06896551724137936 0.07495692869448949
0 0.36921115569049856 0.393452893706018 0.03192848020434226 0.03634275330641916
0 0.43242954649509624 0.41730282556335546 0.05874840357598971 0.04769986371467509
0 0.42029672401744617 0.4513741567881235 0.05236270753512134 0.04769986371467509
0 0.43689953372370416 0.4990740205027985 0.03448275862068961 0.038614175388070236
0 0.5250221390876889 0.382095783297762 0.029374201787994964 0.045428441633023925
0 0.51672073423456 0.42184566972665793 0.02554278416347383 0.02952848706146556
0 0.49309365888334655 0.47068124448215853 0.03448275862068967 0.0272570649798143
0 0.549287784042989 0.45364557886977463 0.011494252873563187 0.038614175388070424
0 0.5333235439408178 0.46045984511472815 0.012771392081736969 0.0204427987348607
0 0.5096964685896047 0.4491027347064722 0.031928480204342316 0.015899954571558364
0 0.49245508927925974 0.43888133533904183 0.022988505747126534 0.013628532489907197
0 0.4930936588833466 0.4173028255633555 0.03192848020434226 0.038614175388070326
0 0.46882801392804646 0.44001704637986744 0.006385696040868431 0.034071331224767895
0 0.4764908491770886 0.47181695552298425 0.04214559386973182 0.038614175388070326
