0 0.8845368261885829 0.4138956924408787 0.07662835249042149 0.11357110408255963
0 0.7472443613099111 0.4195742476450067 0.05236270753512134 0.06587124036788472
0 0.17764027446444494 0.684194920157371 0.03703703703703704 0.06814266244953579
0 0.5333235439408178 0.13905362056108406 0.025542784163473723 0.11357110408255981
0 0.5218292910672546 0.2003820167656664 0.0434227330779055 0.06359981828623346
0 0.4892622412588255 0.15836070825511928 0.016602809706258048 0.024985642898163133
0 0.29641422082459823 0.1890249063574104 0.014048531289910592 0.018171376653209628
0 0.29769136003277186 0.2174176823780504 0.014048531289910645 0.024985642898163133
0 0.33664410588206944 0.24694616943951592 0.02043422733077902 0.0204427987348607
0 0.3621868900455433 0.29010318899088855 0.012771392081736915 0.034071331224767895
0 0.23255726041591365 0.2230962375821783 0.03703703703703704 0.05451412995962869
0 0.26320860141208224 0.29351032211336536 0.026819923371647507 0.03634275330641916
0 0.2293644123954794 0.3037317214807958 0.04597701149425288 0.04769986371467505
0 0.25299148774669267 0.3798243612161108 0.026819923371647507 0.040885597469721494
0 0.2095687546687872 0.3582458514404245 0.03192848020434229 0.052242707877977385
0 0.1706160088194896 0.3400744747872149 0.030651340996168588 0.04769986371467509
0 0.2529914877466927 0.4456956015839954 0.014048531289910592 0.022714220816511962
0 0.2778957023060797 0.4479670236656466 0.02043422733077902 0.05905697412293112
0 0.22744870358321886 0.4854454880128914 0.006385696040868458 0.05224270787797743
0 0.21723158991782934 0.4456956015839954 0.016602809706257996 0.04997128579632617
0 0.19105023615026867 0.46840982240050744 0.030651340996168588 0.049971285796326266
