0 0.2996070688450324 0.6035594362587535 0.0434227330779055 0.04315701955137267
0 0.5646134545410733 0.4252528028491347 0.03448275862068956 0.03634275330641916
0 0.19743593219113711 0.3684672508078548 0.05874840357598977 0.06359981828623346
0 0.260015753391648 0.34688874103216844 0.010217113665389457 0.015899954571558364
0 0.31876415696763777 0.39572431578766915 0.01021711366538951 0.022714220816511962
0 0.33664410588206944 0.36392440664455245 0.01021711366538951 0.013628532489907101
0 0.3653797380659775 0.3116816987665749 0.008939974457215836 0.027257064979814394
0 0.3813439781681487 0.28328892274593503 0.012771392081736915 0.020442798734860844
0 0.3947539398539724 0.35143158519547085 0.008939974457215836 0.024985642898163227
0 0.3883682438131039 0.3468887410321685 0.01149425287356324 0.0068142662449535985
