0 0.9266824200583147 0.2287747927863063 0.07151979565772669 0.08404261702109425
0 0.8277041314248537 0.15722499721429362 0.04725415070242663 0.05905697412293112
0 0.74341294368539 0.1969748836431896 0.03448275862068956 0.029528487061465467
0 0.7031830586279187 0.19129632843906164 0.025542784163473723 0.027257064979814394
0 0.7108458938769608 0.21287483821474795 0.012771392081736969 0.024985642898163133
0 0.73128012120774 0.22082481550052713 0.00766283524904216 0.013628532489907101
0 0.7287258427913926 0.2798817896234582 0.022988505747126374 0.03634275330641906
0 0.7095687546687873 0.3491601631138197 0.01532567049808432 0.024985642898163133
0 0.698074501795224 0.3241745202156565 0.01021711366538951 0.03407133122476799
0 0.6801945528807923 0.3094102766849237 0.00766283524904216 0.0272570649798143
0 0.6597603255500133 0.25943899088859745 0.005108556832694702 0.009085688326604814
0 0.6533746295091448 0.2901031889908886 0.012771392081736862 0.038614175388070326
0 0.7172315899178293 0.08794662372393217 0.05874840357598982 0.0613283962045821
