0 0.367295446878238 0.21628197133722477 0.01532567049808432 0.027257064979814394
0 0.3328126882575484 0.24694616943951583 0.00766283524904216 0.03861417538807028
0 0.5837705426636788 0.382095783297762 0.016602809706257996 0.03179990914311673
0 0.3538854851924143 0.46500268927803057 0.016602809706257996 0.038614175388070236
0 0.34111409311067736 0.44228846846151865 0.0063856960408684845 0.020442798734860795
0 0.3225955745921589 0.4718169555229842 0.01532567049808432 0.024985642898163036
0 0.29066709438781657 0.44001704637986744 0.022988505747126426 0.04315701955137276
0 0.3130170305308562 0.4116242703592275 0.016602809706257996 0.0272570649798143
0 0.2900285247837297 0.37868865017528525 0.01149425287356324 0.03407133122476799
0 0.30343848646955346 0.3219030981340053 0.038314176245210746 0.04315701955137267
0 0.32514985300850624 0.28328892274593503 0.007662835249042106 0.011357110408255934
0 0.2976913600327719 0.2866960558684118 0.01660280970625794 0.027257064979814394
0 0.4426466601604858 0.40821713723675074 0.02554278416347383 0.034071331224767895
0 0.507780759777344 0.3491601631138197 0.012771392081736969 0.034071331224767853
0 0.35963261162919585 0.3945886047468436 0.03320561941251588 0.029528487061465467
0 0.24852150051808478 0.20492486092896878 0.05619412515964244 0.05451412995962869
0 0.1661460215908817 0.2855603448275862 0.037037037037037014 0.05224270787797752
0 0.20382162823200559 0.46045984511472826 0.035759897828863345 0.06587124036788462
0 0.1603988951541001 0.4763597996862866 0.06896551724137931 0.047699863714675
0 0.04992635364707583 0.31736025397070294 0.044699872286079176 0.06132839620458229
0 0.048010644834815305 0.19811059468401523 0.05363984674329503 0.06359981828623346
0 0.11506045326393408 0.07204666915237379 0.044699872286079176 0.06587124036788482
0 0.014805025422299332 0.3219030981340053 0.0280970625798212 0.05224270787797752
