0 0.656567477529579 0.30373172148079575 0.06768837803320565 0.12038537032751341
0 0.7542686269548663 0.07658951331567623 0.09961685823754786 0.15218527947063015
0 0.45861090026265694 0.25262472464364394 0.03959131545338442 0.06359981828623346
0 0.4879851020506518 0.2935103221133654 0.03448275862068972 0.049971285796326356
0 0.520552151859081 0.2866960558684118 0.015325670498084212 0.05905697412293112
0 0.45988803947083057 0.35143158519547085 0.02937420178799491 0.05224270787797743
0 0.5441792272102942 0.40821713723675074 0.049808429118773985 0.05224270787797743
0 0.5403478095857731 0.3457530299913429 0.014048531289910645 0.03634275330641916
0 0.5173593038386468 0.41275998140005316 0.0063856960408684845 0.015899954571558364
0 0.5052264813609967 0.45932413407390266 0.02043422733077902 0.03179990914311673
0 0.5141664558182125 0.46273126719637936 0.00766283524904216 0.01589995457155827
0 0.5633363153328996 0.4422884684615187 0.008939974457215836 0.024985642898163133
0 0.5856862514759392 0.3911814716243668 0.00766283524904216 0.027257064979814394
0 0.6482660726764501 0.36278869560372684 0.017879948914431672 0.05224270787797752
