0 0.6859416793175739 0.1924320394798872 0.019157088122605345 0.04769986371467509
0 0.6891345273380082 0.2957817441950166 0.00766283524904216 0.009085688326604814
0 0.6936045145666161 0.3275816533381333 0.014048531289910645 0.02271422081651187
0 0.6010119219740235 0.393452893706018 0.00766283524904216 0.013628532489907197
0 0.6144218836598473 0.40708142619592513 0.003831417624521026 0.004542844163302336
0 0.631663262970192 0.4207099586858324 0.005108556832694702 0.013628532489907197
0 0.6552903383214054 0.3979957378693204 0.0063856960408684845 0.013628532489907197
0 0.6214461493048026 0.35256729623629646 0.00766283524904216 0.01817137665320953
0 0.6093133268271526 0.32303880917483085 0.019157088122605453 0.03179990914311673
0 0.5895176691004602 0.3071388546032726 0.0076628352490422675 0.004542844163302383
0 0.6048433395985445 0.2878317669092374 0.02043422733077902 0.03861417538807028
0 0.500117924528302 0.31849596501152855 0.012771392081736862 0.03179990914311673
0 0.516082164630473 0.34575302999134283 0.014048531289910645 0.03179990914311673
0 0.5026722029446493 0.37073867288950596 0.02043422733077913 0.03179990914311673
0 0.48543082363430445 0.3298530754197845 0.021711366538952805 0.045428441633023925
0 0.33536696667389576 0.29237461107253976 0.02043422733077902 0.0613283962045822
0 0.5735534289982892 0.33212449750143574 0.037037037037037125 0.02725706497981425
0 0.3474997891515458 0.5490453062991247 0.06257982120051091 0.06587124036788472
