0 0.22425585556278466 0.6580735662183823 0.04597701149425288 0.16581381196053716
0 0.49437079809152035 0.9215585276899209 0.08812260536398474 0.1567281236339325
0 0.16933886961131595 0.6626164103816846 0.07662835249042146 0.06587124036788482
0 0.7459672221017374 0.28328892274593503 0.044699872286079176 0.07041408453118711
0 0.8928382310417119 0.37528151705280843 0.03959131545338437 0.09085688326604785
0 0.7255329947709583 0.1197465328670489 0.01660280970625789 0.015899954571558364
0 0.6789174136726187 0.15836070825511922 0.02554278416347383 0.05224270787797762
0 0.6137833140557604 0.051603870417513 0.025542784163473723 0.034071331224767895
0 0.582493403455505 0.12542508807117694 0.01149425287356308 0.031799909143116825
0 0.5582277585002048 0.14132504264273532 0.029374201787994856 0.031799909143116825
0 0.5665291633533338 0.09816802309136252 0.012771392081736862 0.018171376653209354
0 0.5352392527530785 0.1186108218262233 0.019157088122605238 0.036342753306419256
0 0.5058650509650835 0.06296098082576894 0.016602809706257996 0.024985642898163036
0 0.5799391250391576 0.22650337070465515 0.016602809706257996 0.020442798734860795
0 0.5033107725487361 0.18221064011245683 0.026819923371647507 0.03634275330641916
0 0.40624819272753565 0.23786048111291108 0.03448275862068967 0.020442798734860795
0 0.4164653063929251 0.1640392634592473 0.019157088122605345 0.045428441633023835
0 0.3513312067760669 0.22763908174548073 0.01660280970625794 0.018171376653209628
0 0.19679736258705027 0.3094102766849237 0.02171136653895275 0.022714220816511962
0 0.17253171763175015 0.40708142619592513 0.014048531289910592 0.02271422081651187
0 0.18402597050531336 0.4377456242982163 0.014048531289910592 0.015899954571558364
0 0.260015753391648 0.1435964647243865 0.02554278416347383 0.03634275330641916
0 0.24660579170582422 0.09703231205053683 0.011494252873563213 0.020442798734860712
0 0.41838101520518567 0.3412101858280405 0.017879948914431672 0.018171376653209486
0 0.3960310790621461 0.393452893706018 0.02171136653895275 0.0272570649798143
0 0.3621868900455433 0.39686002682849475 0.01021711366538951 0.024985642898163133
0 0.3334512578616352 0.3843672053794132 0.01660280970625794 0.009085688326604766
0 0.31812558736355095 0.3889100495427155 0.0063856960408684845 0.009085688326604766
0 0.35005406756789326 0.4843097769720658 0.00383141762452108 0.013628532489907197
0 0.34622264994337215 0.41957424764500667 0.014048531289910592 0.020442798734860795
0 0.3289812706330273 0.4116242703592275 0.005108556832694755 0.009085688326604766
0 0.34302980192293786 0.4241170918083091 0.0025542784163474046 0.01135711040825603
0 0.34111409311067736 0.4388813353390419 0.0012771392081736754 0.01817137665320953
0 0.33664410588206944 0.43206706909408826 0.005108556832694755 0.004542844163302336
0 0.3340898274657221 0.42184566972665793 0.005108556832694755 0.01135711040825603
0 0.321957004988072 0.4127599814000531 0.00383141762452108 0.011357110408255934
0 0.3277041314248536 0.4252528028491347 0.0 0.0
0 0.3353669666738958 0.4411527574206931 0.00766283524904216 0.0045428441633024305
0 0.3340898274657221 0.4513741567881235 0.012771392081736915 0.015899954571558364
0 0.3289812706330273 0.44683131262482106 0.005108556832694755 0.01135711040825603
0 0.32898127063302735 0.43433849117573947 0.012771392081736915 0.009085688326604766
0 0.3059927648859009 0.4275242249307859 0.00766283524904216 0.0045428441633024305
