0 0.6808331224848791 0.21628197133722477 0.019157088122605453 0.06814266244953579
0 0.6597603255500132 0.15381786409181689 0.086845466155811 0.06587124036788462
0 0.6303861237620184 0.16744639658172408 0.03320561941251599 0.0204427987348607
0 0.6220847189088894 0.18675348427575922 0.04725415070242663 0.01817137665320953
0 0.644434655051929 0.23218192590878312 0.030651340996168532 0.04088559746972159
0 0.6220847189088893 0.2480818804803415 0.029374201787994856 0.02271422081651187
0 0.6016504915781102 0.23899619215373674 0.029374201787994856 0.045428441633023925
0 0.5671677329574207 0.27306752337850465 0.03703703703703691 0.049971285796326266
0 0.5984576435576761 0.2935103221133654 0.02043422733077902 0.03179990914311673
0 0.6240004277211499 0.294646033154191 0.0076628352490422675 0.04769986371467514
0 0.6176147316802815 0.35711014039959893 0.03320561941251588 0.04997128579632622
0 0.5543963408756837 0.15949641929594482 0.019157088122605345 0.04997128579632645
0 0.5231064302754285 0.19811059468401523 0.01532567049808432 0.049971285796326266
0 0.5141664558182125 0.3798243612161108 0.03320561941251599 0.022714220816511962
0 0.74341294368539 0.30600314356244696 0.031928480204342205 0.038614175388070326
0 0.5543963408756838 0.02661822751934996 0.011494252873563187 0.02952848706146556
