0 0.24852150051808478 0.574030949197288 0.0434227330779055 0.07041408453118705
0 0.30790847369816143 0.4229813807674835 0.026819923371647507 0.027257064979814394
0 0.2459672221017374 0.3219030981340053 0.015325670498084346 0.05224270787797752
0 0.2587386141834743 0.34802445207299404 -0.0025542784163474046 0.045428441633023835
0 0.23575010843634786 0.33666734166473805 -0.005108556832694755 -0.01817137665320953
0 0.22872584279139255 0.32531023125648206 0.008939974457215836 0.009085688326604766
0 0.22170157714643726 0.35256729623629646 0.0 0.0
0 0.28555853755512184 0.4252528028491347 0.012771392081736915 0.03634275330641916
0 0.2536300573507796 0.41162427035922755 0.0 0.0
0 0.2881128159714692 0.46045984511472826 0.00766283524904216 0.02952848706146556
0 0.26959429745295066 0.4763597996862866 0.019157088122605345 0.047699863714675
0 0.25682290537121377 0.5092954198702289 0.02171136653895275 0.045428441633023925
0 0.2197858683341767 0.49793830946197287 0.008939974457215836 0.027257064979814394
0 0.22872584279139255 0.469545533441333 0.014048531289910592 0.029528487061465467
0 0.19360451456661606 0.4241170918083091 0.028097062579821207 0.06587124036788462
0 0.18402597050531336 0.4547812899106002 0.03959131545338442 0.03179990914311664
0 0.3858139653967566 0.025482516478524283 0.02171136653895275 0.045428441633023925
