0 0.5460949360225548 0.1458678868060376 0.05619412515964247 0.04542844163302412
0 0.4828765452179571 0.25603185776612064 0.01149425287356324 0.020442798734860653
0 0.5148050254222994 0.29578174419501657 0.016602809706257996 0.027257064979814394
0 0.5818548338514182 0.27306752337850465 0.012771392081736862 0.01817137665320953
0 0.5512034928552495 0.20719628301061999 0.007662835249042052 0.03179990914311673
0 0.6527360599050579 0.32871736437895893 0.019157088122605345 0.006814266244953646
0 0.6559289079254922 0.4138956924408787 0.028097062579821183 0.022714220816511962
0 0.6348561109906263 0.3923171826651924 0.0063856960408684845 0.002271422081651168
0 0.7210630075423504 0.3957243157876692 0.007662835249042052 0.018171376653209628
0 0.7165930203137425 0.4195742476450067 0.021711366538952805 0.03407133122476799
0 0.5065036205691703 0.44342417950234425 0.012771392081736969 0.022714220816511962
0 0.47776798838526224 0.370738672889506 0.01149425287356324 0.0272570649798143
0 0.5365163919612521 0.3457530299913429 0.0038314176245211337 0.009085688326604766
0 0.5978190739535892 0.3230388091748309 0.008939974457215836 0.0272570649798143
0 0.5588663281042917 0.2866960558684118 0.0 0.0
0 0.45477948263813583 0.33553163062391245 0.014048531289910538 0.0204427987348607
0 0.44903235620135423 0.27306752337850465 0.005108556832694755 0.022714220816511962
0 0.4937322284874335 0.19356775052071284 0.005108556832694809 0.022714220816511962
0 0.590794808308634 0.17993921803080565 0.005108556832694809 0.018171376653209628
0 0.5722762897901155 0.4627312671963794 0.0038314176245211337 0.01135711040825603
0 0.5965419347454155 0.47976693280876337 0.0012771392081736754 0.009085688326604672
0 0.6329404021783658 0.463866978237205 0.0 0.0
0 0.15145892069688427 0.3184959650115286 0.0 0.0
