0 0.3609097508373696 0.3582458514404245 0.010217113665389565 0.015899954571558364
0 0.3832596869804092 0.3945886047468436 0.02171136653895275 0.03407133122476799
0 0.3666568772741512 0.44342417950234425 0.0012771392081736754 0.0045428441633024305
0 0.33664410588206944 0.4706812444821585 0.0 0.0
0 0.33536696667389576 0.40935284827757634 0.01021711366538951 0.0272570649798143
0 0.30407705607364033 0.40140287099179717 0.0063856960408684845 0.011357110408255934
0 0.3315355490493747 0.31168169876657503 0.02043422733077902 0.04088559746972159
0 0.32004129617581145 0.36165298456290124 0.020434227330779077 0.03634275330641916
0 0.3059927648859009 0.3661958287262036 0.012771392081736915 0.022714220816511962
0 0.3059927648859008 0.3593815624812501 0.03065134099616864 0.03634275330641906
