0 0.9554180522422226 0.4593241340739027 0.06768837803320565 0.06359981828623346
0 0.4317909768910094 0.3264459422973077 0.03959131545338442 0.05224270787797743
0 0.37559685173136703 0.30600314356244696 0.0063856960408684845 0.034071331224767895
0 0.4892622412588256 0.26966039025602784 0.008939974457215836 0.020442798734860844
0 0.5007564941323888 0.2333176369496087 0.021711366538952805 0.02952848706146556
0 0.5256607086917757 0.21628197133722477 0.02043422733077902 0.027257064979814394
0 0.4815994060097834 0.2083319940514456 0.016602809706257996 0.034071331224767895
0 0.5071421901732572 0.1356464874386073 0.008939974457215836 0.01589995457155846
0 0.5269378478999494 0.10725371141796719 0.0 0.0
0 0.2376658172486084 0.07431809123402497 0.016602809706258024 0.04315701955137276
0 0.1169761620761946 0.19356775052071282 0.0 0.004542844163302336
0 0.16423031277862116 0.17766779594915444 0.0 0.0
0 0.2529914877466927 0.07658951331567612 0.00383141762452108 0.0022714220816513584
0 0.2561843357671269 0.04365389313173381 0.01021711366538951 0.02271422081651187
0 0.3283427010289404 0.08226806851980414 0.0012771392081736754 0.018171376653209344
0 0.34813835875563265 0.06409669186659461 0.0025542784163474046 0.018171376653209722
0 0.3813439781681486 0.07545380227485055 0.010217113665389565 0.04088559746972159
0 0.3794282693558881 0.09816802309136251 0.014048531289910592 0.03634275330641906
0 0.3966696486662329 0.10725371141796727 0.0025542784163474046 0.013628532489907197
0 0.4368995337237042 0.1288322211936537 0.006385696040868431 0.038614175388070326
0 0.4815994060097834 0.09476088996888565 0.02426564495530021 0.04769986371467509
0 0.3430298019229379 0.17653208490832886 0.007662835249042106 0.01135711040825603
0 0.29960706884503246 0.18561777323493367 0.00766283524904216 -0.0068142662449535985
0 0.3813439781681486 0.0004968735803611533 0.02554278416347383 0.0408855974697214
0 0.4349838249114436 0.005039717743663581 0.0025542784163472975 0.009085688326604861
0 0.4317909768910094 0.03797533792760589 0.0191570881226054 0.04769986371467509
0 0.4982022157160414 0.03911104896843148 0.014048531289910645 0.049971285796326266
0 0.5026722029446493 0.06636811394824578 0.0 0.0
0 0.5218292910672546 0.051603870417513 0.002554278416347351 0.002271422081651168
0 0.5314078351285573 0.0993037341321881 -0.003831417624521026 0.002271422081651168
0 0.5582277585002048 0.0004968735803611499 0.011494252873563187 0.03179990914311673
0 0.565890593749247 0.056146714580815334 -0.008939974457215836 -0.006814266244953503
0 0.5346006831489916 0.0027682956620123187 0.022988505747126374 0.03179990914311673
0 0.6125061748475867 0.05273958145833858 0.012771392081736969 0.04542844163302374
0 0.6035662003903709 0.37301009497115717 0.04086845466155804 0.03634275330641916
