0 0.458610900262657 0.3116816987665749 0.07024265644955306 0.08177119493944299
0 0.46691230511578596 0.11406797766292087 0.051085568326947606 0.07722835077614085
0 0.4681894443239596 0.24581045839869026 0.022988505747126426 0.05451412995962869
0 0.3091856129063351 0.5331453517275664 0.026819923371647507 0.029528487061465658
0 0.36282545964963014 0.5728952381564624 0.029374201787994856 0.022714220816512153
0 0.38709110460493024 0.5865237706463697 0.0191570881226054 0.027257064979814394
0 0.20318305862791874 0.650123588932603 0.03192848020434226 0.0545141299596286
0 0.2050987674401793 0.6376307674835214 0.017879948914431672 0.029528487061465467
0 0.2070144762524398 0.6807877870348943 0.0012771392081737023 0.002271422081651263
0 0.13421754138653944 0.6467164558101263 0.026819923371647535 0.0022714220816513584
0 0.09654193474541554 0.6921448974431501 0.02043422733077905 0.02952848706146556
0 0.12910898455384467 0.6807877870348942 0.014048531289910618 0.015899954571558364
0 0.13741038940697367 0.7000948747289294 0.015325670498084294 0.009085688326604672
