0 0.3832596869804092 0.2151462602963992 0.07024265644955295 0.07495692869448949
0 0.37687399093954077 0.11633939974457208 0.03959131545338442 0.09085688326604795
0 0.09398765632906816 0.5774380823197647 0.033205619412515965 0.054514129959628885
0 0.15273605990505798 0.5422310400541713 0.015325670498084294 0.020442798734860986
0 0.18913452733800815 0.5717595271156368 0.01660280970625797 0.03407133122476799
0 0.40880247114388296 0.5501810173399505 -0.006385696040868431 -0.01817137665320953
0 0.4068867623316224 0.5774380823197648 0.028097062579821183 0.04542844163302402
0 0.3417526627147641 0.5672166829523344 0.017879948914431617 0.024985642898163133
0 0.31301703053085617 0.5706238160748113 0.019157088122605345 0.02725706497981449
0 0.3034384864695535 0.5354167738092177 0.028097062579821183 0.03407133122476819
0 0.25363005735077954 0.5286025075642642 0.025542784163473803 0.038614175388070326
0 0.26767858864069016 0.5467738842174735 0.015325670498084266 0.024985642898163227
0 0.25682290537121377 0.5524524394216016 0.014048531289910592 0.013628532489907197
0 0.27087143666112434 0.5774380823197649 0.008939974457215836 0.013628532489907292
0 0.24022009566495578 0.6171879687486608 0.05236270753512131 0.04315701955137276
0 0.1687003000072291 0.6046951472995792 0.011494252873563213 0.03179990914311673
