0 0.9407309513482253 0.2901031889908886 0.035759897828863345 0.05224270787797752
0 0.9611651786790043 0.24808188048034147 0.02809706257982129 0.045428441633023925
0 0.6687003000072291 0.12088224390787453 0.028097062579821183 0.05451412995962869
0 0.12208471890888936 0.2673889681743767 0.05108556832694765 0.07495692869448944
0 0.15976032555001324 0.3150888318890518 0.014048531289910592 0.024985642898163133
0 0.19424308417070288 0.382095783297762 0.0012771392081737023 0.004542844163302336
0 0.305354195281814 0.32190309813400536 0.0012771392081736754 0.006814266244953551
0 0.268317158244777 0.3446173189505173 0.02171136653895275 0.038614175388070326
0 0.23830438685269523 0.3366673416647381 0.010217113665389538 0.022714220816511962
0 0.18658024892166075 0.2901031889908886 0.02171136653895275 0.038614175388070326
0 0.19552022337887662 0.2980531662766677 0.01660280970625797 0.03179990914311673
0 0.17508599604809755 0.28556034482758624 0.0012771392081736754 0.002271422081651168
0 0.18083312248487915 0.25035330256199273 0.022988505747126426 0.0272570649798143
0 0.18530310971348707 0.24808188048034147 0.006385696040868458 0.01362853248990715
0 0.20062878021157135 0.2174176823780504 0.003831417624521053 0.024985642898163133
0 0.21787015952191618 0.21401054925557358 0.0 0.0
0 0.20637590664835295 0.14927501992851444 0.02554278416347383 0.03407133122476809
0 0.2306415516036531 0.18334635115328243 0.02554278416347383 0.05224270787797743
0 0.25937718378756114 0.1254250880711768 0.0012771392081736754 0.004542844163302526
0 0.2702328670570375 0.12088224390787439 0.010217113665389565 0.027257064979814383
0 0.29194423359599025 0.1061180003771417 0.0 0.015899954571558364
0 0.25363005735077954 0.04592531521338508 0.005108556832694755 0.02271422081651206
0 0.28428139834694816 0.025482516478524283 0.010217113665389565 0.045428441633023925
0 0.3200412961758115 0.0788609353973273 0.010217113665389565 0.024985642898163036
0 0.3270655618207668 0.05955384770329228 0.014048531289910645 0.027257064979814394
0 0.36474116846189064 0.05955384770329228 0.0 0.004542844163302336
0 0.3494154979638064 0.12088224390787457 0.0 0.0
0 0.3232341441962457 0.10725371141796737 0.008939974457215836 0.03634275330641906
0 0.3213184353839852 0.21514626029639916 0.012771392081736915 0.02952848706146556
0 0.3660183076700644 0.2673889681743766 0.0 0.002271422081651263
0 0.35133120677606683 0.2866960558684118 0.0012771392081737827 0.0
0 0.3851753957926697 0.3128174098074005 0.0 0.002271422081651168
0 0.3807054085640618 0.14473217576521202 0.016602809706257996 0.01135711040825622
0 0.3941153702498855 0.16858210762254966 0.002554278416347351 0.0
0 0.3947539398539724 0.12315366598952564 0.008939974457215836 0.02271422081651187
0 0.3953925094580592 0.1333750653569561 0.005108556832694755 0.006814266244953694
0 0.41454959758066456 0.09589660100971134 0.0025542784163474046 -0.013628532489907006
0 0.4113567495602304 0.02093967231522195 0.026819923371647507 0.049971285796326266
0 0.43753810332779103 0.11066084454044403 0.012771392081736915 0.04769986371467509
0 0.5096964685896045 0.10157515621383936 0.0012771392081736754 0.024985642898163036
0 0.4554180522422227 0.15268215305099125 0.017879948914431672 0.04542844163302402
0 0.4681894443239596 0.16176784137759598 0.028097062579821235 0.04542844163302412
0 0.4905393804669992 0.16517497450007287 0.0191570881226054 0.04315701955137267
0 0.5173593038386467 0.17198924074502647 0.019157088122605345 0.029528487061465467
0 0.5173593038386467 0.21968910445970155 0.0012771392081736754 0.002271422081651263
0 0.5033107725487362 0.23445334799043432 0.019157088122605345 0.04088559746972145
0 0.520552151859081 0.25489614672529504 0.0 0.0
0 0.4784065579893491 0.2083319940514456 0.01021711366538951 0.024985642898163227
0 0.48926224125882556 0.2878317669092374 0.024265644955300102 0.03861417538807028
