0 0.5365163919612521 0.4502384457472979 0.029374201787994856 0.022714220816511962
0 0.5595048977083785 0.4638669782372051 0.024265644955300047 0.018171376653209628
0 0.55311920166751 0.4786312217679378 0.029374201787994856 0.02952848706146556
0 0.5307692655244705 0.4911240432170193 0.02298850574712648 0.02271422081651187
0 0.5250221390876889 0.47749551072711216 0.021711366538952698 0.018171376653209437
0 0.46052660907491744 0.5297382186050896 0.030651340996168588 0.0408855974697214
0 0.4886236716547387 0.5308739296459152 0.022988505747126426 0.02952848706146556
0 0.20126734981565822 0.14586788680603766 0.017879948914431672 0.02725706497981449
0 0.23000298199956626 0.17993921803080565 0.01660280970625797 0.0272570649798143
0 0.21659302031374247 0.2514890136028183 0.02043422733077905 0.04315701955137267
