0 0.5103350381936914 0.16063213033677043 0.02554278416347383 0.09767114951100145
0 0.189773096942095 0.11633939974457214 0.015325670498084294 0.02271422081651187
0 0.2727871454733849 0.2412676142353879 0.0 0.0
0 0.2810885503265139 0.22763908174548073 0.008939974457215836 0.013628532489907101
0 0.2740642846815586 0.23672477007208556 0.0 0.0
0 0.27151000626521127 0.20492486092896883 0.0 0.0
0 0.2497986397262585 0.19016061739823603 0.0 0.002271422081651168
0 0.2581000445793875 0.18675348427575922 0.008939974457215836 0.01817137665320953
0 0.25618433576712696 0.13905362056108406 0.00766283524904216 0.013628532489907292
0 0.24213580447721633 0.13791790952025845 0.01532567049808432 0.020442798734860795
0 0.26959429745295066 0.10725371141796727 0.026819923371647507 0.013628532489907197
0 0.31301703053085617 0.09816802309136251 0.00383141762452108 0.013628532489907388
0 0.3181255873635509 0.07999664643815298 0.0012771392081736754 -0.018171376653209722
0 0.3149327393431167 0.05387529249916417 0.0 0.002271422081651168
0 0.260015753391648 0.07772522435650171 0.0 0.004542844163302526
0 0.2657628798284296 0.08908233476475774 0.01149425287356324 0.01817137665320953
0 0.25107577893443217 0.13905362056108392 0.002554278416347351 0.0
0 0.2248944251668715 0.06977524707072263 0.01660280970625797 0.038614175388070424
0 0.23830438685269523 0.039111048968431476 0.0 -0.004542844163302526
0 0.2529914877466927 0.032296782723477885 0.006385696040868431 0.027257064979814394
0 0.23319583002000047 0.050468159376687416 0.0 0.0
0 0.19615879298296346 0.06977524707072254 0.007662835249042133 0.011357110408255839
0 0.21595445070965566 0.049332448335861825 0.014048531289910618 0.034071331224767895
0 0.18658024892166075 0.02093967231522185 0.0012771392081737023 0.0
0 0.23000298199956623 0.13110364327530483 0.0012771392081737023 0.002271422081651168
