0 0.2830042591387744 0.21514626029639913 0.015325670498084266 0.038614175388070326
0 0.2983299296368587 0.26966039025602784 0.0 0.0022714220816512152
0 0.3315355490493747 0.2753389454601558 -0.012771392081736862 -0.03179990914311678
0 0.3660183076700644 0.29578174419501657 0.00766283524904216 0.04088559746972159
0 0.346861219547459 0.2219605265413528 0.012771392081736915 0.034071331224767895
0 0.4924550892792598 0.08226806851980414 0.005108556832694809 0.02271422081651206
0 0.25235291814260585 0.3207673870931797 0.030651340996168612 0.045428441633023925
0 0.20382162823200559 0.28896747795006295 0.02554278416347383 0.045428441633023973
0 0.260015753391648 0.21287483821474795 0.012771392081736862 0.05224270787797752
0 0.4847922540302176 0.21514626029639913 0.007662835249042214 0.024985642898163133
0 0.46691230511578596 0.19470346156153845 0.012771392081736915 0.0068142662449535985
0 0.45988803947083057 0.20151772780649196 0.003831417624521026 0.002271422081651168
0 0.5154435950263861 0.1458678868060376 0.007662835249042052 0.013628532489907388
0 0.4822379756138702 0.13791790952025842 0.0 0.002271422081650977
