0 0.8474997891515458 0.5081597088294033 0.02043422733077902 0.02952848706146556
0 0.8564397636087616 0.5524524394216017 0.01021711366538951 0.009085688326604766
0 0.7740642846815586 0.5047525757069266 0.006385696040868377 0.02271422081651187
0 0.7766185630979059 0.5535881504624272 0.014048531289910645 0.024985642898163036
0 0.6342175413865394 0.4491027347064723 0.02298850574712648 0.024985642898163133
0 0.6623146039663607 0.5388239069316944 0.0025542784163474583 0.009085688326604861
0 0.6795559832767055 0.5569952835849039 0.0038314176245211337 0.013628532489907197
0 0.6501817814887105 0.56835239399316 0.006385696040868377 0.0272570649798143
0 0.6501817814887105 0.5876594816871953 0.0012771392081736754 0.002271422081651168
0 0.6361332501988 0.5467738842174737 0.011494252873563187 0.011357110408256125
0 0.6559289079254922 0.5308739296459152 0.012771392081736862 0.02952848706146556
0 0.6259161365334105 0.5490453062991248 0.0063856960408684845 0.015899954571558364
0 0.5901562387045471 0.5410953290133457 0.024265644955300154 0.03634275330641906
0 0.4637194570953517 0.5308739296459152 0.0191570881226054 0.02952848706146556
0 0.40369391431118823 0.5081597088294033 0.0600255427841635 0.024985642898163227
0 0.39028395262536447 0.5649452608706832 0.0 0.006814266244953694
0 0.3743197125231933 0.5785737933605904 0.003831417624521026 0.01135711040825603
0 0.3609097508373696 0.42184566972665793 0.010217113665389565 0.034071331224767895
0 0.25299148774669267 0.5524524394216017 0.008939974457215836 0.009085688326604766
0 0.2695942974529507 0.5615381277482066 0.011494252873563187 0.027257064979814394
0 0.26767858864069016 0.5706238160748113 0.012771392081736915 0.02725706497981449
0 0.260015753391648 0.5774380823197648 0.00766283524904216 0.022714220816512153
0 0.17253171763175018 0.551316728380776 0.01149425287356324 0.02952848706146537
0 0.19041166654618183 0.556995283584904 -0.0012771392081736754 -0.004542844163302336
0 0.17700170486035807 0.5354167738092177 0.017879948914431672 0.020442798734860605
0 0.16806173040314226 0.5286025075642642 0.0025542784163474046 0.006814266244953408
0 0.1757245656521844 0.591066614809672 0.0025542784163473777 0.004542844163302336
0 0.05311920166751005 0.5263310854826129 0.012771392081736908 0.02952848706146556
