0 0.14635036386418948 0.23218192590878312 0.025542784163473803 0.04088559746972159
0 0.15273605990505798 0.2196891044597015 0.015325670498084294 0.015899954571558364
0 0.15656747752957903 0.17993921803080565 -0.0025542784163473777 0.0045428441633024305
0 0.14571179426010267 0.1969748836431896 0.016602809706257996 0.038614175388070326
0 0.2095687546687872 0.6342236343610447 0.05491698595146872 0.04088559746972159
0 0.33025840984120103 0.6251379460344398 0.0 0.0
0 0.3883682438131039 0.6183236797894864 0.02681992337164745 0.03179990914311673
0 0.35324691558832744 0.6115094135445327 0.03320561941251599 0.06814266244953579
0 0.520552151859081 0.583116637523893 0.048531289910600205 0.07041408453118725
0 0.5556734800838574 0.6103737025037073 0.026819923371647507 0.03861417538807014
0 0.6035662003903709 0.56835239399316 0.017879948914431672 0.022714220816511962
0 0.6214461493048025 0.6001523031362768 0.002554278416347351 0.009085688326604861
0 0.6061204788067183 0.6410379006059983 0.005108556832694702 0.004542844163302336
0 0.6923273753584424 0.554723861503253 0.029374201787994856 0.05905697412293112
0 0.8602711812332828 0.5479095952582993 0.01532567049808432 0.02271422081651187
0 0.9151881671847515 0.5967451700138001 0.017879948914431672 0.0204427987348607
