0 0.22425585556278466 0.5081597088294032 0.04597701149425288 0.04769986371467509
0 0.2402200956649558 0.5615381277482063 0.02937420178799491 0.054514129959628885
0 0.35516262440058793 0.4854454880128914 0.037037037037037014 0.07041408453118715
0 0.5390706703775995 0.36165298456290124 0.019157088122605345 0.03634275330641916
0 0.5473720752307285 0.5161096861151824 0.0 0.0
0 0.5582277585002048 0.49793830946197287 0.011494252873563187 0.027257064979814394
0 0.5543963408756838 0.5195168192376594 0.0063856960408684845 0.0204427987348607
0 0.5690834417696813 0.4820383548904146 0.010217113665389618 0.03634275330641906
0 0.6048433395985445 0.35256729623629646 0.002554278416347351 0.004542844163302336
0 0.6099518964312394 0.4025385820326227 0.017879948914431672 0.03634275330641916
0 0.6335789717824526 0.3798243612161108 0.026819923371647507 0.022714220816511962
0 0.6342175413865394 0.41275998140005316 0.02298850574712648 0.024985642898163133
0 0.6942430841707029 0.3809600722569364 0.007662835249042052 0.0068142662449535985
0 0.7861971071592087 0.2514890136028183 0.05108556832694766 0.06587124036788472
0 0.8787896997518013 0.32076738709317976 0.024265644955300154 0.03634275330641906
