0 0.8206798657798983 0.8659086866894666 0.140485312899106 0.10902825991925738
0 0.8583554724210222 0.09703231205053683 0.011494252873563187 0.020442798734860712
0 0.842391232318851 0.051603870417513 0.012771392081736862 0.006814266244953503
0 0.14698893346827635 0.12315366598952564 0.011494252873563213 0.01817137665320953
0 0.09271051712089448 0.1152036887037465 0.033205619412515965 0.05678555204128005
0 0.18658024892166078 0.18448206219410804 0.00383141762452108 0.0
0 0.11569902286802092 0.22423194862300394 0.007662835249042147 0.006814266244953503
0 0.17380885683992386 0.21855339341887597 0.01660280970625797 0.05905697412293103
0 0.20893018506470035 0.2037891498881432 0.025542784163473803 0.038614175388070326
0 0.22681013397913202 0.21401054925557353 0.010217113665389538 0.0272570649798143
0 0.23702724764452154 0.21060341613309674 0.0 0.002271422081651168
0 0.26193146220390856 0.21173912717392238 0.0012771392081737292 0.0045428441633024305
0 0.3583554724210222 0.1924320394798872 0.005108556832694809 0.0204427987348607
0 0.21723158991782934 0.2583032798477719 0.014048531289910592 0.04315701955137271
