0 0.4943707980915203 0.14927501992851444 0.037037037037037125 0.07495692869448949
0 0.9407309513482252 0.050468159376687416 0.02298850574712648 0.04997128579632607
0 0.5505649232511627 0.11179655558126966 0.0702426564495529 0.07268550661283842
0 0.6054819092026315 0.21401054925557358 0.03448275862068967 0.06359981828623346
0 0.11314474445167355 0.5320096406867408 0.025542784163473817 0.031799909143116825
0 0.05056492325116268 0.5649452608706832 0.0 0.006814266244953694
0 0.06844487216559435 0.5581309946257296 0.017879948914431676 0.006814266244953503
0 0.07993912503915757 0.5763023712789392 0.015325670498084294 0.024985642898163324
0 0.13613325019879996 0.16403926345924724 0.06130268199233716 0.06814266244953598
0 0.2651243102243428 0.26398183505189987 0.0408684546615581 0.10448541575595505
