0 0.9266824200583146 0.23899619215373671 0.043422733077905395 0.06359981828623346
0 0.983515114822044 0.23672477007208553 0.03448275862068977 0.06359981828623341
0 0.6853031097134871 0.17539637386750326 0.0 0.0
0 0.355162624400588 0.195839172602364 0.014048531289910592 0.018171376653209628
0 0.25746147497530064 0.13451077639778167 0.010217113665389565 0.03179990914311692
0 0.27917284151425337 0.09589660100971134 0.0 0.0
0 0.27917284151425337 0.022075383356047435 0.0025542784163474046 0.002271422081651168
0 0.36984972529458543 0.027753938560175544 0.015325670498084266 0.027257064979814394
0 0.35133120677606694 0.06296098082576894 0.006385696040868431 0.024985642898163036
0 0.3347283970698089 0.07886093539732739 0.00383141762452108 0.020442798734860892
0 0.3034384864695535 0.09021804580558332 0.012771392081736915 0.04315701955137276
0 0.3059927648859009 0.1447321757652121 0.0 0.002271422081651168
0 0.293221372804164 0.17880350698998002 0.010217113665389565 0.04769986371467509
0 0.26320860141208224 0.18788919531658482 0.0012771392081736754 0.002271422081651263
0 0.25937718378756114 0.17312495178585205 0.0063856960408684845 0.013628532489907101
0 0.17955598327670547 0.21855339341887592 0.0 0.0
0 0.21148446348104774 0.2424033252762135 0.007662835249042133 0.020442798734860795
0 0.23894295645678207 0.24921759152116707 0.019157088122605373 0.04769986371467509
0 0.28172711993060073 0.29918887731749344 0.01532567049808432 0.038614175388070326
0 0.19615879298296343 0.2878317669092374 0.03065134099616856 0.03861417538807028
0 0.17891741367261862 0.2514890136028183 0.03959131545338442 0.07041408453118705
0 0.2025444890238319 0.26171041297024866 0.02043422733077905 0.040885597469721494
0 0.173170287235837 0.33326020854226124 0.025542784163473803 0.05224270787797752
0 0.2376658172486084 0.3832314943385876 0.014048531289910645 0.04315701955137276
0 0.27278714547338495 0.3423458968688661 0.002554278416347351 0.015899954571558364
0 0.17061600881948963 0.30600314356244696 0.022988505747126426 0.06132839620458229
0 0.16103746475818698 0.25943899088859745 0.00383141762452108 0.01817137665320958
0 0.14443465505192898 0.23331763694960875 0.01660280970625797 0.038614175388070326
0 0.1380489590110605 0.2730675233785046 0.029374201787994884 0.05905697412293112
0 0.4471166473890936 0.23558905903125993 0.021711366538952805 0.05224270787797752
0 0.4867079628424782 0.19811059468401523 0.003831417624521026 0.013628532489907197
0 0.47585227957300175 0.18561777323493361 0.025542784163473886 0.034071331224767895
0 0.4809608364056965 0.1799392180308056 0.0 0.0
0 0.45158663461770165 0.12542508807117692 0.035759897828863345 0.02271422081651206
0 0.4343452553073568 0.13451077639778164 0.026819923371647507 0.05451412995962887
0 0.40305534470710136 0.13905362056108414 0.030651340996168532 0.03634275330641916
0 0.3966696486662329 0.1186108218262232 0.01021711366538951 0.022714220816512046
0 0.39283823104171184 0.10043944517301368 0.020434227330779077 0.03634275330641906
0 0.35835547242102217 0.09362517892806009 0.015325670498084374 0.027257064979814217
0 0.5013950637364756 0.1117965555812697 0.005108556832694809 0.013628532489907006
0 0.4815994060097834 0.09362517892806008 0.02681992337164756 0.045428441633023925
0 0.3583554724210222 0.14246075368356093 0.02043422733077902 0.03407133122476799
