0 0.9515866346177015 0.28442463378676064 0.011494252873563187 0.06359981828623346
0 0.9662737355116992 0.370738672889506 0.033205619412516096 0.049971285796326356
0 0.9317909768910093 0.3786886501752852 0.040868454661558154 0.07949977285779182
0 0.9592494698667438 0.4400170463798675 0.037037037037037014 0.07041408453118705
0 0.9158267367888383 0.42865993597161145 0.037037037037037014 0.07041408453118705
0 0.8966696486662329 0.4843097769720658 0.021711366538952805 0.06359981828623336
0 0.8730425733150196 0.45250986782894903 0.025542784163473723 0.05451412995962869
0 0.9164653063929251 0.5024811536252753 0.03065134099616864 0.036342753306419256
0 0.8832596869804091 0.5286025075642642 0.03831417624521069 0.11129968200090865
0 0.846861219547459 0.5070239977885778 0.057471264367816036 0.09539972742935018
0 0.8181255873635509 0.5569952835849039 0.056194125159642366 0.08177119493944299
