0 0.08249340345550496 0.14700359784686334 0.01532567049808428 0.05224270787797752
0 0.07036058097785489 0.009582561906965919 0.021711366538952743 0.059056974122930934
0 0.11059046603532616 0.26398183505189987 0.00766283524904216 0.02271422081651187
0 0.16806173040314223 0.2548961467252951 0.005108556832694755 0.01817137665320953
0 0.23830438685269525 0.2969174552358422 0.005108556832694782 0.011357110408255981
0 0.25746147497530064 0.26398183505189987 0.028097062579821235 0.049971285796326266
0 0.3443069411311116 0.12088224390787453 0.05874840357598977 0.08631403910274542
0 0.03715496156533893 0.3457530299913429 0.06002554278416348 0.09085688326604775
0 0.5128893166100388 0.5899309037688464 0.10983397190293748 0.11584252616421117
0 0.9017782054989276 0.31736025397070294 0.0651340996168582 0.056785552041279864
