0 0.5543963408756838 0.14018933160190963 0.04980842911877388 0.0658712403678849
0 0.846861219547459 0.21514626029639916 0.024265644955300047 0.02952848706146556
0 0.8583554724210222 0.2878317669092374 0.016602809706257996 0.034071331224767944
0 0.8692111556904986 0.29351032211336536 0.015325670498084212 0.02271422081651201
0 0.8455840803392853 0.3128174098074006 0.03448275862068967 0.056785552041279864
0 0.8609097508373695 0.3128174098074006 0.026819923371647507 0.024985642898163133
0 0.8845368261885829 0.33780305270556366 0.00766283524904216 0.034071331224767895
0 0.9681894443239596 0.3196316760523541 0.02937420178799507 0.0204427987348607
0 0.8781511301477144 0.3866386274610644 0.015325670498084212 0.045428441633023835
0 0.8692111556904986 0.34575302999134283 0.02554278416347383 0.03179990914311673
0 0.8500540675678931 0.34575302999134283 0.028097062579821183 0.03179990914311673
