0 0.1629531735704475 0.15949641929594488 0.017879948914431672 0.045428441633023925
0 0.1629531735704475 0.17993921803080565 0.007662835249042133 0.018171376653209628
0 0.16486888238270803 0.19129632843906164 0.008939974457215836 0.027257064979814394
0 0.17891741367261862 0.1822106401124568 0.016602809706257996 0.040885597469721494
0 0.49692507650786766 0.5524524394216017 0.04214559386973182 0.06359981828623355
0 0.4228510024337936 0.497938309461973 0.02937420178799491 0.045428441633023925
0 0.37751256054362753 0.48430977697206573 0.020434227330779077 0.03179990914311664
0 0.06614356555394299 0.560633927034934 -0.015384615384615384 -0.02964205816554832
0 0.166143565553943 0.47626806917914316 0.06666666666666665 0.07980554121493715
0 0.17255382196419944 0.5287117105489589 0.025641025641025644 0.04788332472896223
0 0.24306664247701992 0.46144704009636917 0.03333333333333334 0.05016348304938911
0 0.1802461296565071 0.5663343228360008 0.04102564102564101 0.05016348304938921
0 0.20075895016932763 0.586855747719842 0.01794871794871797 0.022801583204267676
0 0.307169206579584 0.49792957322319753 0.020512820512820492 0.04560316640853544
0 0.3103743347847122 0.5355521855102393 0.0346153846153846 0.061564274651523046
0 0.34819484760522507 0.5401125021510929 0.03076923076923074 0.047883324728962326
0 0.3276820270924045 0.46600735673722266 0.05128205128205129 0.08208569953536393
0 0.35204100145137884 0.5150307606263984 0.015384615384615344 0.029642058165548227
0 0.36165638606676354 0.5127506023059716 0.01410256410256411 0.025081741524694653
0 0.36037433478471226 0.5480930562725866 0.01410256410256411 0.02736189984512125
0 0.3501179245283019 0.5617740061951473 0.02692307692307693 0.036482533126828684
0 0.37255382196419945 0.5845755893994151 0.012820512820512876 0.03648253312682849
0 0.36293843734881476 0.6050970142832561 0.024358974358974356 0.041042849767681966
