0 0.4362609641196173 0.1822106401124568 0.017879948914431672 0.0272570649798143
0 0.4503094954095279 0.21287483821474795 0.010217113665389565 0.011357110408255934
0 0.45477948263813583 0.2514890136028182 0.01149425287356324 0.015899954571558364
0 0.43498382491144366 0.24353903631703905 0.0 0.0
0 0.4107181799561435 0.2299105038271319 0.020434227330779077 0.040885597469721494
0 0.48351511482204396 0.17993921803080565 0.0025542784163474583 0.013628532489907101
0 0.5997347827658498 0.2821532117051094 0.0 0.0
0 0.5703605809778549 0.2742032344193302 0.0 0.002271422081651168
0 0.6469889334682764 0.28328892274593503 0.02298850574712648 0.024985642898163133
0 0.6374103894069737 0.22650337070465515 0.021711366538952805 0.038614175388070326
0 0.5390706703775995 0.1969748836431896 0.0268199233716474 0.08404261702109425
