0 0.36474116846189064 0.23445334799043427 0.020434227330779077 0.045428441633023925
0 0.6833874009012265 0.009582561906965917 0.04725415070242653 0.036342753306419256
0 0.12272328851297622 0.21741768237805034 0.01660280970625797 0.04315701955137276
0 0.5141664558182125 0.07318238019319928 0.0 0.004542844163302336
0 0.4975636461119546 0.09362517892806009 0.007662835249042052 0.027257064979814217
0 0.4988407853201282 0.1288322211936537 0.012771392081736969 0.03407133122476799
0 0.491816519675173 0.04819673729503625 0.014048531289910538 0.04542844163302374
0 0.47712941878117543 0.05501100353998985 0.0025542784163474046 0.013628532489907197
0 0.4637194570953516 0.022075383356047532 0.0038314176245211337 0.006814266244953694
0 0.45477948263813583 0.06636811394824578 0.01149425287356324 0.02271422081651206
0 0.43051383768283574 0.08794662372393217 0.016602809706257996 0.04315701955137276
0 0.4343452553073568 0.016396828151919517 0.014048531289910645 0.027257064979814394
0 0.4330681160991831 0.1129322666220953 0.019157088122605345 0.024985642898163227
0 0.44392379936865944 0.15495357513264246 0.01021711366538951 0.01817137665320953
0 0.4771294187811755 0.2151462602963992 0.0 0.01135711040825603
0 0.47202086194848064 0.22082481550052718 0.0 0.0
0 0.4630808874912648 0.22082481550052718 0.0 0.0
0 0.367295446878238 0.031161071682652298 0.0 0.006814266244953503
0 0.3992239270825803 0.047061026254210665 0.0 0.002271422081651168
0 0.3628254596496301 0.07431809123402497 0.0012771392081736754 0.002271422081650977
0 0.30663133448998775 0.03683962688678022 0.00383141762452108 0.004542844163302336
0 0.34813835875563265 0.02888964960100113 0.0025542784163474046 0.024985642898163227
0 0.2817271199306007 0.059553847703292084 0.017879948914431617 0.03179990914311673
0 0.2632086014120822 0.08226806851980414 0.01149425287356324 0.03179990914311673
0 0.26129289259982164 0.10952513349961844 0.01021711366538951 0.027257064979814203
0 0.29194423359599025 0.12428937703035123 0.017879948914431672 0.02952848706146537
0 0.30982418251042193 0.16063213033677048 0.01532567049808432 0.02952848706146556
0 0.30152277765729296 0.21173912717392238 0.006385696040868431 0.009085688326604766
0 0.32387271380033256 0.21741768237805034 0.005108556832694755 -0.002271422081651168
0 0.29258280320007707 0.2560318577661207 0.019157088122605345 0.038614175388070236
0 0.2759799934938192 0.30713885460327256 0.026819923371647507 0.049971285796326405
0 0.32898127063302735 0.30600314356244707 0.015325670498084266 0.05224270787797752
0 0.34941549796380633 0.31168169876657503 0.01021711366538951 0.013628532489907197
0 0.3360055362779826 0.36165298456290124 0.0012771392081736754 0.009085688326604766
0 0.2632086014120822 0.266253257133551 0.01149425287356324 0.02271422081651201
0 0.2568229053712137 0.3037317214807958 0.0012771392081736754 0.0022714220816512152
0 0.25171434853851904 0.3468887410321685 0.00383141762452108 -0.0068142662449535985
0 0.23830438685269523 0.29805316627666784 0.02043422733077905 0.03634275330641911
0 0.20956875466878722 0.26398183505189987 0.01660280970625797 0.04088559746972159
0 0.22297871635461095 0.32985307541978454 0.022988505747126454 0.040885597469721494
0 0.23128012120773994 0.1924320394798872 0.011494252873563213 0.034071331224767895
0 0.18402597050531339 0.18788919531658482 0.016602809706257996 0.024985642898163133
0 0.17572456565218442 0.2242319486230039 0.033205619412515965 0.06132839620458225
0 0.16486888238270803 0.19924630572484076 0.006385696040868458 0.0068142662449535985
0 0.1520974903009711 0.23899619215373671 0.019157088122605345 0.027257064979814394
0 0.1655074519867949 0.2798817896234582 0.012771392081736915 0.03634275330641906
0 0.15082035109279743 0.3025960104399702 -0.0012771392081737023 0.004542844163302383
0 0.12272328851297622 0.28669605586841174 0.011494252873563227 0.04088559746972154
0 0.10484333959854454 0.27306752337850465 0.0012771392081736888 0.009085688326604814
0 0.07802341622689704 0.2810175006642838 0.011494252873563227 0.034071331224767895
0 0.10484333959854454 0.2424033252762135 0.0038314176245210665 0.020442798734860795
0 0.11059046603532616 0.2106034161330968 0.020434227330779035 0.011357110408255934
0 0.15145892069688427 0.20946770509227117 0.0025542784163473777 0.0
0 0.15145892069688427 0.1526821530509912 0.015325670498084294 0.027257064979814585
0 0.20382162823200559 0.18221064011245686 0.0 0.0
0 0.21148446348104774 0.1458678868060376 0.0025542784163473777 0.013628532489907388
0 0.24916007012217165 0.09135375684640881 0.0012771392081737292 0.0
0 0.22553299477095834 0.08113235747897857 0.007662835249042133 0.034071331224767895
0 0.24149723487312946 0.039111048968431386 0.0012771392081737023 0.009085688326604672
