0 0.17125457842357647 0.18675348427575925 0.021711366538952726 0.0272570649798143
0 0.18466454010940023 0.20265343884731757 0.0 0.0
0 0.17827884406853178 0.16971781866337526 0.01277139208173689 0.0204427987348607
0 0.0 0.0 0.0 0.0
0 0.5626977457288128 0.56835239399316 0.012771392081736862 0.022714220816511962
0 0.5984576435576762 0.5990165920954513 0.012771392081736862 0.01589995457155827
0 0.6220847189088894 0.56835239399316 0.003831417624521026 0.004542844163302526
0 0.6406032374274079 0.6024237252179281 0.0 0.0
0 0.6073976180148919 0.6342236343610448 0.002554278416347351 0.0
0 0.590794808308634 0.6024237252179281 0.00766283524904216 0.004542844163302336
