0 0.2255329947709583 0.5081597088294033 0.02043422733077905 0.06132839620458229
0 0.22681013397913202 0.5638095498298578 0.02043422733077905 0.02271422081651187
0 0.23000298199956623 0.5706238160748113 0.0012771392081737023 0.0045428441633024305
0 0.2644857406202559 0.574030949197288 0.0012771392081736218 0.002271422081651168
0 0.2695942974529507 0.5263310854826128 0.00383141762452108 0.015899954571558364
0 0.27470285428564545 0.545638173176648 0.008939974457215836 0.027257064979814394
0 0.2906670943878165 0.5922023258504977 0.0 0.0022714220816510726
0 0.268317158244777 0.5751666602381137 0.00383141762452108 0.009085688326604766
0 0.2555457661630401 0.5717595271156367 0.008939974457215836 0.020442798734860795
0 0.19232737535844238 0.5547238615032527 0.00766283524904216 0.01817137665320953
0 0.09207194751680763 0.5422310400541712 0.011494252873563213 0.024985642898163227
