0 0.20893018506470035 0.06750382498907136 0.07662835249042146 0.07041408453118696
0 0.30726990409407456 0.14018933160190963 0.08173690932311625 0.04769986371467519
0 0.40944104074796983 0.13110364327530483 0.04853128991060026 0.04769986371467527
0 0.46627373551169904 0.32417452021565657 0.07790549169859522 0.06132839620458215
0 0.33089697944528784 0.2367247700720855 0.0600255427841635 0.09085688326604775
0 0.20190591941974506 0.21855339341887597 0.08812260536398471 0.05905697412293103
0 0.2134001722933083 0.35029587415464525 0.05747126436781612 0.049971285796326266
0 0.28938995517964294 0.44115275742069304 0.051085568326947606 0.013628532489907197
0 0.4222124328297068 0.463866978237205 0.06641123882503193 0.05451412995962869
0 0.512250747005952 0.4502384457472978 0.03959131545338448 0.05905697412293103
0 0.6661460215908817 0.41048855931840195 0.06896551724137934 0.056785552041279864
0 0.8570783332128484 0.3798243612161108 0.049808429118773985 0.049971285796326356
0 0.9126338887684041 0.382095783297762 0.0434227330779055 0.03179990914311673
0 0.937538103327791 0.5410953290133458 0.029374201787994856 0.03179990914311664
0 0.7568229053712138 0.5240596634009617 0.07151979565772669 0.038614175388070236
0 0.7229787163546109 0.5047525757069266 0.014048531289910645 0.0
0 0.644434655051929 0.500209731543624 0.05108556832694756 0.03179990914311673
0 0.5729148593942023 0.534281062768392 0.04597701149425285 0.045428441633023925
0 0.48159940600978335 0.5081597088294032 0.03703703703703707 0.04769986371467509
0 0.251714348538519 0.486581199053717 0.07279693486590039 0.07268550661283832
0 0.2197858683341767 0.5195168192376592 0.05747126436781609 0.038614175388070424
0 0.19105023615026867 0.5785737933605903 0.06896551724137931 0.038614175388070236
0 0.17061600881948963 0.6285450791569167 0.0408684546615581 0.024985642898163036
0 0.16295317357044747 0.6773806539124174 0.03831417624521072 0.059056974122930934
0 0.1323018325742789 0.6614806993408591 0.051085568326947633 0.0545141299596286
0 0.12655470613749728 0.72053767346379 0.02171136653895275 0.03179990914311673
0 0.10356620039037086 0.80571600152571 0.031928480204342274 0.04315701955137276
0 0.1827488312971397 0.7443876053211278 0.026819923371647507 0.01589995457155846
0 0.16103746475818695 0.765966115096814 0.037037037037037014 0.03179990914311673
0 0.24085866526904262 0.7716446703009419 0.040868454661558126 0.034071331224767895
0 0.22681013397913202 0.8397873327504779 0.038314176245210746 0.038614175388070424
0 0.2708714366611244 0.8386516217096522 0.04980842911877393 0.059056974122930934
0 0.2772571327019928 0.811394556729838 0.05236270753512134 0.03179990914311673
0 0.2778957023060797 0.7671018261376397 0.03831417624521069 0.024985642898163324
0 0.29513708161642455 0.695552030565627 0.04725415070242653 0.04088559746972169
0 0.3066313344899877 0.6364950564426959 0.06513409961685825 0.049971285796326266
0 0.2791728415142534 0.6228665239527887 0.04853128991060026 0.04997128579632655
0 0.39156109183353816 0.5286025075642641 0.05874840357598977 0.04315701955137257
0 0.38453682618858287 0.5558595725440785 0.05747126436781609 0.02952848706146556
0 0.3455840803392853 0.5070239977885778 0.0408684546615581 0.05905697412293112
0 0.35133120677606694 0.5320096406867408 0.05747126436781609 0.031799909143116825
0 0.3443069411311116 0.5376881958908688 0.04597701149425285 0.034071331224767895
0 0.3404755235065905 0.5558595725440785 0.0434227330779055 0.01589995457155827
0 0.330258409841201 0.591066614809672 0.07662835249042144 0.03634275330641906
0 0.4107181799561435 0.6024237252179281 0.053639846743295014 0.02271422081651177
0 0.43434525530735685 0.6717020987082895 0.049808429118773985 0.024985642898163227
0 0.5416249487939468 0.6081022804220559 0.037037037037037014 0.02952848706146556
0 0.5377935311694257 0.574030949197288 0.03448275862068956 0.03407133122476809
0 0.5052264813609967 0.7046377188922318 0.10217113665389538 0.09539972742935028
0 0.5384321007735127 0.7602875598926861 0.07151979565772669 0.02952848706146556
0 0.47074372274030696 0.7512018715660812 0.06896551724137943 0.024985642898163227
0 0.4330681160991831 0.7307590728312205 0.06513409961685825 0.038614175388070236
0 0.45286377382587534 0.7171305403413133 0.05874840357598977 0.034071331224767895
0 0.38709110460493024 0.7171305403413134 0.03192848020434226 0.020442798734860892
0 0.42093529362153304 0.7625589819743372 0.048531289910600205 0.04315701955137276
0 0.37559685173136703 0.7375733390761741 0.037037037037037014 0.029528487061465658
0 0.38070540856406176 0.7568804267702093 0.044699872286079176 0.04088559746972159
0 0.32706556182076674 0.7727803813417676 0.037037037037037014 0.027257064979814203
0 0.3647411684618907 0.8102588456890123 0.04853128991060026 0.04315701955137276
0 0.39347680064579865 0.8034445794440587 0.03448275862068972 0.034071331224767895
0 0.4113567495602304 0.822751667138094 0.07279693486590036 0.040885597469721494
0 0.5135278862141257 0.8352444885871755 0.04214559386973182 0.02952848706146556
0 0.586963390684113 0.8466015989954315 0.06385696040868463 0.05224270787797762
0 0.5633363153328995 0.6989591636881038 0.04469987228607907 0.0613283962045822
0 0.5346006831489916 0.6455807447693007 0.022988505747126374 0.01817137665320953
0 0.6623146039663607 0.5422310400541712 0.06385696040868452 0.05224270787797762
0 0.6310246933661052 0.6807877870348943 0.070242656449553 0.02952848706146556
0 0.6674231607990554 0.7057734299330575 0.06641123882503198 0.04315701955137276
0 0.6520974903009711 0.7795946475867211 0.07407407407407403 0.049971285796326266
0 0.7338343996240874 0.7534732936477325 0.05619412515964247 0.056785552041279864
0 0.722340146750524 0.8443301769137803 0.04853128991060031 0.029528487061465467
0 0.8117398913226824 0.8159374008931404 0.05874840357598971 0.045428441633023925
0 0.8225955745921588 0.7591518488518605 0.05236270753512134 0.049971285796326266
0 0.8123784609267694 0.6387664785243471 0.04725415070242653 0.04542844163302374
0 0.776618563097906 0.6217308129119632 0.03959131545338437 0.05224270787797762
0 0.7702328670570375 0.6455807447693007 0.037037037037037125 0.036342753306419256
0 0.8187641569676378 0.6626164103816846 0.03448275862068967 0.038614175388070424
0 0.8602711812332827 0.6149165466670096 0.048531289910600205 0.05224270787797743
0 0.8870911046049302 0.5944737479321488 0.03831417624521069 0.02952848706146556
0 0.9222124328297068 0.6081022804220559 0.031928480204342205 0.02952848706146556
0 0.936899533723704 0.566080971911509 0.06896551724137934 0.036342753306419256
0 0.843029801922938 0.5672166829523344 0.03448275862068967 0.011357110408256125
0 0.9190195848092726 0.7818660696683724 0.0434227330779055 0.04542844163302374
0 0.9388152425359647 0.7966303131991052 0.04980842911877388 0.038614175388070236
0 0.9196581544133593 0.7194019624229645 0.07790549169859516 0.04315701955137257
0 0.9771294187811754 0.7318947838720462 0.04214559386973182 0.027257064979814394
0 0.9739365707607412 0.655802144136731 0.0383141762452108 0.034071331224767895
0 0.937538103327791 0.6728378097491151 0.04725415070242653 0.045428441633023925
0 0.7153158811055689 0.574030949197288 0.06257982120051085 0.061328396204582386
