0 0.0 0.0 0.0 0.0
0 0.9822379756138702 0.12883222119365356 0.0038314176245211337 0.01135711040825603
0 0.858994042025109 0.09476088996888567 0.015325670498084212 0.024985642898163046
0 0.8692111556904986 0.12769651015282807 0.012771392081736862 0.013628532489907006
0 0.8391983842984169 0.12656079911200238 0.0063856960408684845 0.015899954571558364
0 0.8583554724210222 0.1560892861734681 0.014048531289910538 0.024985642898163133
0 0.8079084736981613 0.09476088996888576 0.005108556832694809 0.011357110408255839
0 0.6399646678233211 0.14359646472438645 0.019157088122605345 0.018171376653209722
0 0.5582277585002049 0.12315366598952564 0.03959131545338437 0.01817137665320953
0 0.379428269355888 0.13223935431613043 0.0063856960408684845 0.013628532489907006
0 0.36729544687823806 0.13110364327530497 0.00766283524904216 0.020442798734860795
0 0.3621868900455433 0.1447321757652121 0.00766283524904216 0.015899954571558364
0 0.3960310790621461 0.17539637386750323 0.006385696040868431 0.022714220816511962
0 0.38453682618858287 0.17539637386750323 0.011494252873563187 0.022714220816511962
0 0.37048829489867224 0.1594964192959449 0.0012771392081736754 0.004542844163302336
0 0.383898256584496 0.2083319940514456 0.005108556832694755 0.01135711040825603
0 0.37431971252319335 0.20606057196979435 0.0012771392081737292 0.011357110408255934
0 0.3717654341068459 0.18788919531658482 0.008939974457215782 0.03407133122476799
0 0.36474116846189064 0.20378914988814315 0.0025542784163474046 0.015899954571558364
0 0.3621868900455432 0.19016061739823603 0.005108556832694755 0.015899954571558364
0 0.32387271380033256 0.16858210762254966 0.020434227330779077 0.027257064979814394
0 0.31429416973902985 0.14359646472438645 0.014048531289910592 0.018171376653209722
