0 0.924766711246054 0.8397873327504778 0.11111111111111105 0.07041408453118715
0 0.7529914877466927 0.7409804721986508 0.09195402298850593 0.06359981828623346
0 0.7319186908118268 0.6751092318307662 0.07279693486590036 0.05905697412293112
0 0.8551626244005879 0.6660235435041614 0.06896551724137934 0.0545141299596286
0 0.9388152425359647 0.3264459422973077 0.008939974457215836 0.011357110408256077
0 0.9496709258054411 0.370738672889506 0.015325670498084212 0.0272570649798143
0 0.9509480650136147 0.393452893706018 0.02554278416347383 0.0272570649798143
0 0.9362609641196173 0.3730100949711572 0.021711366538952698 0.022714220816511962
0 0.9075253319357093 0.35256729623629646 0.012771392081736969 0.01817137665320953
0 0.908802471143883 0.37528151705280843 0.010217113665389618 0.01817137665320953
0 0.8960310790621461 0.37414580601198283 0.00766283524904216 0.01135711040825603
0 0.9349838249114436 0.4729526665638098 0.029374201787994964 0.031799909143116825
0 0.8289812706330273 0.34007447478721486 0.011494252873563293 0.011357110408255934
0 0.8232341441962456 0.3832314943385876 0.015325670498084212 0.01135711040825603
0 0.7274487035832188 0.3718743839303316 0.01021711366538951 0.011357110408255934
0 0.7759799934938191 0.38777433850188997 0.005108556832694702 0.011357110408255934
0 0.7178701595219162 0.393452893706018 0.024265644955300154 0.0272570649798143
0 0.6999902106074846 0.4048100041142739 0.019157088122605345 0.013628532489907197
0 0.6923273753584424 0.4252528028491347 0.011494252873563187 0.01817137665320953
0 0.6884959577339214 0.35029587415464525 0.021711366538952805 0.049971285796326266
0 0.6725317176317502 0.3559744293587732 0.012771392081736862 0.020442798734860795
0 0.6750859960480975 0.3923171826651924 0.02043422733077902 0.01135711040825603
0 0.6431575158437554 0.3718743839303316 0.030651340996168425 0.024985642898163133
