0 0.7248944251668715 0.4843097769720658 0.015325670498084212 0.009085688326604861
0 0.6801945528807923 0.4650026892780306 0.02554278416347383 0.01589995457155846
0 0.7581000445793874 0.43547420221656513 0.0 0.015899954571558364
0 0.6623146039663607 0.5104311309110545 0.00766283524904216 0.011357110408255839
0 0.6629531735704475 0.5308739296459154 0.0038314176245211337 0.011357110408255934
0 0.6533746295091448 0.5297382186050896 0.0025542784163474583 0.0
0 0.6750859960480975 0.5604024167073808 0.04597701149425285 0.04315701955137267
0 0.6572060471336659 0.5763023712789392 0.017879948914431672 0.020442798734860986
0 0.6406032374274079 0.5410953290133457 0.002554278416347351 0.004542844163302336
0 0.6431575158437552 0.5467738842174736 0.005108556832694809 0.002271422081651263
0 0.6399646678233211 0.5547238615032527 0.016602809706257996 0.01817137665320953
0 0.6348561109906262 0.5660809719115089 0.019157088122605345 0.018171376653209628
0 0.6342175413865394 0.5865237706463696 0.02043422733077902 0.02271422081651177
0 0.6297475541579316 0.574030949197288 0.021711366538952698 0.029528487061465658
0 0.627831845345671 0.5638095498298575 0.02043422733077913 0.004542844163302336
0 0.632301832574279 0.5479095952582993 0.021711366538952698 0.013628532489907197
0 0.5971805043495024 0.5286025075642642 0.03320561941251599 0.038614175388070326
0 0.6125061748475866 0.5853880596055441 0.01021711366538951 0.011357110408256125
0 0.6156990228680209 0.6228665239527889 0.04214559386973172 0.027257064979814394
0 0.619530440492542 0.6387664785243471 0.014048531289910538 0.013628532489907006
0 0.5837705426636788 0.650123588932603 0.016602809706257996 0.013628532489907197
0 0.5626977457288127 0.6535307220550799 0.017879948914431672 0.011357110408255839
0 0.5595048977083786 0.6648878324633358 0.021711366538952698 0.015899954571558364
0 0.5652520241451602 0.6773806539124174 0.022988505747126586 0.013628532489907197
0 0.507780759777344 0.585388059605544 0.03575989782886345 0.024985642898162942
