0 0.4464780777850068 0.4036742930734484 0.038314176245210746 0.024985642898163133
0 0.470743722740307 0.393452893706018 0.005108556832694755 0.009085688326604766
0 0.43115240728692256 0.4309313580532627 0.010217113665389457 0.01135711040825603
0 0.4656351659076122 0.46613840031885617 0.002554278416347351 0.009085688326604672
0 0.4771294187811755 0.43093135805326266 0.017879948914431724 0.04315701955137276
0 0.6271932757415841 0.3911814716243668 0.021711366538952805 0.01817137665320953
0 0.6674231607990554 0.3979957378693204 0.012771392081736969 0.013628532489907197
0 0.6833874009012266 0.4207099586858323 0.021711366538952698 0.022714220816511962
0 0.7363886780404348 0.3832314943385876 0.01532567049808432 0.02952848706146556
0 0.7338343996240873 0.4138956924408787 0.017879948914431672 0.022714220816511962
