0 0.7300029819995663 0.2912389000317142 0.01532567049808432 0.013628532489907101
0 0.7370272476445214 0.3321244975014357 0.011494252873563187 0.013628532489907101
0 0.7523529181426059 0.4048100041142739 0.019157088122605453 0.03634275330641916
0 0.8111013217185956 0.3911814716243668 0.008939974457215836 0.027257064979814394
0 0.8225955745921588 0.41048855931840195 0.008939974457215836 0.020442798734860795
0 0.8059927648859009 0.469545533441333 0.008939974457215836 0.029528487061465467
0 0.8813439781681486 0.4036742930734484 0.019157088122605345 0.03407133122476799
0 0.8436683715270248 0.4275242249307859 0.012771392081736862 0.0272570649798143
0 0.8519697763801537 0.42070995868583233 0.014048531289910538 0.03179990914311673
0 0.8564397636087617 0.45364557886977463 0.00766283524904216 0.015899954571558364
