0 0.44136952095231213 0.6694306766266382 0.03320561941251594 0.020442798734860795
0 0.41263388876840407 0.6523950110142542 0.08556832694763727 0.05451412995962879
0 0.37623542133545385 0.6614806993408591 0.04597701149425285 0.018171376653209628
0 0.3985853574784934 0.6637521214225102 0.04469987228607923 0.01817137665320953
0 0.41391102797657775 0.6853306311981966 0.03959131545338442 0.011357110408255934
0 0.3915610918335382 0.7103162740963598 0.03320561941251594 0.0204427987348607
0 0.2951370816164245 0.7636946930151628 0.05491698595146869 0.0408855974697214
0 0.29705279042868504 0.7125876961780109 0.0408684546615581 0.038614175388070424
0 0.3487769283597195 0.667159254544987 0.04725415070242653 0.034071331224767895
0 0.2363886780404347 0.7091805630555341 0.0421455938697318 0.0545141299596286
0 0.17380885683992386 0.7296233617903949 0.0421455938697318 0.04088559746972159
