0 0.4081639015397961 0.09589660100971134 0.012771392081736969 0.018171376653209722
0 0.39156109183353816 0.14586788680603766 0.005108556832694755 0.022714220816512153
0 0.3321741186534615 0.17539637386750329 0.014048531289910592 0.01817137665320953
0 0.3455840803392853 0.21628197133722477 0.017879948914431672 0.04088559746972159
0 0.4285981288705752 0.12315366598952573 0.01021711366538951 0.027257064979814394
0 0.42348957203788046 0.12996793223447925 0.0 0.0
0 0.41391102797657775 0.11066084454044403 0.006385696040868431 0.015899954571558364
0 0.41327245837249094 0.12769651015282807 0.00766283524904216 0.013628532489907006
0 0.41838101520518567 0.1617678413775961 0.005108556832694755 0.01817137665320953
0 0.408802471143883 0.14700359784686323 0.006385696040868431 0.029528487061465658
0 0.4030553447071014 0.1186108218262232 0.00766283524904216 0.009085688326604672
0 0.40305534470710136 0.1663106855408985 0.0 0.0
0 0.3992239270825803 0.14813930888768886 0.0 0.0
0 0.3877296742090171 0.14018933160190963 0.010217113665389565 0.011357110408256125
0 0.3947539398539724 0.1833463511532824 0.0063856960408684845 0.024985642898163133
0 0.38134397816814863 0.1526821530509913 0.0 0.0
0 0.37559685173136703 0.17426066282667763 0.0012771392081736218 0.0068142662449535985
0 0.3736811429191065 0.1935677505207128 0.017879948914431672 0.03634275330641906
