0 0.24596722210173738 0.5933380368913231 0.02554278416347386 0.009085688326604576
0 0.29513708161642455 0.6160522577078351 0.016602809706257996 0.02271422081651187
0 0.22872584279139258 0.6149165466670096 0.031928480204342316 0.01135711040825603
0 0.3487769283597195 0.6103737025037071 0.024265644955300154 0.006814266244953503
0 0.4215738632256199 0.526331085482613 0.014048531289910592 0.0022714220816510726
0 0.6801945528807923 0.45705271199225145 0.012771392081736862 0.022714220816511962
0 0.661037464758187 0.4650026892780306 0.00766283524904216 0.020442798734860795
0 0.6859416793175739 0.4650026892780306 0.011494252873563293 0.0068142662449535985
0 0.5250221390876889 0.4945311763394961 0.016602809706257996 0.011357110408255839
0 0.49820221571604145 0.5251953744417872 0.026819923371647507 0.013628532489907197
0 0.39858535747849344 0.5581309946257296 0.008939974457215836 0.002271422081651168
0 0.3934768006457987 0.5831166375238929 0.008939974457215836 0.006814266244953694
