0 0.4311524072869226 0.5535881504624273 0.42145593869731807 0.19761372110365397
0 0.45861090026265694 0.3253102312564821 0.04980842911877393 0.06814266244953585
0 0.880066838959975 0.17085352970420087 0.021711366538952698 0.05451412995962869
0 0.3289812706330273 0.24467474735786474 0.005108556832694755 0.015899954571558364
0 0.3181255873635509 0.2435390363170391 0.00383141762452108 0.0045428441633024305
0 0.3225955745921589 0.26852467921520223 0.0 0.004542844163302478
0 0.3277041314248536 0.294646033154191 0.002554278416347351 0.020442798734860747
0 0.3455840803392853 0.3196316760523541 0.005108556832694755 0.015899954571558364
0 0.35707833321284854 0.27306752337850465 0.00766283524904216 0.01817137665320953
0 0.3321741186534616 0.11747511078539771 0.016602809706257996 0.015899954571558364
