0 0.6706160088194897 0.10838942245879296 0.008939974457215836 0.006814266244953503
0 0.6782788440685318 0.15381786409181689 0.016602809706257996 0.01135711040825603
0 0.6967973625870503 0.15495357513264252 0.02298850574712648 0.03634275330641916
0 0.6948816537747897 0.18107492907163125 0.014048531289910645 0.020442798734860795
0 0.6693388696113161 0.19811059468401518 0.04214559386973182 0.040885597469721494
0 0.9311524072869226 0.2265033707046551 0.0012771392081737827 0.002271422081651168
0 0.9471166473890937 0.2299105038271319 0.012771392081736862 0.03634275330641916
0 0.9292366984746621 0.23899619215373674 0.01532567049808432 0.01817137665320953
0 0.9420080905563989 0.25376043568446943 0.012771392081736862 0.024985642898163084
0 0.9279595592664884 0.27874607858263256 0.017879948914431565 0.024985642898163227
