0 0.6125061748475867 0.7023662968105806 0.07151979565772658 0.045428441633023925
0 0.75554576616304 0.7943588911174538 0.09961685823754786 0.07949977285779182
0 0.8532469155883275 0.8159374008931403 0.11111111111111105 0.1544567015522813
0 0.9273209896624015 0.8307016444238731 0.0651340996168583 0.0749569286944893
0 0.8391983842984168 0.7375733390761742 0.06768837803320565 0.05224270787797743
0 0.5767462770187234 0.743251894280302 0.09450830140485306 0.0545141299596286
0 0.5467335056266416 0.7750518034234188 0.0702426564495529 0.02271422081651187
0 0.5211907214631679 0.712587696178011 0.07279693486590036 0.04315701955137276
0 0.5135278862141256 0.6739735207899407 0.08812260536398474 0.05224270787797743
0 0.4298752680787489 0.6444450337284752 0.053639846743295014 0.04315701955137276
0 0.42412814164196727 0.7091805630555341 0.06513409961685825 0.040885597469721494
0 0.42476671124605414 0.7898160469541515 0.086845466155811 0.06587124036788482
0 0.32387271380033256 0.6410379006059983 0.038314176245210746 0.03634275330641906
0 0.309824182510422 0.6898734753614989 0.07662835249042144 0.056785552041279955
