0 0.6597603255500132 0.1924320394798872 0.02043422733077902 0.006814266244953503
0 0.6572060471336659 0.16403926345924727 0.005108556832694702 0.0045428441633024305
0 0.664868882382708 0.14473217576521213 0.00766283524904216 0.006814266244953503
0 0.6437960854478421 0.1560892861734681 0.014048531289910645 0.011357110408255934
0 0.6476275030723633 0.12315366598952564 0.0063856960408684845 0.02271422081651187
0 0.615699022868021 0.1265607991120025 0.0063856960408684845 0.011357110408255839
0 0.6048433395985445 0.15722499721429367 0.007662835249042052 0.018171376653209628
0 0.6105904660353262 0.09816802309136251 0.014048531289910538 0.009085688326604672
0 0.5754691378105496 0.11520368870374645 0.040868454661558154 0.02952848706146556
0 0.5799391250391577 0.05501100353998985 0.008939974457215836 0.013628532489907197
0 0.5626977457288128 0.07431809123402495 0.00766283524904216 0.006814266244953694
0 0.5658905937492469 0.0447896041725594 0.011494252873563187 0.0204427987348607
0 0.5735534289982892 0.018668250233570684 0.0012771392081737827 0.0
0 0.47585227957300175 0.03343249376430356 0.00766283524904216 0.015899954571558364
0 0.45924946986674375 0.035703915845954635 0.012771392081736915 0.015899954571558173
0 0.4324295464950963 0.09703231205053683 0.012771392081736915 0.020442798734860712
0 0.5256607086917757 0.1424607536835609 0.01021711366538951 0.011357110408255934
