0 0.4688280139280465 0.16858210762254958 0.07279693486590041 0.059056974122931316
0 0.4420080905563989 0.23899619215373674 0.047254150702426584 0.045428441633023925
0 0.4049710535193619 0.20946770509227122 0.008939974457215836 0.009085688326604766
0 0.39347680064579865 0.2299105038271319 0.014048531289910592 0.022714220816511962
0 0.3807054085640617 0.23218192590878312 0.008939974457215888 0.01817137665320953
0 0.41263388876840407 0.11179655558126961 0.03959131545338442 0.04088559746972159
0 0.4164653063929251 0.059553847703292084 0.03448275862068967 0.03179990914311673
0 0.3877296742090171 0.09362517892806008 0.015325670498084266 0.013628532489907197
0 0.355162624400588 0.11406797766292087 0.016602809706257996 0.013628532489907376
0 0.33089697944528784 0.0061754287844891665 0.011494252873563187 0.0204427987348607
0 0.3117398913226825 0.0856752016422809 0.03192848020434226 0.034071331224767895
0 0.36282545964963014 0.17312495178585205 0.031928480204342316 0.049971285796326356
0 0.2044601978360924 0.026618227519349866 0.02171136653895275 0.03407133122476771
0 0.20254448902383188 0.09476088996888567 0.017879948914431672 0.024985642898163046
0 0.3008842080532061 0.2412676142353879 0.0 0.01817137665320953
0 0.28619710715920865 0.1969748836431896 0.014048531289910592 0.020442798734860795
0 0.2676785886406901 0.2480818804803415 0.0025542784163474046 0.004542844163302336
0 0.22681013397913202 0.2742032344193302 0.015325670498084294 0.015899954571558413
0 0.2338343996240873 0.29464603315419097 0.008939974457215836 0.024985642898163133
0 0.24596722210173738 0.18107492907163122 0.012771392081736915 0.024985642898163133
0 0.2082916154606135 0.17198924074502647 0.019157088122605345 0.04315701955137267
0 0.18147169208896602 0.1697178186633753 0.01149425287356324 0.024985642898163133
0 0.20893018506470035 0.2037891498881432 0.022988505747126426 0.024985642898163133
0 0.21723158991782934 0.2299105038271319 0.014048531289910592 0.022714220816511962
0 0.20318305862791872 0.24126761423538787 0.019157088122605373 0.027257064979814345
0 0.20318305862791874 0.28328892274593503 0.014048531289910592 0.020442798734860844
0 0.17891741367261862 0.2083319940514456 0.02426564495530013 0.034071331224767895
0 0.16933886961131592 0.24013190319456226 0.028097062579821207 0.029528487061465516
0 0.17827884406853178 0.27761036754180707 0.017879948914431672 0.03179990914311678
0 0.1884959577339213 0.3105459877257494 0.02043422733077905 0.02952848706146556
