0 0.7408586652690426 0.29351032211336536 0.011494252873563187 0.013628532489907197
0 0.6853031097134871 0.31849596501152855 0.007662835249042052 0.013628532489907197
0 0.7114844634810477 0.3298530754197845 0.008939974457215836 0.013628532489907197
0 0.7619314622039085 0.36051727352207563 0.00766283524904216 0.015899954571558364
0 0.7606543229957349 0.370738672889506 0.02043422733077913 0.022714220816511962
0 0.8021613472613799 0.4161671145225299 0.026819923371647507 0.027257064979814394
0 0.6578446167377527 0.370738672889506 0.016602809706257996 0.022714220816511962
0 0.631663262970192 0.36846725080785486 0.01021711366538951 0.022714220816511962
0 0.7325572604159135 0.4491027347064723 0.002554278416347351 0.0068142662449535985
0 0.7402200956649558 0.41389569244087876 0.00766283524904216 0.01817137665320953
0 0.7306415516036532 0.3673315397670292 0.003831417624521026 0.015899954571558364
0 0.7114844634810478 0.3684672508078548 0.021711366538952698 0.03179990914311673
0 0.7478829309139979 0.3911814716243668 0.01532567049808432 0.02271422081651187
0 0.6284704149497579 0.3491601631138197 0.0063856960408684845 0.015899954571558364
0 0.6393260982192343 0.3378030527055637 0.00766283524904216 0.024985642898163133
0 0.5837705426636787 0.33098878646061014 0.0063856960408684845 0.0022714220816513107
0 0.5090578989855178 0.28896747795006295 0.01021711366538951 0.013628532489907197
0 0.5339621135449047 0.340074474787215 0.003831417624521026 0.01589995457155832
0 0.4969250765078677 0.3207673870931797 0.014048531289910645 -0.01817137665320953
0 0.4937322284874335 0.3366673416647381 0.005108556832694809 0.013628532489907197
0 0.5262992782958626 0.34007447478721486 0.003831417624521026 0.011357110408255934
0 0.5390706703775995 0.3582458514404245 0.0012771392081736754 0.002271422081651168
0 0.5499263536470759 0.3798243612161108 0.005108556832694702 0.009085688326604766
0 0.5377935311694257 0.3809600722569364 0.008939974457215836 0.015899954571558364
0 0.5333235439408179 0.3661958287262036 0.005108556832694702 0.013628532489907197
0 0.503949342152823 0.35143158519547085 0.02043422733077902 0.024985642898163227
0 0.49245508927925974 0.36165298456290124 0.01021711366538951 0.009085688326604766
