0 0.6642303127786212 0.14586788680603766 0.026819923371647507 0.03634275330641916
0 0.7370272476445215 0.127696510152828 0.031928480204342316 0.040885597469721674
0 0.751714348538519 0.18334635115328246 0.03320561941251588 0.04769986371467509
0 0.7689557278488639 0.24694616943951586 0.044699872286079176 0.056785552041279864
0 0.7057373370442662 0.2060605719697944 0.061302681992337175 0.06132839620458229
0 0.6061204788067182 0.2810175006642838 0.02043422733077902 0.06132839620458229
0 0.6016504915781102 0.3332602085422613 0.031928480204342316 0.020442798734860795
0 0.6291089845538447 0.3412101858280405 0.05108556832694766 0.045428441633023876
0 0.5939876563290682 0.36392440664455245 0.04214559386973182 0.03179990914311673
0 0.5512034928552496 0.4036742930734484 0.05108556832694766 0.029528487061465467
