0 0.5980154278134532 0.2758493438516966 0.053876478318002526 0.05141592217940019
0 0.5204858614534005 0.2945460428260239 0.059132720105124804 0.046741747435818305
0 0.5277131939106936 0.2314446837876693 0.08409986859395531 0.06543844641014566
0 0.46858047380556866 0.22209633430050568 0.05781865965834426 0.06076427166656383
0 0.4061626025834925 0.22443342167229652 0.07490144546649147 0.051415922179400095
0 0.40944775370044384 0.26065827593505575 0.08935611038107753 0.05375300955119109
0 0.5395397379317185 0.18002876160826914 0.03942181340341657 0.05141592217940019
0 0.21628086802370272 0.14964662577498725 0.04204993429697768 0.056090096922981864
0 0.2892112228200234 0.14380390734550996 0.03285151116951376 0.04440466006402731
0 0.2826409205861206 0.05382604353155976 0.05387647831800264 0.03271922320507293
0 0.3233767944363177 0.08537672305073704 0.03810775295663603 0.05842718429477278
