0 0.9574109600079341 0.11575885888401907 0.06044678055190545 0.05842718429477278
0 0.771471406788486 0.02578099507006871 0.07752956636005259 0.04206757269223632
0 0.7215371098108251 0.29805167388371034 0.03810775295663603 0.03973048532044552
0 0.6591192385887488 0.1893771110954328 0.05519053876478328 0.051415922179400095
0 0.5842177931222572 0.14380390734551002 0.03942181340341657 0.05375300955119099
0 0.5520233121761338 0.08654526673663249 0.027595269382391697 0.05609009692298189
0 0.31614946197902466 0.09823070359558717 0.03942181340341657 0.04674174743581829
0 0.22876444226811796 0.09706215990969172 0.03810775295663603 0.05375300955119099
0 0.13678021099347934 0.12043303362760077 0.019710906701708313 0.03973048532044542
0 0.11641227406838076 0.004747208723950549 0.015768725361366632 0.009348349487163583
0 0.12955287853618627 0.03512934455723249 0.013140604467805496 0.028045048461490946
