0 0.5421678588252796 0.45931070253728357 0.01839684625492769 0.030382135833281938
0 0.5257421032405227 0.47333322676802897 0.022339027595269314 0.025707961089700047
0 0.5329694356978157 0.44178254724885163 0.010512483574244332 0.00934834948716368
0 0.5231139823469616 0.45697361516549256 0.014454664914586066 0.011685436858954576
0 0.5086593174323756 0.46398487728086535 0.030223390275952777 0.03973048532044552
0 0.5086593174323755 0.4417825472488516 0.01708278580814715 0.018696698974327266
0 0.4968327734113507 0.4417825472488516 0.019710906701708338 0.023370873717909153
0 0.4935476222943992 0.4207487609027334 0.02365308804204991 0.004674174743581888
0 0.7346777142786305 0.3447934213195286 0.017082785808147257 0.049078834807609203
0 0.6433505132273821 0.31441128548624675 0.031537450722733215 0.03505631057686373
0 0.6683176617162127 0.445288178306538 0.01051248357424444 0.030382135833281938
