0 0.752417530310168 0.6567945854536158 0.04730617608409982 0.023370873717909246
0 0.6827723266307987 0.6416035175369749 0.04993429697766101 0.04440466006402722
0 0.7511034698633874 0.6345922554216021 0.04993429697766101 0.030382135833281938
0 0.6656895408226515 0.6532889543959294 0.04467805519053884 0.044404660064027504
0 0.6367802109934794 0.7128846823765979 0.04993429697766101 0.0467417474358184
0 0.6433505132273821 0.6696485659984658 0.03942181340341657 0.049078834807609294
0 0.6991980822155557 0.6918508960304794 0.035479632063074945 0.03739339794865453
0 0.569106097984281 0.7011992455176431 0.03285151116951376 0.046741747435818305
0 0.5967013673666726 0.6743227407420477 0.030223390275952673 0.03973048532044562
0 0.6111560322812586 0.6451091485946612 0.0433639947437583 0.03739339794865453
0 0.6078708811643072 0.6170641001331703 0.04467805519053874 0.04206757269223632
0 0.5500522215059629 0.7023677892035386 0.023653088042049963 0.07712388326910033
0 0.5316553752510352 0.6754912844279432 0.018396846254927796 0.03271922320507293
0 0.5684490677608907 0.6825025465433158 0.02890932982917213 0.05609009692298189
0 0.5730482793246227 0.6369293427933931 0.03285151116951376 0.05842718429477298
0 0.5513662819527435 0.6380978864792886 0.02890932982917224 0.032719223205072735
0 0.5677920375375005 0.6100528380177975 0.02233902759526942 0.028045048461490946
0 0.5467670703890116 0.6275809933062293 0.04073587385019711 0.03505631057686373
0 0.5277131939106935 0.6462776922805566 0.0341655716162944 0.04440466006402741
0 0.4994608943049117 0.6661429349407795 0.04599211563731928 0.046741747435818305
0 0.4744937458160812 0.5901875953575748 0.030223390275952725 0.05375300955119109
0 0.46266720179505627 0.6053786632742156 0.03810775295663603 0.07478679589730944
0 0.4679234435821784 0.6509518670241384 0.04599211563731933 0.06777553378193638
