0 0.8542572149356608 0.06317439301872334 0.02233902759526942 0.03271922320507293
0 0.8062940086281707 0.04798332510208251 0.01839684625492769 0.03505631057686382
0 0.885794665658394 0.13445555785834623 0.019710906701708126 0.03973048532044562
0 0.9206172674980787 0.10991614045454164 0.031537450722733215 0.03271922320507293
0 0.912075874594005 0.03396080087133694 0.01708278580814715 0.025707961089699857
0 0.7957815250539263 0.09823070359558717 0.023653088042049963 0.03739339794865472
0 0.7333636538318499 0.09589361622379618 0.003942181340341625 0.03739339794865453
0 0.6893426288647014 0.32492817865930584 0.01839684625492769 0.02804504846149104
0 0.626267727419235 0.0771969172494689 0.015768725361366715 0.05141592217940009
0 0.6748879639501153 0.04915186878797796 0.015768725361366608 0.046741747435818305
0 0.3687118798502468 0.03863497561491883 0.023653088042049963 0.05375300955119119
0 0.5546514330696949 0.06434293670461888 0.01971090670170823 0.04907883480760901
0 0.7675292254481443 0.2758493438516966 0.030223390275952777 0.03739339794865462
