0 0.7984096459474872 0.012927014525218689 0.042049934296977655 0.049078834807609203
0 0.5921021558029406 0.1449724510314054 0.02890932982917224 0.03271922320507283
0 0.6269247576426252 0.10874759676864619 0.024967148488830505 0.03038213583328203
0 0.4022204212431508 0.016432645582905126 0.02233902759526937 0.028045048461490946
0 0.46726641335878816 0.08070254830715516 0.01576872536136666 0.025707961089700047
0 0.4620101715716659 0.1064105093968554 0.007884362680683304 0.03973048532044542
0 0.44492738576351876 0.1683433247493146 0.013140604467805524 0.06076427166656368
0 0.4252164790618105 0.13912973260192812 0.023653088042049963 0.05842718429477298
0 0.4363859928594452 0.19872546058259646 0.01708278580814715 0.032719223205072735
0 0.4751507760394714 0.1765231305505828 0.03416557161629435 0.030382135833281938
0 0.47383671559269086 0.20807381006976014 0.03942181340341657 0.023370873717909153
0 0.4317867812957133 0.23144468378766922 0.018396846254927744 0.03271922320507283
0 0.43770005330622574 0.24546720801841476 0.04073587385019711 0.03739339794865472
