0 0.7097105657898 0.2945460428260239 0.019710906701708338 0.032719223205072735
0 0.8299470966702205 0.32492817865930584 0.02102496714848888 0.04206757269223642
0 0.5710771886544518 0.43944545987706063 0.026281208935611047 0.028045048461490946
0 0.4652953226886173 0.41607458615915155 0.014454664914586066 0.03271922320507283
0 0.4876343502838867 0.4628163335949699 0.01708278580814715 0.023370873717909246
0 0.4856632596137159 0.4721646830821335 0.031537450722733264 0.01869669897432736
0 0.46201017157166596 0.44295109093474705 0.026281208935611047 0.03973048532044552
0 0.4600390809014951 0.4803444888834017 0.0170827858081472 0.025707961089699954
0 0.45346877866759233 0.445288178306538 0.03547963206307484 0.04440466006402741
0 0.42915866040215217 0.4686590520244472 0.026281208935611047 0.016359611602536465
0 0.4390141137530063 0.5142322557743699 0.03547963206307489 0.046741747435818305
0 0.4830351387201548 0.5048839062872063 0.026281208935610992 0.028045048461490946
0 0.35885642649939264 0.430097110389897 0.02233902759526937 0.03271922320507283
0 0.4186461768279077 0.4943670131141472 0.02890932982917213 0.03973048532044542
