0 0.6196974251853322 0.07369128619178256 0.031537450722733215 0.049078834807609203
0 0.8325752175637816 0.040972062986709724 0.021024967148488772 0.025707961089700047
0 0.47712186670964235 0.09472507253790072 0.019710906701708338 0.03038213583328184
0 0.5750193699947934 0.09823070359558717 0.015768725361366608 0.014022524230745377
0 0.621668515855503 0.14964662577498722 0.011826544021024982 0.028045048461491015
0 0.7320495933850694 0.2372874022171466 0.02759526938239159 0.030382135833281983
0 0.5539944028463045 0.1402982762878236 0.015768725361366608 0.03271922320507281
0 0.5388827077083282 0.15198371314677817 0.01971090670170823 0.018696698974327335
0 0.5539944028463046 0.16951186843521004 0.01051248357424444 0.03505631057686373
0 0.550052221505963 0.18236584898006009 0.013140604467805524 0.01869669897432736
0 0.5421678588252795 0.19054565478132826 0.007884362680683358 0.016359611602536368
0 0.5277131939106935 0.1917141984672237 0.015768725361366608 0.028045048461491064
0 0.5323124054744255 0.21508507218513287 0.009198423127463792 0.014022524230745473
0 0.545453009942231 0.2337817711594602 0.011826544021024874 0.032719223205072735
0 0.530998345027645 0.23845594590304198 0.014454664914585958 0.023370873717909153
0 0.5237710125703519 0.23144468378766928 0.015768725361366608 0.023370873717909153
