0 0.7037972937792876 0.7409297308380888 0.03679369250985549 0.042067572692236516
0 0.6847434173009694 0.7058734202612249 0.05124835742444155 0.03739339794865472
0 0.7340206840552402 0.8227277888507707 0.02890932982917213 0.03271922320507293
0 0.7366488049488013 0.7970198277610707 0.026281208935611047 0.051415922179400095
0 0.8089221295217317 0.7491095366393569 0.03153745072273332 0.04440466006402741
0 0.7800127996925595 0.7432668182098796 0.0341655716162944 0.032719223205072735
0 0.8049799481813901 0.7152217697483886 0.023653088042049963 0.023370873717909246
0 0.8568853358292219 0.7257386629214477 0.04073587385019711 0.044404660064027504
0 0.785926071703072 0.7222330318637614 0.030223390275952673 0.01869669897432717
0 0.7465042582996555 0.6743227407420478 0.03285151116951376 0.049078834807609106
0 0.7011691728857263 0.6708171096843614 0.04993429697766091 0.04206757269223642
0 0.6926277799816528 0.5855134206139928 0.024967148488830505 0.03505631057686382
0 0.6991980822155557 0.621738274876752 0.0433639947437582 0.04674174743581821
0 0.6729168732799445 0.6696485659984658 0.024967148488830398 0.03038213583328184
0 0.6486067550145044 0.5901875953575747 0.021024967148488772 0.021033786346118258
0 0.6545200270250169 0.6147270127613793 0.0433639947437582 0.04206757269223642
0 0.6249536669724544 0.6229068185626475 0.018396846254927796 0.025707961089700145
0 0.6058997904941363 0.6392664301651839 0.01708278580814715 0.03038213583328184
0 0.6302099087595767 0.6766598281138385 0.01839684625492769 0.03505631057686382
0 0.5934162162497211 0.6088842943319019 0.023653088042049856 0.03505631057686382
0 0.5802756117819157 0.6240753622485431 0.018396846254927584 0.03271922320507293
0 0.6111560322812586 0.6229068185626475 0.019710906701708338 0.03038213583328184
0 0.5697631282076712 0.6427720612228702 0.015768725361366608 0.023370873717909246
0 0.671602812833164 0.742098274523984 0.035479632063074945 0.035056310576863633
