0 0.5776474908883545 0.4558050714795971 0.06307490144546653 0.05141592217940019
0 0.4830351387201548 0.49319846942825174 0.04730617608409998 0.03739339794865453
0 0.4252164790618105 0.4908613820564608 0.03416557161629435 0.05609009692298189
0 0.3680548496268565 0.470996139396238 0.03810775295663603 0.03973048532044552
0 0.3371744291275135 0.4312656540757925 0.03679369250985549 0.0724497085255184
0 0.43178678129571324 0.4534679841078062 0.03416557161629435 0.042067572692236516
0 0.42061726749807854 0.4464567219924334 0.024967148488830453 0.042067572692236516
0 0.35622830560583146 0.5936932264152611 0.06176084099868599 0.046741747435818305
0 0.37659624253093005 0.6474462359664522 0.07095926412614978 0.051415922179400095
0 0.4186461768279077 0.6579631291395113 0.03416557161629435 0.06310135903835477
0 0.533626465921206 0.6696485659984659 0.06701708278580816 0.05842718429477278
0 0.34834394292514814 0.6965250707740613 0.04599211563731933 0.05609009692298189
0 0.06779203753750031 0.45580507147959703 0.12352168199737187 0.12620271807670935
