0 0.7530745605335583 0.3821868192681833 0.035479632063074945 0.03973048532044552
0 0.6748879639501153 0.3132427418003514 0.042049934296977655 0.0233708737179092
0 0.6321809994297475 0.3927037124412424 0.030223390275952777 0.028045048461491088
0 0.5750193699947934 0.3962093434989288 0.0341655716162943 0.03973048532044552
0 0.5592506446334268 0.3927037124412424 0.0341655716162943 0.03271922320507283
0 0.5605647050802073 0.2933774991401285 0.04467805519053884 0.05375300955119099
0 0.5737053095480128 0.2735122564799058 0.04467805519053884 0.04206757269223637
0 0.5487381610591824 0.2232648779864011 0.026281208935611047 0.03505631057686373
0 0.5296842845808644 0.19521982952491007 0.05387647831800264 0.03973048532044552
0 0.5802756117819156 0.08654526673663268 0.05781865965834437 0.042067572692236516
