0 0.6374372412168696 0.18937711109543276 0.011826544021024982 0.023370873717909177
0 0.6545200270250169 0.2033996353261783 0.014454664914586066 0.023370873717909055
0 0.5855318535690378 0.1917141984672237 0.010512483574244332 0.014022524230745473
0 0.5802756117819157 0.19989400426849194 0.01051248357424444 0.016359611602536368
0 0.6367802109934795 0.24196157696072837 0.005256241787122166 0.016359611602536368
0 0.621668515855503 0.25715264487736933 0.006570302233902816 0.014022524230745568
0 0.6361231807700891 0.27351225647990574 0.006570302233902708 0.018696698974327266
0 0.6827723266307987 0.22092779061461015 0.005256241787122166 0.025707961089700047
0 0.6748879639501154 0.2501413827619966 0.002628120893561083 0.014022524230745473
0 0.667003601269432 0.3097371107426649 0.0 0.011685436858954528
0 0.6045857300473558 0.3050629359990831 0.01971090670170823 0.02103378634611821
0 0.633495059876528 0.3401192465759468 0.0013140604467805415 0.011685436858954576
0 0.6315239692063571 0.3553103144925877 0.005256241787122274 0.028045048461490946
