0 0.9298156906255425 0.038634975614918826 0.02890932982917213 0.035056310576863633
0 0.833232247787172 0.05032041247387341 0.035479632063074945 0.05375300955119099
0 0.5901310651327698 0.08654526673663258 0.022339027595269314 0.01869669897432735
0 0.5211428916767907 0.10757905308275084 0.02102496714848888 0.07478679589730924
0 0.3779103029777106 0.05148895615976885 0.021024967148488827 0.042067572692236516
0 0.6426934830039919 0.18937711109543282 0.014454664914586171 0.009348349487163704
0 0.6637184501524807 0.3027258486272922 0.014454664914586066 0.049078834807609203
0 0.8490009731485385 0.07602837356357336 0.011826544021024982 0.035056310576863633
0 0.8522861242654899 0.12744429574297356 0.013140604467805631 0.05375300955119099
0 0.8976212096794189 0.20456817901207375 0.01708278580814715 0.03973048532044552
