0 0.05268034239952397 0.5785021584986202 0.05913272010512484 0.049078834807609203
0 0.05925064463342673 0.6603002165113021 0.05650459921156374 0.049078834807609106
0 0.16963172216299308 0.6976936144599567 0.06701708278580816 0.05375300955119099
0 0.21430977735353188 0.6310866243639158 0.04599211563731933 0.07011262115372746
0 0.2057683844494583 0.6334237117357067 0.04467805519053879 0.028045048461490946
0 0.2786987392457789 0.5796707021845157 0.04073587385019711 0.06076427166656368
0 0.3030088575112192 0.621738274876752 0.04730617608409987 0.032719223205072735
0 0.3062940086281706 0.6567945854536158 0.05387647831800264 0.04206757269223642
0 0.4022204212431508 0.6743227407420476 0.06176084099868594 0.05842718429477278
0 0.4173321163811272 0.6275809933062294 0.0262812089356111 0.016359611602536368
0 0.4186461768279077 0.6018730322165292 0.052562417871222095 0.05842718429477278
