0 0.981064048049984 0.8858291478891254 0.04467805519053884 0.07946097064089104
0 0.9239024186150301 0.8940089536903936 0.06176084099868578 0.08179805801268213
0 0.9574109600079341 0.981649730132553 0.03679369250985549 0.06076427166656368
0 0.8325752175637816 0.9769755553889711 0.05781865965834437 0.060764271666563875
0 0.529027254357474 0.856615555741739 0.042049934296977655 0.05375300955119119
0 0.526399133463913 0.9021887594916618 0.04467805519053874 0.07478679589730924
0 0.5323124054744255 0.8834920605173344 0.06964520367936936 0.03739339794865453
0 0.4843491991669353 0.8963460410621845 0.03942181340341657 0.1004947569870093
0 0.4751507760394714 0.966458662215912 0.04467805519053874 0.06310135903835458
0 0.40944775370044384 0.8869976915750208 0.08935611038107753 0.06777553378193656
0 0.40024933057298 0.6649743912548841 0.07358738501971092 0.049078834807609203
0 0.37725327275432036 0.6801654591715249 0.05124835742444155 0.03271922320507293
0 0.34243067091463564 0.6673114786266748 0.04730617608409987 0.03973048532044542
0 0.29249637393697475 0.6100528380177975 0.04467805519053879 0.028045048461490946
0 0.22285117025760545 0.8227277888507707 0.05781865965834426 0.06076427166656368
0 0.2136527471301416 0.7409297308380888 0.05256241787122207 0.0467417474358184
0 0.19919808221555552 0.6451091485946612 0.052562417871222095 0.032719223205072735
0 0.20314026355589718 0.6158955564472748 0.04467805519053877 0.03973048532044552
0 0.14729269456772373 0.7432668182098796 0.04599211563731933 0.05609009692298189
0 0.17685905462028614 0.7537837113829389 0.03153745072273324 0.06310135903835468
0 0.15123487590806536 0.718727400806075 0.04599211563731933 0.06777553378193656
0 0.08815997446259888 0.7245701192355523 0.07227332457293037 0.028045048461491136
0 0.04742410061240175 0.7304128376650295 0.06176084099868594 0.03973048532044562
0 0.05859361441003645 0.6614687601971976 0.0657030223390276 0.03271922320507283
0 0.10524276027074604 0.6976936144599568 0.05387647831800264 0.06310135903835458
