0 0.6846645401094001 0.18902490635741048 0.026819923371647507 0.03179990914311673
0 0.7159544507096557 0.17766779594915444 0.02554278416347383 0.045428441633023925
0 0.7185087291260029 0.1515464420101656 0.01021711366538951 0.024985642898163324
0 0.7025444890238319 0.21401054925557356 0.014048531289910645 0.022714220816511962
0 0.7217015771464372 0.2174176823780504 0.019157088122605345 0.038614175388070326
0 0.7491600701221717 0.22991050382713196 0.022988505747126374 0.045428441633023925
0 0.6763631352562713 0.24013190319456232 0.03320561941251599 0.034071331224767895
0 0.6821102616930529 0.21968910445970158 0.016602809706257996 0.03407133122476799
0 0.7153158811055688 0.2673889681743767 0.0038314176245211337 0.03407133122476799
0 0.681471692088966 0.29351032211336536 0.02043422733077913 0.03634275330641916
0 0.6597603255500132 0.27079610129685344 0.012771392081736969 0.06359981828623346
0 0.6980745017952239 0.3468887410321685 0.017879948914431672 0.03407133122476799
0 0.6936045145666161 0.36392440664455245 0.016602809706257996 0.03179990914311673
0 0.6603988951541001 0.34007447478721486 0.011494252873563187 0.038614175388070326
0 0.5716377201860285 0.39913144891014596 0.03831417624521069 0.038614175388070236
