0 0.14571179426010264 0.05273958145833858 0.03959131545338442 0.06359981828623346
0 0.12591613653341044 0.031161071682652294 0.03320561941251598 0.08404261702109435
0 0.06078203691655221 0.14586788680603766 0.06385696040868455 0.12265679240916467
0 0.04417922721029422 0.29351032211336536 0.022988505747126426 0.05905697412293103
0 0.04992635364707584 0.3911814716243668 0.034482758620689655 0.10902825991925738
0 0.027576417504036242 0.53995961797252 0.012771392081736908 0.10675683783760631
0 0.04737207523072846 0.5547238615032528 0.016602809706257975 0.049971285796326356
0 0.08696339068411288 0.6228665239527887 0.016602809706257982 0.0408855974697214
0 0.4343452553073568 0.2151462602963991 0.04725415070242653 -0.19761372110365408
0 0.48670796284247814 0.07545380227485055 0.014048531289910697 0.045428441633023925
0 0.48670796284247814 0.32985307541978454 0.044699872286079176 0.05451412995962869
