0 0.6125061748475867 0.370738672889506 0.7586206896551726 0.708683689475173
0 0.10931332682715247 0.05387529249916417 0.010217113665389538 0.034071331224767895
0 0.15848318634183955 0.2106034161330968 0.011494252873563213 0.020442798734860795
0 0.19041166654618183 0.028889649601001127 0.014048531289910592 0.034071331224767895
0 0.2555457661630401 0.09135375684640881 0.0063856960408684845 0.03179990914311674
0 0.27661856309790595 0.14359646472438645 0.0025542784163474046 0.018171376653209722
0 0.2798114111183402 0.17426066282667768 0.008939974457215836 0.015899954571558364
0 0.2549071965589533 0.15495357513264252 0.00766283524904216 0.03634275330641916
0 0.1999902106074845 0.19470346156153837 0.005108556832694755 0.015899954571558364
0 0.19168880575435554 0.19016061739823603 0.008939974457215836 0.02952848706146556
0 0.19296594496252922 0.14359646472438642 0.00383141762452108 0.02271422081651206
0 0.08568625147593918 0.1254250880711768 0.011494252873563227 0.01817137665320953
0 0.127831845345671 0.1492750199285144 0.008939974457215836 0.020442798734860986
0 0.09462622593315502 0.17312495178585205 0.016602809706257982 0.0272570649798143
0 0.1380489590110605 0.10043944517301368 0.029374201787994884 0.05905697412293112
