0 0.6131447444516736 0.288967477950063 0.03959131545338437 0.049971285796326266
0 0.6201690100966288 0.2037891498881432 0.061302681992337175 0.09312830534769893
0 0.2472443613099111 0.43888133533904183 0.012771392081736943 0.05905697412293112
0 0.22106300754235042 0.4491027347064722 0.02426564495530013 0.05224270787797752
0 0.31940272657172464 0.039111048968431386 0.024265644955300102 0.0408855974697214
0 0.4784065579893491 0.17993921803080565 0.005108556832694755 0.040885597469721494
0 0.49884078532012827 0.17880350698998007 0.01021711366538951 0.04315701955137267
0 0.5441792272102943 0.06182526978494335 0.0063856960408684845 0.027257064979814203
0 0.5320464047326442 0.04933244833586192 0.02043422733077902 0.015899954571558364
0 0.5352392527530784 0.032296782723477885 0.014048531289910645 0.04542844163302374
0 0.5390706703775995 0.01298969502944267 0.014048531289910538 0.0204427987348607
0 0.5563120496879443 0.022075383356047435 0.015325670498084212 0.02952848706146556
