0 0.516082164630473 0.03570391584595463 0.07024265644955306 0.12038537032751341
0 0.6227232885129762 0.24013190319456232 0.028097062579821183 0.07495692869448949
0 0.6827488312971397 0.19016061739823603 0.0434227330779055 0.06587124036788462
0 0.6846645401094003 0.22309623758217836 0.037037037037037014 0.03634275330641906
0 0.7025444890238319 0.18902490635741043 0.024265644955300047 0.05905697412293103
0 0.698074501795224 0.2503533025619927 0.0383141762452108 0.045428441633023925
0 0.7402200956649557 0.2458104583986903 0.02043422733077902 0.049971285796326266
0 0.6718931480276633 0.3014602993991446 0.01660280970625789 0.024985642898163133
0 0.6878573881298344 0.2742032344193302 0.02298850574712648 0.034071331224767944
0 0.6508203510927975 0.2514890136028183 0.012771392081736969 0.020442798734860795
0 0.6010119219740234 0.300324588358319 0.005108556832694809 0.009085688326604814
0 0.6527360599050579 0.365060117685378 0.011494252873563187 0.038614175388070326
0 0.6750859960480975 0.3446173189505173 0.02043422733077902 0.038614175388070326
0 0.7006287802115714 0.3480244520729941 0.03831417624521069 0.049971285796326356
