0 0.030130695920383622 0.2548961467252951 0.0561941251596424 0.05905697412293112
0 0.20701447625243982 0.38777433850188997 0.039591315453384394 0.056785552041279864
0 0.21850872912600303 0.5604024167073808 0.03703703703703704 0.05224270787797772
0 0.1310246933661052 0.5535881504624273 0.06896551724137932 0.09767114951100145
0 0.3558011940046748 0.32190309813400525 0.022988505747126426 0.04769986371467509
0 0.3277041314248536 0.42752422493078585 0.017879948914431672 0.03634275330641916
0 0.27917284151425337 0.3605172735220757 0.02554278416347383 0.038614175388070326
0 0.3347283970698089 0.3105459877257493 0.019157088122605345 0.04769986371467509
0 0.34366837152702473 0.40821713723675074 0.037037037037037014 0.06587124036788462
0 0.4452009385768332 0.2946460331541909 0.028097062579821235 0.056785552041279906
0 0.49053938046699924 0.27306752337850465 0.02426564495530021 0.07268550661283822
0 0.5301306959203836 0.3718743839303316 0.03959131545338448 0.07041408453118705
0 0.47840655798934917 0.3627886956037269 0.038314176245210746 0.06132839620458215
0 0.46627373551169904 0.33098878646061014 0.03448275862068967 0.05224270787797748
0 0.42923669847466206 0.2969174552358421 0.029374201787994856 0.06132839620458234
