0 0.34558408033928534 0.34121018582804047 0.2988505747126437 0.372513221390796
0 0.6361332501988 0.306003143562447 0.04980842911877388 0.08404261702109425
0 0.5275764175040363 0.1095251334996186 0.03959131545338448 0.06359981828623355
0 0.6042047699944577 0.18107492907163122 0.019157088122605345 0.038614175388070326
0 0.6329404021783658 0.201517727806492 0.005108556832694702 0.01135711040825603
0 0.669338869611316 0.2037891498881432 0.0012771392081736754 0.002271422081651263
0 0.6865802489216608 0.17539637386750326 0.02043422733077913 0.0
0 0.661037464758187 0.06523240290742019 0.00766283524904216 0.024985642898163227
0 0.5965419347454156 0.13223935431613043 0.016602809706257996 0.013628532489907006
0 0.6240004277211499 0.22082481550052716 0.012771392081736969 0.03634275330641916
