0 0.3979467878744065 0.3082745656440981 0.07662835249042138 0.0840426170210943
0 0.6412418070314948 0.23899619215373666 0.03448275862068967 0.040885597469721494
0 0.3953925094580592 0.01412540607026835 0.08684546615581094 0.0408855974697214
0 0.5601434673124653 0.03570391584595463 0.03831417624521069 0.08858546118439668
0 0.6840259705053134 0.031161071682652204 0.035759897828863345 0.024985642898163036
0 0.7593771837875611 0.057282425621641014 0.01532567049808432 0.049971285796326266
0 0.6795559832767055 0.13110364327530488 0.03959131545338448 0.029528487061465658
0 0.706375906648353 0.1526821530509913 0.014048531289910538 0.02271422081651187
0 0.6929659449625292 0.17539637386750326 0.028097062579821183 0.049971285796326266
0 0.6552903383214053 0.16631068554089845 0.029374201787994856 0.0272570649798143
0 0.6597603255500133 0.18334635115328246 0.022988505747126374 0.0204427987348607
0 0.5920719475168077 0.14246075368356087 0.017879948914431672 0.024985642898163227
0 0.6827488312971396 0.2344533479904343 0.005108556832694809 0.013628532489907197
0 0.6744474264440107 0.2719318123376791 0.008939974457215836 0.03861417538807028
0 0.71914729873009 0.190160617398236 0.016602809706257996 0.05224270787797752
0 0.7491600701221716 0.2140105492555736 0.012771392081736969 0.03179990914311673
0 0.73128012120774 0.277610367541807 0.01532567049808432 0.045428441633023973
