0 0.499479354924215 0.3173602539707029 0.019157088122605345 0.04315701955137267
0 0.5288535567122099 0.2696603902560279 0.011494252873563187 0.034071331224767895
0 0.5275764175040364 0.18334635115328243 0.0063856960408684845 0.02952848706146556
0 0.5563120496879443 0.1311036432753049 0.02554278416347383 0.038614175388070424
0 0.5818548338514181 0.1197465328670488 0.0383141762452108 0.038614175388070236
0 0.6303861237620183 0.1186108218262232 0.002554278416347351 0.009085688326604672
0 0.5122507470059521 0.04933244833586183 0.037037037037037014 0.038614175388070236
0 0.5167207342345599 0.027753938560175453 0.028097062579821183 0.049971285796326266
0 0.4337066857032699 0.12883222119365365 0.005108556832694702 0.002271422081651168
0 0.3711268645027591 0.05955384770329228 0.010217113665389457 0.027257064979814394
0 0.27406428468155863 0.25489614672529504 0.012771392081736915 0.040885597469721494
0 0.30535419528181407 0.22423194862300394 0.016602809706257996 0.04769986371467509
0 0.33153554904937466 0.12088224390787439 0.012771392081736862 0.027257064979814383
0 0.4011396358948408 0.1117965555812697 0.01149425287356324 0.027257064979814394
