0 0.7944985120123376 0.5694881050339856 0.12132822477650067 0.07949977285779192
0 0.4285981288705752 0.39004576058354123 0.056194125159642415 0.05224270787797743
0 0.39283823104171184 0.3752815170528084 0.056194125159642415 0.0545141299596286
0 0.3692111556904986 0.4036742930734484 0.024265644955300102 0.024985642898163133
0 0.35069263717198 0.3786886501752852 0.01021711366538951 0.011357110408255934
0 0.3443069411311116 0.4150314034817043 0.03320561941251599 0.038614175388070236
0 0.3283427010289404 0.38891004954271563 0.019157088122605345 0.01817137665320953
0 0.27661856309790595 0.5263310854826129 0.038314176245210746 0.07041408453118696
0 0.8755968517313669 0.31508883188905173 0.056194125159642366 0.04769986371467505
0 0.8289812706330273 0.33098878646061014 0.03448275862068967 0.024985642898163084
0 0.8085470433022481 0.28328892274593503 0.0600255427841635 0.0613283962045822
