0 0.6916888057543555 0.6228665239527886 0.6206896551724138 0.6178268062091251
0 0.189773096942095 0.07658951331567623 0.017879948914431672 0.038614175388070236
0 0.07674627701872334 0.042518182090908234 0.014048531289910604 0.015899954571558364
0 0.06972201137376806 0.16176784137759606 0.007662835249042147 0.027257064979814394
0 0.08057769464324442 0.1186108218262233 0.00383141762452108 0.027257064979814203
0 0.08696339068411287 0.21628197133722477 0.014048531289910604 0.027257064979814394
0 0.15912175594592642 0.18561777323493361 0.017879948914431672 0.034071331224767895
0 0.07930055543507072 0.2764746565009814 -0.0012771392081736888 0.002271422081651263
0 0.04290208800212053 0.22423194862300394 0.0 0.015899954571558364
0 0.028853556712209936 0.2753389454601558 0.007662835249042153 0.01362853248990715
0 0.06716773295742065 0.306003143562447 -0.007662835249042147 -0.020442798734860795
0 0.23128012120773994 0.18107492907163122 0.011494252873563213 0.0613283962045822
0 0.2587386141834743 0.14132504264273527 0.01021711366538951 0.02271422081651206
0 0.2319186908118268 0.2787460785826327 0.0 0.0022714220816512152
0 0.1674231607990554 0.20492486092896878 0.019157088122605373 0.03634275330641916
0 0.19935164100339767 0.1515464420101657 0.008939974457215836 0.015899954571558364
0 0.4701051531362201 0.09362517892806017 0.0012771392081736754 0.0
0 0.33281268825754834 0.02775393856017545 0.01021711366538951 0.009085688326604861
0 0.516082164630473 0.035703915845954635 0.014048531289910645 0.038614175388070236
0 0.5275764175040363 0.09362517892806009 0.011494252873563187 0.027257064979814217
0 0.5735534289982891 0.04592531521338508 0.008939974457215836 0.03179990914311673
0 0.5895176691004602 0.050468159376687416 0.0 0.0
