0 0.2223401467505241 0.09816802309136251 0.06002554278416347 0.06359981828623346
0 0.3002456384491193 0.09589660100971134 0.0651340996168582 0.08177119493944318
0 0.3334512578616352 0.12883222119365367 0.044699872286079176 0.04315701955137294
0 0.3404755235065905 0.20265343884731757 0.028097062579821183 0.03179990914311673
0 0.3915610918335381 0.21401054925557358 0.03065134099616864 0.049971285796326266
0 0.41518816718475143 0.3116816987665749 0.0676883780332056 0.07722835077614065
0 0.4854308236343045 0.4309313580532627 0.016602809706258048 0.01135711040825603
0 0.20318305862791874 0.22309623758217836 0.044699872286079176 0.07722835077614065
0 0.13868752861514735 0.30941027668492377 0.04342273307790551 0.06814266244953589
0 0.06844487216559435 0.39799573786932035 0.022988505747126433 0.05905697412293112
