0 0.710207324272874 0.24921759152116704 0.0063856960408684845 0.034071331224767853
0 0.7242558555627847 0.11974653286704894 0.044699872286079176 0.043157019551372855
0 0.7791728415142534 0.1617678413775961 0.014048531289910538 0.03179990914311673
0 0.7938599424082508 0.09703231205053693 0.002554278416347351 0.006814266244953503
0 0.8059927648859009 0.21287483821474795 0.01404853128991043 0.0068142662449535985
0 0.8302584098412009 0.12088224390787457 0.011494252873563187 0.03179990914311673
0 0.8692111556904986 0.14359646472438647 0.03320561941251588 0.031799909143116825
0 0.6105904660353262 0.014125406070268253 0.019157088122605345 0.01817137665320953
0 0.19105023615026867 0.3048674325216214 0.010217113665389538 0.022714220816511917
0 0.21212303308513458 0.300324588358319 0.02171136653895275 0.009085688326604814
0 0.25107577893443217 0.29237461107253976 0.04342273307790553 0.06587124036788472
0 0.3168484481553772 0.2026534388473176 0.019157088122605345 0.0272570649798143
0 0.20446019783609243 0.15949641929594477 0.03959131545338442 0.04088559746972169
0 0.15018178148871056 0.29010318899088855 0.005108556832694755 0.015899954571558364
