0 0.5780234162268971 0.28101750066428377 0.022988505747126374 0.04315701955137276
0 0.652736059905058 0.35029587415464525 0.008939974457215836 0.03179990914311673
0 0.6706160088194897 0.28442463378676064 0.026819923371647507 0.04088559746972154
0 0.7217015771464372 0.29123890003171427 0.011494252873563293 0.027257064979814345
0 0.6201690100966288 0.24353903631703908 0.02298850574712648 0.022714220816511917
0 0.6271932757415842 0.19583917260236394 0.024265644955300154 0.03179990914311673
0 0.6437960854478421 0.18675348427575925 0.029374201787994856 0.03634275330641916
0 0.669338869611316 0.2276390817454807 0.021711366538952698 0.05451412995962865
0 0.6406032374274079 0.12428937703035127 0.03065134099616864 0.043157019551372855
0 0.6680617304031422 0.04138247105008264 0.011494252873563293 0.01817137665320953
0 0.6884959577339214 0.036839626886780316 0.021711366538952805 0.04088559746972159
0 0.7446900828935638 0.09021804580558333 0.031928480204342205 0.05678555204127977
0 0.7153158811055688 0.14246075368356081 0.03448275862068967 0.03861417538807052
0 0.7287258427913926 0.17880350698998007 0.035759897828863345 0.05224270787797752
