0 0.44200809055639895 0.3105459877257494 0.026819923371647507 0.06132839620458225
0 0.4713822923443938 0.3287173643789589 0.016602809706257996 0.034071331224767895
0 0.4637194570953517 0.2378604811129111 0.0191570881226054 0.04315701955137267
0 0.48543082363430445 0.2537604356844695 0.021711366538952805 0.038614175388070326
0 0.6271932757415841 0.35029587415464525 0.04980842911877388 0.07722835077614065
0 0.6105904660353262 0.2367247700720855 0.016602809706257996 0.05451412995962869
0 0.6865802489216608 0.27420323441933026 0.02554278416347383 0.05224270787797752
0 0.6827488312971397 0.2310462148679575 0.017879948914431672 0.056785552041279864
0 0.6584831863418396 0.22309623758217836 0.007662835249042052 0.049971285796326266
0 0.6431575158437552 0.21514626029639913 0.02043422733077902 0.024985642898163133
0 0.590794808308634 0.1992463057248408 0.015325670498084212 0.034071331224767895
0 0.5850476818718523 0.07204666915237379 0.07790549169859516 0.06587124036788482
0 0.6533746295091448 0.1401893316019097 0.02554278416347383 0.02952848706146556
0 0.6591217559459264 0.17653208490832886 0.024265644955300047 0.024985642898163227
0 0.6955202233788765 0.17653208490832883 0.02043422733077902 0.04315701955137276
0 0.7472443613099111 0.1549535751326424 0.021711366538952698 0.04542844163302402
0 0.7114844634810479 0.04138247105008265 0.07279693486590047 0.0545141299596286
