0 0.4649965963035254 0.4127599814000531 0.039591315453384526 0.04315701955137267
0 0.5090578989855178 0.4150314034817043 0.0434227330779055 0.04315701955137276
0 0.6240004277211499 0.4036742930734484 0.06641123882503198 0.056785552041279864
0 0.20829161546061353 0.39458860474684354 0.1289910600255428 0.11129968200090856
0 0.05184206245933637 0.5638095498298576 0.07407407407407407 0.10448541575595514
0 0.10356620039037084 0.6046951472995791 0.08045977011494253 0.07722835077614075
0 0.17061600881948963 0.8568229983628619 0.140485312899106 0.13174248073576925
0 0.5218292910672547 0.3911814716243668 0.01532567049808432 0.03634275330641906
0 0.5045879117569098 0.3945886047468435 0.026819923371647507 0.04769986371467509
0 0.46308088749126486 0.3639244066445524 0.04853128991060031 0.05905697412293103
0 0.46627373551169904 0.3582458514404245 0.024265644955300154 0.034071331224767895
0 0.4439237993686595 0.3718743839303316 0.017879948914431672 0.020442798734860795
0 0.4375381033277911 0.28101750066428377 0.02554278416347383 0.015899954571558364
0 0.392199661437625 0.35256729623629646 0.05747126436781609 0.045428441633023925
0 0.3653797380659775 0.42184566972665793 0.06257982120051085 0.05224270787797743
0 0.3966696486662329 0.46386697823720496 0.07662835249042144 0.07722835077614056
0 0.5294921263162968 0.43206706909408826 0.0 0.0
0 0.5397092399816864 0.45250986782894903 0.028097062579821076 0.03179990914311673
0 0.5729148593942022 0.4491027347064722 0.025542784163473723 0.05224270787797752
0 0.5614206065206391 0.4059457151550996 0.022988505747126374 0.034071331224767895
0 0.557589188896118 0.3366673416647381 0.00766283524904216 0.01817137665320953
0 0.5620591761247259 0.2991888773174934 0.019157088122605345 0.024985642898163133
0 0.5939876563290681 0.3434816079096916 0.019157088122605345 0.03634275330641906
0 0.6450732246560158 0.27761036754180696 0.0038314176245211337 0.02271422081651201
0 0.6540131991132316 0.24921759152116707 0.011494252873563187 0.0204427987348607
0 0.7025444890238319 0.26171041297024866 0.024265644955300047 0.040885597469721494
0 0.6891345273380082 0.21855339341887592 0.01021711366538951 0.01817137665320953
0 0.6712545784235765 0.3309887864606101 0.030651340996168532 0.038614175388070326
0 0.6993516410033978 0.3173602539707029 0.017879948914431672 0.020442798734860795
0 0.7191472987300898 0.32985307541978454 0.011494252873563187 0.0272570649798143
0 0.8308969794452878 0.21855339341887592 0.01532567049808432 0.013628532489907197
0 0.6821102616930529 0.3979957378693203 0.019157088122605345 0.009085688326604766
0 0.6137833140557604 0.21968910445970158 0.02043422733077902 0.029528487061465467
0 0.6482660726764501 0.4275242249307859 0.03320561941251599 0.018171376653209628
0 0.48479225403021764 0.44001704637986744 0.02043422733077913 0.0204427987348607
0 0.5148050254222993 0.46727411135968183 0.008939974457215836 0.04769986371467509
