0 0.3953925094580592 0.3571101403995989 0.022988505747126426 0.06814266244953589
0 0.49437079809152024 0.2026534388473176 0.02937420178799491 0.040885597469721494
0 0.6042047699944577 0.12542508807117692 0.070242656449553 0.08631403910274552
0 0.6406032374274079 0.16290355241842167 0.03065134099616864 0.07495692869448949
0 0.644434655051929 0.031161071682652294 0.02043422733077913 0.034071331224767895
0 0.6610374647581869 0.17426066282667768 0.035759897828863345 0.06132839620458229
0 0.6750859960480975 0.12769651015282812 0.02043422733077902 0.02725706497981449
0 0.6936045145666161 0.1401893316019097 0.029374201787994964 0.05224270787797762
0 0.6929659449625292 0.10498228933631601 0.02554278416347383 0.05905697412293112
0 0.7050987674401793 0.06863953602989704 0.026819923371647507 0.04088559746972159
0 0.7134001722933082 0.21287483821474798 0.017879948914431672 0.04315701955137267
0 0.7057373370442662 0.2537604356844695 0.030651340996168532 0.029528487061465516
0 0.6948816537747898 0.2753389454601558 0.021711366538952698 0.04088559746972154
0 0.6718931480276633 0.23558905903125993 0.029374201787994856 0.04315701955137267
0 0.7504372093303454 0.22309623758217834 0.02554278416347383 0.06359981828623341
0 0.7798114111183402 0.20833199405144556 0.03320561941251588 0.05224270787797743
0 0.7734257150774717 0.13110364327530488 0.00766283524904216 0.029528487061465658
0 0.8040770560736404 0.0720466691523738 0.012771392081736862 0.02952848706146537
0 0.7312801212077399 0.12428937703035137 0.035759897828863345 0.038614175388070326
