0 0.028214987108123087 0.3525672962362965 0.006385696040868458 0.022714220816511962
0 0.08185483385141812 0.35483871831794767 0.03192848020434226 0.08177119493944308
0 0.09590336514132872 0.463866978237205 0.026819923371647507 0.05451412995962869
0 0.15848318634183958 0.5115668419518801 0.02426564495530013 0.06359981828623346
0 0.17955598327670544 0.5036168646661009 0.022988505747126426 0.07949977285779182
0 0.12080757970071569 0.6410379006059983 0.02554278416347383 0.031799909143116825
0 0.4222124328297068 0.21741768237805037 0.11238825031928477 0.07041408453118705
0 0.4847922540302176 0.4763597996862866 0.043422733077905555 0.047699863714675
0 0.45286377382587534 0.12883222119365376 0.053639846743295014 0.1430995911440253
0 0.49628650690378084 0.18561777323493361 0.017879948914431672 0.05224270787797743
0 0.4841536844261307 0.09021804580558332 0.02681992337164756 0.038614175388070424
0 0.5837705426636787 0.09135375684640881 0.04980842911877388 0.06359981828623346
