0 0.45222520422178847 0.24013190319456232 0.03448275862068967 0.06132839620458229
0 0.5237449998795152 0.03911104896843148 0.029374201787994964 0.036342753306419256
0 0.5971805043495023 0.04706102625421056 0.02043422733077902 0.04769986371467509
0 0.6233618581170631 -0.002910259542115696 0.016602809706257996 0.01135711040825603
0 0.6393260982192341 0.022075383356047532 0.005108556832694809 0.006814266244953694
0 0.6386875286151473 0.03343249376430356 0.008939974457215836 0.015899954571558364
0 0.6399646678233211 0.04478960417255949 0.011494252873563293 0.024985642898163227
0 0.6425189462396684 0.07545380227485064 0.003831417624521026 0.027257064979814394
0 0.627831845345671 0.0584181366624666 0.012771392081736862 0.04769986371467509
0 0.611229035639413 0.0993037341321881 0.017879948914431672 0.034071331224767895
0 0.6335789717824526 0.12315366598952573 0.016602809706257996 0.05905697412293112
0 0.5633363153328996 0.3468887410321685 0.016602809706257996 0.0613283962045822
0 0.5780234162268971 0.43888133533904183 0.03320561941251599 0.08177119493944299
0 0.5856862514759392 0.38777433850188997 0.00766283524904216 0.03407133122476799
0 0.44264666016048576 0.5058882867477521 0.030651340996168588 0.04315701955137276
0 0.09462622593315502 0.4729526665638098 0.05236270753512131 0.07268550661283822
0 0.6667845911949686 0.21968910445970155 0.03448275862068967 0.05224270787797752
