0 0.06844487216559435 0.04365389313173391 0.05108556832694764 0.03634275330641906
0 0.2881128159714692 0.09589660100971134 0.005108556832694702 0.018171376653209722
0 0.27470285428564545 0.11066084454044411 0.016602809706257996 0.034071331224767895
0 0.2938599424082508 0.11747511078539763 0.0012771392081737292 0.002271422081651168
0 0.2989684992409456 0.17653208490832883 -0.01149425287356324 -0.01135711040825603
0 0.1916888057543555 0.1049822893363161 0.003831417624521053 0.013628532489907197
0 0.15848318634183955 0.14586788680603777 0.0012771392081737023 0.009085688326604766
0 0.17508599604809755 0.22082481550052716 0.016602809706257996 0.022714220816511962
0 0.25235291814260585 0.26284612401107427 0.0 0.002271422081651168
0 0.24852150051808478 0.19583917260236403 0.0 0.03634275330641916
0 0.18338740090122654 0.2901031889908886 0.02043422733077902 0.02952848706146561
0 0.2114844634810477 0.2503533025619927 0.0 0.0
0 0.22617156437504518 0.3207673870931797 0.0012771392081736754 0.0
0 0.24277437408130317 0.30032458835831893 0.0012771392081736754 0.0045428441633024305
0 0.18402597050531336 0.32985307541978454 0.03192848020434226 0.0272570649798143
0 0.2082916154606135 0.31395312084822613 0.006385696040868431 0.013628532489907197
