0 0.8027999168654666 0.30600314356244707 0.012771392081736969 0.024985642898163133
0 0.8328126882575484 0.31508883188905173 0.019157088122605453 0.03407133122476804
0 0.8283427010289405 0.35256729623629646 0.005108556832694702 0.009085688326604766
0 0.8430298019229379 0.34121018582804047 0.0038314176245211337 0.022714220816511962
0 0.5256607086917757 0.3162245429298773 0.01532567049808432 0.03634275330641916
0 0.5231064302754284 0.07431809123402495 0.02554278416347383 0.02952848706146575
0 0.6022890611821972 0.1129322666220953 0.02043422733077902 0.02952848706146556
0 0.6712545784235765 0.26171041297024866 0.005108556832694809 0.0
0 0.7044601978360924 0.22196052654135273 0.012771392081736969 0.020442798734860795
0 0.6929659449625293 0.2991888773174934 0.012771392081736969 0.056785552041279864
0 0.7006287802115714 0.35143158519547085 0.01021711366538951 0.0204427987348607
