0 0.4892622412588255 0.07772522435650171 0.003831417624521026 0.013628532489907197
0 0.4905393804669992 0.07545380227485055 0.003831417624521026 0.009085688326604861
0 0.5026722029446493 0.10043944517301368 0.0 0.004542844163302336
0 0.5071421901732572 0.12088224390787447 0.003831417624521026 0.009085688326604861
0 0.5148050254222993 0.1061180003771417 0.011494252873563293 0.038614175388070424
0 0.5179978734427335 0.1049822893363162 0.0 0.0
0 0.4611651786790043 0.05273958145833867 0.003831417624521026 0.02271422081651187
0 0.4713822923443938 0.05387529249916426 0.00383141762452108 0.024985642898163036
0 0.479045127593436 0.020939672315221945 0.0063856960408684845 0.01817137665320953
0 0.49500936769560716 0.02093967231522195 0.0 0.009085688326604861
0 0.5128893166100388 0.02661822751934987 0.005108556832694809 0.0204427987348607
0 0.5218292910672547 0.025482516478524283 0.0 0.009085688326604861
0 0.5320464047326442 0.022075383356047532 0.002554278416347351 0.006814266244953694
0 0.5224678606713415 0.009582561906965917 0.006385696040868592 0.013628532489907197
0 0.5397092399816864 0.04819673729503625 0.0 0.0
0 0.5346006831489916 0.06636811394824578 0.005108556832694702 0.013628532489907388
0 0.5397092399816863 0.0788609353973274 0.002554278416347351 0.011357110408255839
0 0.6450732246560158 0.042518182090908234 0.008939974457215836 0.024985642898163036
0 0.6361332501988 0.04933244833586183 0.008939974457215836 0.02952848706146556
0 0.6291089845538447 0.018668250233570684 0.015325670498084212 0.03179990914311673
0 0.6208075797007157 0.061825269784943446 0.0012771392081736754 0.0
0 0.6099518964312394 0.026618227519349866 0.00766283524904216 0.024985642898163036
0 0.5978190739535892 0.025482516478524283 0.008939974457215836 0.01817137665320953
0 0.6137833140557604 0.0447896041725594 0.002554278416347351 0.0022714220816513584
0 0.6265547061374973 0.04819673729503615 0.005108556832694809 0.02271422081651187
0 0.6425189462396684 0.06750382498907126 0.003831417624521026 0.015899954571558364
0 0.6501817814887106 0.08567520164228098 0.011494252873563293 0.015899954571558364
0 0.6265547061374973 0.07999664643815298 0.005108556832694809 0.018171376653209722
0 0.615060453263934 0.0652324029074202 0.002554278416347351 0.002271422081651168
