0 0.16933886961131595 0.27079610129685344 0.01277139208173689 0.03179990914311678
0 0.17891741367261862 0.44683131262482106 0.016602809706257996 0.056785552041279955
0 0.13741038940697367 0.6126451245853582 0.010217113665389538 0.029528487061465658
0 0.12910898455384467 0.6717020987082895 0.021711366538952736 0.02952848706146556
0 0.04481779681438107 0.6001523031362769 0.016602809706257982 0.018171376653209437
0 0.0269378478999494 0.532009640686741 0.019157088122605363 0.07722835077614065
0 0.10675904841080508 0.4195742476450067 0.02298850574712644 0.0613283962045822
0 0.09398765632906816 0.32190309813400536 0.02043422733077905 0.038614175388070326
0 0.1450732246560158 0.45137415678812337 0.012771392081736915 0.038614175388070236
0 0.13932609821923422 0.4161671145225299 0.00383141762452108 0.009085688326604766
