0 0.6910502361502687 0.2764746565009814 0.13409961685823754 0.19307087694035163
0 0.5748305682064629 0.17426066282667763 0.016602809706257996 0.024985642898163133
0 0.6310246933661052 0.06977524707072263 0.003831417624521026 0.04769986371467509
0 0.48223797561387016 0.17993921803080565 0.020434227330779077 0.0272570649798143
0 0.4879851020506518 0.15381786409181694 0.014048531289910697 0.024985642898163133
0 0.4662737355116991 0.14813930888768892 0.00383141762452108 0.0045428441633024305
0 0.4234895720378804 0.1186108218262233 0.022988505747126426 0.036342753306419256
0 0.35516262440058793 0.16063213033677048 0.019157088122605345 0.024985642898163227
0 0.31684844815537727 0.19129632843906164 0.024265644955300102 0.03634275330641906
0 0.26767858864069016 0.09589660100971134 0.01021711366538951 0.03634275330641906
0 0.34175266271476423 0.06409669186659461 0.0025542784163474046 0.027257064979814394
0 0.27278714547338495 0.03343249376430346 0.03831417624521069 0.056785552041279955
0 0.6763631352562712 0.1935677505207128 0.04853128991060031 0.045428441633023925
