0 0.24022009566495578 0.1061180003771417 0.08301404853128992 0.05224270787797743
0 0.16806173040314226 0.01412540607026835 0.038314176245210746 0.0408855974697214
0 0.7849199679510349 0.05160387041751309 0.035759897828863345 0.04315701955137276
0 0.718508729126003 0.1401893316019097 0.030651340996168532 0.06132839620458229
0 0.7082916154606136 0.21514626029639916 0.061302681992337175 0.05224270787797743
0 0.7951370816164245 0.18334635115328243 0.02298850574712648 0.04315701955137276
0 0.6354946805947131 0.022075383356047435 0.02554278416347383 0.034071331224767895
0 0.6329404021783658 0.12883222119365376 0.03320561941251599 0.04769986371467509
0 0.6546517687173186 0.27420323441933026 0.017879948914431672 0.05224270787797752
0 0.6974359321911371 0.20492486092896878 0.011494252873563187 0.022714220816511962
0 0.6156990228680209 0.27761036754180696 0.029374201787994856 0.02271422081651201
0 0.6757245656521844 0.2798817896234582 0.014048531289910645 0.013628532489907197
0 0.5920719475168077 0.30827456564409816 0.02043422733077913 0.015899954571558364
0 0.5703605809778549 0.28328892274593503 0.030651340996168532 0.04315701955137271
0 0.49373222848743353 0.23445334799043432 0.017879948914431672 0.05451412995962869
0 0.6718931480276633 0.3298530754197845 0.029374201787994856 0.013628532489907197
