0 0.5543963408756838 0.09476088996888571 0.04214559386973182 0.10221399367430398
0 0.5473720752307285 0.2923746110725398 0.053639846743295014 0.056785552041279864
0 0.5116121774018652 0.36165298456290124 0.02554278416347383 0.01817137665320953
0 0.5154435950263863 0.4252528028491347 0.03320561941251599 0.0272570649798143
0 0.4043324839152751 0.3468887410321685 0.051085568326947606 0.02952848706146542
0 0.39666964866623294 0.3889100495427156 0.028097062579821235 0.0272570649798143
0 0.3896453830212776 0.4672741113596818 0.03448275862068967 0.034071331224767895
0 0.3602711812332828 0.4502384457472978 0.05747126436781609 0.05905697412293103
0 0.21595445070965563 0.3866386274610644 0.03448275862068964 0.040885597469721494
0 0.2619314622039085 0.4786312217679378 0.05747126436781606 0.05224270787797752
0 0.2619314622039085 0.6001523031362769 0.03448275862068961 0.036342753306419354
0 0.20318305862791874 0.4729526665638098 0.03448275862068964 0.031799909143116825
0 0.19871307139931083 0.5604024167073808 0.04597701149425288 0.04315701955137267
0 0.14698893346827635 0.4888526211353682 0.03192848020434229 0.040885597469721494
0 0.12463899732523676 0.5047525757069266 0.04597701149425288 0.0545141299596286
0 0.08440911226776548 0.5365524848500434 0.04980842911877395 0.031799909143116825
0 0.057589188896117985 0.5899309037688464 0.037037037037037035 0.034071331224767895
0 0.11825330128436831 0.6205951018711375 0.040868454661558126 0.03179990914311673
0 0.12336185811706306 0.7000948747289293 0.06896551724137931 0.045428441633023925
