0 0.28491996795103497 0.5365524848500433 0.1724137931034483 0.21805651983851468
0 0.5045879117569099 0.18221064011245686 0.0012771392081736754 0.0
0 0.5543963408756838 0.18107492907163122 0.011494252873563187 0.011357110408255934
0 0.570360580977855 0.14813930888768892 0.00766283524904216 0.022714220816511962
0 0.5537577712715969 0.1129322666220953 0.017879948914431672 0.024985642898163227
0 0.6252775669293237 0.1345107763977816 0.012771392081736862 0.022714220816512153
0 0.6361332501988 0.1629035524184217 0.0012771392081736754 0.0068142662449535985
0 0.6667845911949685 0.1969748836431896 0.008939974457215836 0.011357110408255934
0 0.640603237427408 0.19811059468401518 0.025542784163473616 0.040885597469721494
0 0.5071421901732572 0.15381786409181689 0.016602809706257996 0.01135711040825603
