0 0.18785738812983446 0.3798243612161108 0.05236270753512134 0.049971285796326356
0 0.3206798657798983 0.4445598905431699 0.07024265644955295 0.08858546118439668
0 0.3653797380659775 0.5161096861151826 0.04980842911877393 0.07722835077614065
0 0.36154832044145646 0.5819809264830673 0.026819923371647507 0.018171376653209628
0 0.28619710715920865 0.5070239977885778 0.04980842911877393 0.06814266244953579
0 0.24852150051808478 0.5501810173399504 0.038314176245210774 0.04542844163302402
0 0.27278714547338495 0.49339546529867057 0.03831417624521069 0.06359981828623355
0 0.2389429564567821 0.5104311309110545 0.070242656449553 0.05224270787797762
0 0.23447296922817415 0.4536455788697747 0.04597701149425288 0.02952848706146556
0 0.10931332682715246 0.5115668419518801 0.043422733077905486 0.05451412995962879
0 0.16103746475818692 0.44683131262482106 0.06002554278416347 0.06132839620458229
0 0.1929659449625292 0.492259754257845 0.03192848020434226 0.02952848706146556
0 0.19935164100339767 0.4877169100945426 0.05236270753512131 0.038614175388070326
0 0.18530310971348707 0.591066614809672 0.03959131545338442 0.040885597469721494
0 0.14954321188462372 0.5831166375238928 0.06768837803320563 0.056785552041279864
0 0.18785738812983446 0.5569952835849041 0.037037037037037014 0.040885597469721494
0 0.16550745198679487 0.5206525302784849 0.04597701149425285 0.05451412995962869
0 0.13549468059471312 0.5240596634009617 0.034482758620689655 0.034071331224767895
0 0.16678459119496858 0.497938309461973 0.051085568326947633 0.049971285796326266
