0 0.08760196028819972 0.6421736116468238 0.030651340996168588 0.07495692869448939
0 0.31429416973902985 0.497938309461973 0.037037037037037014 0.049971285796326266
0 0.43689953372370416 0.21514626029639916 0.014048531289910592 0.04315701955137276
0 0.37687399093954066 0.18675348427575925 0.0012771392081737292 0.009085688326604766
0 0.3570783332128485 0.13223935431613051 0.04597701149425285 -0.009085688326604861
0 0.3902839526253644 0.06977524707072252 0.01021711366538951 0.02952848706146556
0 0.3896453830212776 0.031161071682652298 0.011494252873563187 0.02952848706146556
0 0.34941549796380633 0.026618227519349866 0.01532567049808432 0.03407133122476771
0 0.5071421901732572 0.051603870417513 0.006385696040868377 0.02952848706146556
0 0.2772571327019928 0.06523240290742019 0.014048531289910592 0.02952848706146556
0 0.5780234162268971 0.0584181366624666 0.02809706257982129 0.024985642898163036
0 0.17891741367261862 0.6035594362587535 0.06257982120051085 0.07495692869448958
