0 0.2389429564567821 0.4297956470124371 0.07790549169859516 0.09539972742935018
0 0.4509480650136148 0.024346805437698606 0.04980842911877393 0.038614175388070236
0 0.5429020880021206 0.1095251334996186 0.0651340996168583 0.09539972742935028
0 0.5869633906841129 0.18675348427575925 0.07151979565772669 0.09085688326604775
0 0.5882405298922866 0.24694616943951592 0.05874840357598971 0.06587124036788468
0 0.6610374647581869 0.04933244833586183 0.02043422733077902 0.038614175388070236
0 0.6948816537747898 0.11633939974457219 0.021711366538952698 0.08631403910274542
0 0.6527360599050579 0.18107492907163122 0.029374201787994856 0.024985642898163133
0 0.668700300007229 0.22650337070465515 0.012771392081736969 0.024985642898163133
0 0.698074501795224 0.2026534388473176 0.015325670498084212 0.040885597469721494
0 0.6967973625870503 0.2980531662766678 0.02298850574712648 0.022714220816511962
0 0.6865802489216608 0.34007447478721486 0.017879948914431672 0.020442798734860795
0 0.7089301850647004 0.25376043568446943 0.014048531289910538 0.024985642898163084
0 0.7217015771464372 0.23104621486795748 0.019157088122605345 0.024985642898163133
0 0.7383043868526953 0.2037891498881432 0.024265644955300047 0.04315701955137267
0 0.7466057917058243 0.25830327984777185 0.01532567049808432 0.02952848706146556
0 0.7612928925998217 0.1049822893363161 0.008939974457215836 0.01817137665320953
0 0.7619314622039086 0.08453949060145531 0.030651340996168532 0.06814266244953579
0 0.7472443613099111 0.035703915845954635 0.05491698595146869 0.038614175388070236
