0 0.7159544507096557 0.277610367541807 0.03831417624521069 0.045428441633023973
0 0.3379212450902431 0.42411709180830914 0.07662835249042138 0.056785552041279864
0 0.14507322465601583 0.4684098224005074 0.035759897828863345 0.022714220816511962
0 0.21723158991782934 0.5410953290133457 0.044699872286079176 0.03634275330641906
0 0.20956875466878722 0.62513794603444 0.06002554278416347 0.05905697412293112
0 0.17061600881948963 0.5910666148096719 0.0842911877394636 0.09085688326604795
0 0.07291485939420228 0.5933380368913233 0.04214559386973181 0.04542844163302402
0 0.11059046603532616 0.6035594362587535 0.035759897828863345 0.04315701955137267
0 0.03140783512855731 0.7409804721986509 0.038314176245210725 0.06814266244953598
0 0.07738484662281019 0.7114519851371853 0.028097062579821207 0.04088559746972159
0 0.026937847899949397 0.5638095498298575 0.02937420178799489 0.03634275330641916
0 0.03715496156533893 0.5990165920954512 0.021711366538952746 0.0204427987348607
