0 0.3321741186534616 0.28669605586841174 0.05747126436781609 0.1499138573889789
0 0.23000298199956626 0.5899309037688464 0.04725415070242661 0.04769986371467519
0 0.305354195281814 0.6399021895651726 0.026819923371647507 0.029528487061465658
0 0.5109736077977783 0.16858210762254966 0.014048531289910538 0.013628532489907197
0 0.561420606520639 0.1583607082551193 0.002554278416347351 0.015899954571558364
0 0.5377935311694259 0.12769651015282812 0.014048531289910538 0.02725706497981449
0 0.5582277585002048 0.11633939974457205 0.008939974457215836 0.01817137665320971
0 0.4643580266994386 0.1663106855408985 0.00766283524904216 0.01817137665320953
0 0.462442317887178 0.12315366598952564 0.014048531289910592 0.009085688326604861
0 0.4815994060097834 0.11633939974457214 0.02426564495530021 0.009085688326604861
0 0.5211907214631678 0.049332448335861735 0.0063856960408684845 0.0204427987348607
0 0.5403478095857732 0.030025360641826714 0.0012771392081736754 0.0
0 0.5460949360225548 0.05728242562164111 0.0 0.0
0 0.5882405298922865 0.06750382498907145 0.02043422733077902 0.04315701955137276
0 0.6042047699944577 0.06296098082576893 0.014048531289910645 0.038614175388070424
0 0.5888790994963734 0.039111048968431386 0.019157088122605345 0.0408855974697214
