0 0.6699774392154029 0.1935677505207128 0.030651340996168532 0.03634275330641906
0 0.7344729692281742 0.22196052654135273 0.008939974457215836 0.056785552041279864
0 0.6923273753584424 0.23331763694960872 0.029374201787994856 0.034071331224767895
0 0.7070144762524398 0.3071388546032726 0.028097062579821183 0.02725706497981425
0 0.6578446167377527 0.23104621486795754 0.026819923371647507 0.05224270787797743
0 0.6687003000072291 0.24467474735786468 0.00766283524904216 0.011357110408255934
0 0.6520974903009712 0.23786048111291114 0.02554278416347383 0.04769986371467509
0 0.6706160088194896 0.29805316627666784 0.03448275862068967 0.009085688326604719
0 0.6437960854478421 0.2878317669092374 0.037037037037037014 0.06132839620458234
0 0.6712545784235764 0.35143158519547085 0.017879948914431672 0.034071331224767895
0 0.6265547061374973 0.3230388091748309 0.01021711366538951 0.0272570649798143
0 0.6489046422805369 0.376417228093634 0.031928480204342316 0.07495692869448949
0 0.623361858117063 0.2458104583986903 0.006385696040868377 0.013628532489907197
0 0.6105904660353262 0.2935103221133654 0.026819923371647507 0.049971285796326356
0 0.5045879117569098 0.2878317669092374 0.029374201787994856 0.08404261702109415
