0 0.7178701595219161 0.13110364327530497 0.011494252873563187 0.020442798734860795
0 0.7268101339791321 0.16744639658172408 0.014048531289910538 0.034071331224767895
0 0.7312801212077399 0.23331763694960875 0.02043422733077902 0.024985642898163133
0 0.7217015771464372 0.26738896817437663 0.014048531289910645 0.020442798734860795
0 0.6942430841707029 0.28556034482758624 0.02043422733077902 0.02952848706146556
0 0.7172315899178293 0.3150888318890517 0.00766283524904216 0.015899954571558364
0 0.6987130713993108 0.33326020854226135 0.019157088122605453 0.034071331224767895
0 0.64826607267645 0.2844246337867606 0.028097062579821183 0.0272570649798143
0 0.7344729692281742 0.18902490635741043 0.0063856960408684845 0.022714220816511962
0 0.7159544507096557 0.19583917260236403 0.03320561941251588 0.03634275330641916
