0 0.5333235439408179 0.2980531662766678 0.017879948914431672 0.05905697412293108
0 0.5492877840429891 0.26398183505189987 0.019157088122605345 0.03634275330641906
0 0.5486492144389021 0.31054598772574943 0.005108556832694809 0.015899954571558413
0 0.5671677329574206 0.32871736437895893 0.011494252873563187 0.020442798734860653
0 0.5888790994963734 0.30827456564409816 0.019157088122605345 0.056785552041279816
0 0.5984576435576761 0.2764746565009814 0.02298850574712648 0.0613283962045822
0 0.6208075797007157 0.2480818804803415 0.026819923371647507 0.0545141299596286
0 0.6386875286151474 0.2106034161330968 0.016602809706257996 0.020442798734860795
0 0.6910502361502687 0.26284612401107427 0.024265644955300154 0.06132839620458234
0 0.6853031097134871 0.32417452021565657 0.025542784163473723 0.03861417538807028
0 0.6431575158437552 0.35143158519547085 0.01021711366538951 0.01135711040825603
0 0.6380489590110606 0.26966039025602784 0.01532567049808432 0.020442798734860844
0 0.7121230330851346 0.18675348427575925 0.022988505747126374 0.040885597469721494
0 0.640603237427408 0.1481393088876888 0.09961685823754797 0.09539972742935028
0 0.6916888057543555 0.08226806851980414 0.03831417624521069 0.07268550661283812
0 0.7121230330851346 0.024346805437698696 0.07662835249042138 0.06587124036788482
0 0.8117398913226825 0.17880350698998 0.0434227330779055 0.08858546118439678
