0 0.6872188185257476 0.19470346156153842 0.029374201787994856 0.038614175388070326
0 0.7402200956649558 0.19470346156153845 0.02554278416347383 0.020442798734860795
0 0.7561843357671268 0.22082481550052716 0.014048531289910645 0.045428441633023835
0 0.7376658172486084 0.22877479278630633 0.012771392081736969 0.038614175388070326
0 0.7121230330851346 0.23218192590878312 0.017879948914431672 0.04088559746972159
0 0.7351115388322611 0.27420323441933026 0.017879948914431672 0.038614175388070424
0 0.7121230330851346 0.2617104129702486 0.010217113665389618 0.009085688326604719
0 0.7287258427913925 0.300324588358319 0.02043422733077902 0.04088559746972145
0 0.6808331224848791 0.33326020854226124 0.019157088122605453 0.04315701955137267
0 0.6635917431745343 0.25830327984777185 0.02043422733077913 0.034071331224767895
0 0.6904116665461819 0.24694616943951592 0.00766283524904216 0.0204427987348607
