0 0.20956875466878722 0.14132504264273524 0.008939974457215836 0.013628532489907292
0 0.2497986397262585 0.14018933160190963 0.00766283524904216 0.01589995457155846
0 0.2753414238897323 0.21855339341887597 0.007662835249042106 0.03634275330641916
0 0.2983299296368587 0.22423194862300394 0.0 0.02952848706146556
0 0.2823656895346876 0.2798817896234582 0.011494252873563187 0.013628532489907197
0 0.2223401467505241 0.26398183505189987 0.019157088122605373 0.013628532489907197
0 0.2632086014120822 0.27420323441933026 0.01149425287356324 0.01135711040825603
0 0.29258280320007707 0.3241745202156566 0.0038314176245211337 0.015899954571558413
0 0.2721485758692981 0.35029587415464525 0.008939974457215836 0.013628532489907197
0 0.2587386141834744 0.3639244066445524 0.00766283524904216 0.009085688326604766
0 0.2702328670570375 0.32303880917483097 0.010217113665389565 0.009085688326604719
0 0.32387271380033256 0.26398183505189987 0.0 0.0
0 0.7632086014120822 0.04819673729503615 0.017879948914431672 0.02271422081651187
0 0.9285981288705751 0.04706102625421057 0.003831417624521026 0.006814266244953694
