0 0.3474997891515458 0.15949641929594485 0.057471264367816036 0.06814266244953589
0 0.1252775669293236 0.08908233476475766 0.014048531289910604 0.09994257159265253
0 0.2274487035832189 0.35370300727712206 0.026819923371647507 0.020442798734860795
0 0.2951370816164245 0.4241170918083091 0.03959131545338442 0.07495692869448949
0 0.3372826754861563 0.24240332527621353 0.016602809706257996 0.056785552041279864
0 0.38325968698040913 0.3116816987665749 0.01149425287356324 0.027257064979814394
0 0.39219966143762497 0.3559744293587733 0.01660280970625794 0.07949977285779182
0 0.5818548338514181 0.06068955874411777 0.028097062579821183 0.05224270787797743
0 0.3047156256777272 0.11861082182622336 0.035759897828863345 0.05905697412293103
0 0.36729544687823806 0.20719628301061996 0.02298850574712648 0.022714220816511962
