0 0.0997347827658498 0.6035594362587535 0.04980842911877396 0.04769986371467509
0 0.016082164630473024 0.3945886047468436 0.007662835249042147 0.011357110408255934
0 0.0467335056266416 0.4138956924408787 0.010217113665389525 0.004542844163302336
0 0.08440911226776548 0.4650026892780306 0.014048531289910604 0.01589995457155846
0 0.06014346731246536 0.4888526211353681 0.021711366538952743 0.009085688326604861
0 0.14251894623966843 0.44342417950234425 0.02043422733077905 0.018171376653209628
0 0.28747424636738234 0.012989695029442763 0.037037037037037014 0.034071331224767895
0 0.3449455107351984 0.026618227519349866 0.024265644955300154 0.038614175388070424
0 0.39858535747849344 0.31395312084822613 0.17752234993614308 0.20897083151190993
0 0.6782788440685317 0.4411527574206931 0.049808429118773985 0.06814266244953589
