0 0.11953044049254198 0.21173912717392238 0.005108556832694769 0.022714220816511962
0 0.13677181980288683 0.21741768237805034 0.0012771392081736754 0.0204427987348607
0 0.1603988951541001 0.3105459877257494 0.005108556832694782 0.011357110408255981
0 0.12080757970071568 0.30713885460327256 0.0025542784163473777 0.009085688326604766
0 0.10548190920263138 0.24581045839869026 0.02043422733077905 0.0272570649798143
0 0.07419199860237596 0.195839172602364 0.00383141762452108 0.0045428441633024305
0 0.04673350562664161 0.21855339341887597 0.0025542784163473846 0.009085688326604766
0 0.07163772018602857 0.27420323441933026 0.024265644955300134 -0.0068142662449535985
0 0.07610770741463649 0.25830327984777185 -0.007662835249042147 0.01589995457155832
0 0.09462622593315502 0.2798817896234582 0.0012771392081736888 0.004542844163302336
0 0.09015623870454709 0.3230388091748309 0.0 0.0
0 0.1099518964312393 0.3843672053794132 0.008939974457215848 0.009085688326604766
0 0.028853556712209932 0.2742032344193302 0.012771392081736912 0.034071331224767944
0 0.04034780958577315 0.19356775052071284 0.010217113665389525 0.022714220816511962
