0 0.276618563097906 0.5694881050339856 0.02554278416347383 0.04769986371467519
0 0.3296198402371141 0.6330879233202191 0.060025542784163444 0.038614175388070326
0 0.3443069411311116 0.6739735207899407 0.03320561941251599 0.05224270787797743
0 0.5435406576062074 0.7591518488518604 0.1583652618135377 0.11357110408255981
0 0.41263388876840407 0.7966303131991052 0.04980842911877393 0.0749569286944893
0 0.5460949360225549 0.5149739750743568 0.030651340996168532 0.07041408453118696
0 0.55311920166751 0.39913144891014596 0.021711366538952698 0.05224270787797743
0 0.6201690100966288 0.3253102312564821 0.05874840357598982 0.10902825991925738
0 0.7842813983469481 0.38663862746106437 0.070242656449553 0.07722835077614056
0 0.7715100062652113 0.2469461694395159 0.04980842911877388 0.08858546118439664
0 0.7676785886406902 0.16858210762254963 0.044699872286079176 0.07722835077614075
0 0.8213184353839851 0.2037891498881432 0.04214559386973182 0.038614175388070326
0 0.8583554724210222 0.2901031889908886 0.06257982120051085 0.056785552041279906
0 0.8985853574784934 0.2548961467252951 0.022988505747126374 0.03634275330641906
0 0.9752137099689149 0.1992463057248408 0.038314176245210906 0.07495692869448949
