0 0.7191472987300899 0.03797533792760589 0.031928480204342316 0.038614175388070424
0 0.7989684992409456 0.04592531521338508 0.01532567049808432 0.03634275330641906
0 0.7082916154606135 0.11293226662209534 0.028097062579821183 0.06587124036788472
0 0.7312801212077399 0.13905362056108414 0.017879948914431672 0.03634275330641916
0 0.6489046422805369 0.0924894678872345 0.021711366538952698 0.029528487061465384
0 0.6782788440685318 0.1969748836431896 0.016602809706257996 0.024985642898163133
0 0.714038741897395 0.21173912717392238 0.014048531289910645 0.05905697412293103
0 0.7070144762524398 0.26057470192942306 0.015325670498084212 0.024985642898163133
0 0.6533746295091448 0.26057470192942306 0.02298850574712648 0.04315701955137267
0 0.586324821080026 0.33326020854226124 0.04725415070242663 0.07495692869448939
0 0.28555853755512184 0.40026715995097156 0.0434227330779055 0.07722835077614065
0 0.1776402744644449 0.28328892274593503 0.05236270753512131 0.06587124036788472
0 0.5716377201860287 0.2855603448275862 0.0434227330779055 0.056785552041279864
0 0.726810133979132 0.17085352970420087 0.029374201787994856 0.040885597469721494
