0 0.6227232885129763 0.26284612401107427 0.04597701149425296 0.07949977285779182
0 0.9477552169931805 0.17993921803080556 0.03448275862068967 0.09085688326604795
0 0.652736059905058 0.10043944517301368 0.04214559386973182 0.04542844163302374
0 0.22553299477095834 0.6092379914628816 0.0 0.0
0 0.21787015952191618 0.6217308129119632 0.012771392081736915 0.02952848706146556
0 0.1929659449625292 0.6399021895651726 0.02171136653895275 0.034071331224767895
0 0.19935164100339767 0.6523950110142543 0.014048531289910592 0.004542844163302336
0 0.15912175594592642 0.6660235435041615 0.04597701149425285 0.03179990914311673
0 0.1335789717824526 0.6785163649532431 0.022988505747126454 0.0204427987348607
0 0.0997347827658498 0.6592092772592079 0.016602809706257982 0.02271422081651187
0 0.09207194751680764 0.7012305857697549 0.016602809706257982 0.038614175388070236
0 0.08249340345550496 0.6637521214225104 0.03320561941251595 0.0
0 0.06269774572881275 0.6637521214225103 0.01149425287356322 0.027257064979814203
0 0.04354065760620738 0.7353019169945229 0.026819923371647514 0.024985642898163227
0 0.06972201137376806 0.7137234072188366 0.007662835249042147 0.004542844163302336
0 0.11186760524349984 0.7057734299330574 0.025542784163473845 0.015899954571558364
