0 0.15145892069688427 0.44796702366564667 0.025542784163473803 0.11357110408255981
0 0.607397618014892 0.03229678272347788 0.012771392081736862 0.013628532489907006
0 0.5978190739535892 0.08226806851980414 0.008939974457215836 0.013628532489907388
0 0.5684448721655944 0.0652324029074201 0.006385696040868377 0.01135711040825603
0 0.5358778223571653 0.053875292499164264 0.020434227330778914 0.038614175388070424
0 0.5626977457288127 0.032296782723477885 0.02043422733077902 0.03179990914311673
0 0.4777679883852623 0.0788609353973273 0.016602809706258048 0.038614175388070424
0 0.43370668570327 0.05160387041751309 0.01532567049808432 0.04315701955137276
0 0.3589940420251091 0.04592531521338508 0.03959131545338442 0.0408855974697214
0 0.22489442516687147 0.04706102625421066 0.008939974457215836 0.034071331224767895
0 0.21595445070965566 0.2730675233785046 0.014048531289910618 0.03634275330641916
0 0.1872188185257476 0.20151772780649196 0.010217113665389538 0.02952848706146556
0 0.1776402744644449 0.17198924074502647 0.008939974457215808 -0.0068142662449535985
0 0.2134001722933083 0.19697488364318963 0.006385696040868458 0.015899954571558364
0 0.2082916154606135 0.12656079911200238 0.01149425287356324 0.006814266244953694
0 0.17508599604809752 0.07318238019319948 0.02171136653895275 0.03179990914311673
0 0.1450732246560158 0.09816802309136251 0.022988505747126426 0.03179990914311673
0 0.11378331405576038 0.14132504264273532 0.014048531289910592 0.031799909143116825
0 0.10739761801489192 0.1663106855408985 0.008939974457215836 0.01817137665320953
0 0.12591613653341044 0.27306752337850465 0.028097062579821194 0.049971285796326266
0 0.10548190920263138 0.260574701929423 0.0 0.002271422081651263
0 0.057589188896117985 0.08681091268310658 0.01404853128991061 0.045428441633023925
0 0.07163772018602858 0.06068955874411777 0.00383141762452108 0.09312830534769885
0 0.04545636641846792 0.26398183505189987 0.005108556832694769 0.02271422081651187
0 0.11825330128436828 0.28442463378676064 0.005108556832694755 0.01362853248990715
0 0.11569902286802092 0.3559744293587732 0.007662835249042147 0.020442798734860795
