0 0.10612047880671824 0.108389422458793 0.044699872286079176 0.07041408453118705
0 0.0984576435576761 0.18221064011245672 0.047254150702426556 0.08631403910274561
0 0.05439634087568375 0.31395312084822613 0.051085568326947633 0.045428441633023876
0 0.07291485939420227 0.47068124448215853 0.034482758620689655 0.05905697412293103
0 0.16870030000722908 0.404810004114274 0.008939974457215862 0.045428441633023925
0 0.20509876744017927 0.30827456564409816 0.01277139208173689 0.05224270787797752
0 0.21531588110556882 0.2537604356844695 0.015325670498084294 0.05224270787797757
0 0.355162624400588 0.08908233476475784 0.024265644955300102 0.03179990914311673
0 0.37623542133545385 0.13564648743860724 0.030651340996168532 0.06587124036788482
0 0.31812558736355095 0.36051727352207563 0.024265644955300154 0.06132839620458229
0 0.189773096942095 0.43888133533904183 0.007662835249042133 0.04088559746972159
0 0.16103746475818695 0.48998833217619375 0.014048531289910592 0.07495692869448939
0 0.1744474264440107 0.5706238160748112 0.061302681992337175 0.022714220816511962
0 0.42029672401744617 0.4366099132573906 0.03703703703703707 0.06814266244953579
0 0.2664014494325164 0.1129322666220953 0.020434227330779077 0.02952848706146556
0 0.2785342719101665 0.46954553344133304 0.019157088122605345 0.05224270787797743
