0 0.2753414238897323 0.3025960104399702 0.012771392081736915 0.027257064979814394
0 0.28555853755512184 0.2435390363170391 0.035759897828863345 0.03634275330641916
0 0.07674627701872334 0.40140287099179717 0.04725415070242657 0.10221399367430378
0 0.13613325019879996 0.2901031889908886 0.06385696040868455 0.11129968200090856
0 0.19105023615026867 0.26398183505189987 0.09450830140485311 0.09994257159265253
0 0.14251894623966843 0.44796702366564667 0.010217113665389538 0.049971285796326356
0 0.08185483385141812 0.25716756880694625 0.10344827586206899 0.18625661069539803
0 0.05056492325116268 0.13451077639778172 0.06130268199233716 0.07722835077614075
0 0.021217668773826255 0.2443479762783433 0.03580562659846547 0.07505278154448242
0 0.023135827341601193 0.3682987821624127 0.0370843989769821 0.09097306853876655
0 0.03464477874825081 0.4058251729346539 0.05754475703324808 0.07505278154448242
