0 0.5920719475168077 0.48090264384958903 0.05108556832694756 0.05224270787797752
0 0.4854308236343044 0.49225975425784496 0.02937420178799491 0.024985642898163227
0 0.499479354924215 0.5479095952582993 0.06768837803320565 0.05451412995962869
0 0.4720208619484807 0.5592667056665552 0.05874840357598977 0.02725706497981449
0 0.6412418070314948 0.34575302999134294 0.06257982120051085 0.05451412995962865
0 0.6214461493048026 0.46840982240050744 0.022988505747126374 0.049971285796326266
0 0.6674231607990554 0.475224088645461 0.035759897828863345 0.027257064979814394
0 0.6738088568399238 0.452509867828949 0.040868454661558154 0.03634275330641906
0 0.6961587929829635 0.42184566972665793 0.057471264367816036 0.05224270787797743
0 0.6603988951541002 0.4263885138899603 0.0600255427841635 0.07041408453118705
0 0.6961587929829636 0.3718743839303316 0.0600255427841635 0.056785552041279864
0 0.6559289079254922 0.2798817896234582 0.07151979565772669 0.06359981828623346
0 0.7306415516036531 0.31168169876657503 0.049808429118773985 0.04088559746972159
0 0.7197858683341768 0.3071388546032726 0.04597701149425275 0.05451412995962865
0 0.7223401467505242 0.24581045839869028 0.06385696040868452 0.07268550661283822
0 0.8034384864695534 0.23331763694960875 0.06768837803320565 0.07041408453118701
0 0.9745751403648282 0.22082481550052713 0.03959131545338458 0.040885597469721494
0 0.855162624400588 0.38663862746106437 0.08429118773946365 0.08177119493944308
