0 0.6533746295091448 0.36392440664455245 0.02043422733077913 0.06814266244953589
0 0.6623146039663607 0.29578174419501657 0.02554278416347383 0.06359981828623346
0 0.4643580266994386 0.15949641929594485 0.061302681992337224 0.09994257159265262
0 0.23830438685269528 0.5490453062991247 0.04853128991060028 0.06587124036788472
0 0.45094806501361484 0.4627312671963794 0.016602809706257996 0.02952848706146556
0 0.4503094954095279 0.4502384457472979 0.020434227330779077 0.022714220816511962
0 0.4330681160991831 0.40594571515509953 0.02171136653895275 0.038614175388070326
0 0.4056096231234488 0.39458860474684354 0.015325670498084266 0.015899954571558364
0 0.4388152425359647 0.47408837760463535 0.017879948914431672 0.0204427987348607
0 0.4107181799561435 0.47408837760463535 0.035759897828863345 0.05224270787797743
0 0.36984972529458543 0.3945886047468436 0.030651340996168588 0.06587124036788472
0 0.3711268645027591 0.35370300727712206 0.028097062579821183 0.038614175388070326
0 0.3321741186534615 0.4388813353390419 0.011494252873563187 0.01817137665320953
0 0.35388548519241425 0.4831740659312401 0.0012771392081736754 0.006814266244953503
0 0.2964142208245982 0.43660991325739074 0.029374201787994856 0.045428441633023925
0 0.3091856129063351 0.4763597996862866 0.026819923371647507 0.047699863714675
0 0.2913056639919034 0.47749551072711216 0.03448275862068967 0.06359981828623346
0 0.24405151328947686 0.4422884684615187 0.014048531289910618 0.03407133122476799
0 0.24341294368539002 0.4604598451147282 0.0204342273307791 0.024985642898163227
0 0.22042443793826358 0.46159555615555387 0.015325670498084294 0.02271422081651206
