0 0.6144218836598473 0.06636811394824578 0.029374201787994964 0.03634275330641906
0 0.6169761620761947 0.12996793223447928 0.014048531289910538 0.031799909143116825
0 0.586324821080026 0.14359646472438642 0.044699872286079176 0.04997128579632645
0 0.6310246933661052 0.16744639658172408 0.024265644955300047 0.0204427987348607
0 0.6310246933661052 0.17993921803080565 0.021711366538952698 0.0272570649798143
0 0.5671677329574207 0.1992463057248408 0.021711366538952698 0.02952848706146556
0 0.5384321007735127 0.18788919531658482 0.025542784163473723 0.024985642898163133
0 0.4809608364056965 0.2730675233785046 0.022988505747126426 0.03179990914311673
0 0.5754691378105496 0.22536765966382954 0.02298850574712648 0.03179990914311673
0 0.6035662003903709 0.26171041297024866 0.03320561941251599 0.05451412995962869
0 0.5850476818718524 0.2673889681743767 0.037037037037037014 0.029528487061465467
0 0.6335789717824526 0.294646033154191 0.029374201787994856 0.04769986371467514
0 0.6080361876189788 0.3389387637463893 0.016602809706257996 0.049971285796326356
0 0.5876019602881997 0.3366673416647381 0.014048531289910645 0.027257064979814394
0 0.5595048977083785 0.30600314356244696 0.014048531289910645 0.029528487061465516
0 0.5403478095857732 0.31736025397070294 0.003831417624521026 0.015899954571558364
