0 0.7038216282320056 0.12428937703035131 0.04725415070242663 0.08404261702109435
0 0.6182533012843683 0.34007447478721486 0.031928480204342205 0.05224270787797752
0 0.6431575158437552 0.33212449750143574 0.035759897828863345 0.07722835077614051
0 0.6469889334682765 0.31963167605235415 0.038314176245210586 0.029528487061465516
0 0.6073976180148919 0.36278869560372684 0.04342273307790561 0.011357110408255934
0 0.6904116665461818 0.2742032344193302 0.01021711366538951 0.02952848706146556
0 0.6833874009012265 0.23899619215373671 0.026819923371647614 0.03634275330641906
0 0.6591217559459265 0.26057470192942306 0.03959131545338437 0.024985642898163133
0 0.6706160088194897 0.23558905903125993 0.031928480204342205 0.03407133122476799
0 0.6501817814887106 0.25376043568446943 0.05236270753512134 0.024985642898163084
0 0.6552903383214054 0.2230962375821783 0.026819923371647507 0.040885597469721494
0 0.619530440492542 0.20492486092896878 0.019157088122605345 0.06814266244953589
0 0.6380489590110605 0.16403926345924727 0.005108556832694809 0.018171376653209628
0 0.6469889334682764 0.1822106401124568 0.035759897828863345 0.0272570649798143
0 0.6603988951541001 0.19470346156153842 0.029374201787994856 0.024985642898163133
