0 0.07099915058194173 0.6149165466670096 0.04342273307790549 0.07041408453118715
0 0.2625700318079954 0.6171879687486608 0.04342273307790547 0.0885854611843965
0 0.7070144762524398 0.37187438393033156 0.06896551724137923 0.05224270787797752
0 0.8315355490493748 0.3230388091748309 0.0600255427841635 0.06359981828623341
0 0.31620987855129046 0.9317799270573512 0.10727969348659003 0.09085688326604767
0 0.19041166654618183 0.5297382186050897 0.03192848020434226 0.049971285796326266
0 0.18211026169305286 0.4899883321761938 0.015325670498084294 0.02952848706146556
0 0.20701447625243982 0.4502384457472978 0.04980842911877396 0.05905697412293103
0 0.2778957023060797 0.45705271199225145 0.05874840357598982 0.059056974122930934
0 0.33728267548615626 0.40935284827757634 0.008939974457215836 0.045428441633023925
0 0.3883682438131039 0.45705271199225145 0.042145593869731775 0.06359981828623355
0 0.5990962131617629 0.17993921803080565 0.011494252873563187 0.0272570649798143
0 0.6271932757415842 0.19470346156153842 0.0063856960408684845 0.011357110408255934
0 0.6093133268271524 0.22536765966382952 0.026819923371647507 0.027257064979814394
0 0.5882405298922865 0.23104621486795754 0.03831417624521069 0.015899954571558364
0 0.5595048977083785 0.28328892274593503 0.011494252873563293 0.020442798734860844
0 0.5058650509650835 0.38777433850188997 0.008939974457215836 0.04315701955137267
0 0.5460949360225548 0.26398183505189987 0.00766283524904216 0.03179990914311678
