0 0.22681013397913202 0.5876594816871952 0.09706257982120049 0.11129968200090865
0 0.23319583002000047 0.12542508807117692 0.035759897828863366 0.04997128579632645
0 0.24469008289356373 0.12996793223447928 0.010217113665389565 0.13174248073576936
0 0.26193146220390856 0.25943899088859745 0.014048531289910592 0.022714220816511962
0 0.2025444890238319 0.0924894678872345 0.022988505747126454 0.05224270787797743
0 0.18274883129713967 0.0924894678872345 0.011494252873563213 0.029528487061465384
0 0.1559289079254922 0.022075383356047435 0.006385696040868458 0.02952848706146556
0 0.12144614930480252 0.1708535297042009 0.0012771392081737023 0.009085688326604766
0 0.07546913781054966 0.08681091268310658 0.0038314176245210665 0.013628532489907197
0 0.07802341622689703 0.12769651015282818 0.014048531289910604 0.045428441633023925
