0 0.12016901009662884 0.6217308129119632 0.08301404853128991 0.06587124036788462
0 0.2153158811055688 0.24808188048034147 0.005108556832694755 0.01362853248990715
0 0.17125457842357647 0.2912389000317142 0.011494252873563213 0.022714220816511917
0 0.1603988951541001 0.3332602085422613 0.005108556832694782 0.038614175388070326
0 0.1699774392154028 0.3150888318890518 0.0012771392081736754 -0.002271422081651263
0 0.1501817814887106 0.18107492907163125 0.0025542784163474046 0.0068142662449535985
0 0.12719327574158415 0.25603185776612064 0.0 0.0022714220816512152
0 0.11569902286802092 0.2901031889908886 0.0025542784163473642 0.011357110408255934
0 0.09973478276584978 0.2651175460927254 0.00383141762452108 0.015899954571558364
0 0.09462622593315502 0.2707961012968534 -0.014048531289910604 -0.022714220816511962
0 0.08504768187185233 0.23218192590878314 0.028097062579821194 0.0545141299596286
0 0.09271051712089447 0.13905362056108406 0.005108556832694769 0.013628532489907292
0 0.13038612376201836 0.17880350698998004 0.03959131545338442 0.0068142662449535985
0 0.17061600881948963 0.14813930888768884 0.005108556832694782 0.01817137665320982
0 0.1967973625870503 0.1708535297042008 0.0012771392081736754 0.01817137665320953
0 0.1674231607990554 0.1265607991120025 -0.0012771392081737023 0.011357110408255839
0 0.14124180703149475 0.09589660100971134 0.0 0.0
0 0.1393260982192342 0.050468159376687416 0.014048531289910592 0.05451412995962879
0 0.11059046603532616 0.050468159376687416 0.0 0.0
0 0.09079480830863394 0.056146714580815334 0.0012771392081737023 0.006814266244953503
