0 0.5722762897901154 0.30713885460327256 0.037037037037037014 0.07722835077614061
0 0.6712545784235765 0.18448206219410804 0.012771392081736862 0.0545141299596286
0 0.689773096942095 0.20719628301061993 0.014048531289910645 0.040885597469721494
0 0.7140387418973951 0.18334635115328243 0.011494252873563187 0.04315701955137276
0 0.710207324272874 0.14359646472438647 0.014048531289910645 0.031799909143116825
0 0.7063759066483529 0.09703231205053703 0.016602809706257996 0.04769986371467509
0 0.7338343996240874 0.1413250426427352 0.015325670498084212 0.036342753306419354
0 0.7504372093303454 0.1947034615615384 0.02554278416347383 0.034071331224767895
0 0.7127616026892215 0.2435390363170391 0.026819923371647507 0.0272570649798143
0 0.7459672221017375 0.04933244833586192 0.021711366538952698 0.04769986371467509
0 0.7178701595219162 0.3128174098074005 0.014048531289910538 0.034071331224767895
