0 0.19360451456661606 0.21287483821474795 0.18901660280970628 0.15218527947063004
0 0.3162098785512904 0.16517497450007287 0.017879948914431672 0.04315701955137267
0 0.31110132171859567 0.21968910445970152 0.012771392081736915 0.04769986371467509
0 0.3711268645027591 0.21287483821474795 0.00766283524904216 0.024985642898163133
0 0.38389825658449606 0.23445334799043427 0.017879948914431672 0.03179990914311673
0 0.5933490867249813 0.07204666915237379 0.02554278416347383 0.04315701955137276
0 0.6137833140557605 0.09703231205053692 0.01532567049808432 0.02952848706146556
0 0.6431575158437552 0.14813930888768884 0.012771392081736969 0.02725706497981449
0 0.6763631352562713 0.21514626029639913 0.01532567049808432 0.038614175388070326
0 0.6220847189088894 0.028889649601001034 0.016602809706257996 0.04315701955137276
0 0.31684844815537727 0.3321244975014357 0.024265644955300102 0.040885597469721494
