0 0.6891345273380082 0.06296098082576904 0.10472541507024256 0.13401390281742043
0 0.49245508927925974 0.035703915845954726 0.12771392081736915 0.07495692869448949
0 0.5684448721655944 0.0584181366624666 0.014048531289910645 0.0204427987348607
0 0.42476671124605414 0.07999664643815288 0.030651340996168588 0.02271422081651187
0 0.4554180522422227 0.21968910445970152 0.06896551724137934 0.11129968200090856
0 0.37623542133545385 0.2003820167656664 0.030651340996168532 0.06359981828623346
0 0.3430298019229379 0.11179655558126975 0.030651340996168588 0.06359981828623355
0 0.3206798657798983 0.1401893316019097 0.026819923371647507 0.056785552041279955
0 0.3347283970698089 0.08453949060145541 0.02937420178799491 0.08631403910274534
0 0.38006683895997495 0.037975337927605796 0.03831417624521069 0.06587124036788462
0 0.2964142208245982 0.011853983988617084 0.03959131545338437 0.04088559746972159
0 0.2842813983469481 0.08340377956062972 0.035759897828863345 0.09312830534769902
0 0.2459672221017374 0.04024676000925707 0.04597701149425288 0.0885854611843965
0 0.21723158991782932 0.04365389313173382 0.047254150702426584 0.049971285796326266
