0 0.07036058097785489 0.4831740659312401 0.037037037037037035 0.09312830534769893
0 0.24149723487312946 0.4899883321761937 0.07024265644955303 0.08404261702109415
0 0.5569506192920312 0.20719628301061999 0.06257982120051074 0.10902825991925738
0 0.6642303127786212 0.1663106855408985 0.03448275862068967 0.045428441633023925
0 0.7070144762524398 0.1492750199285145 0.02298850574712648 0.04769986371467519
0 0.7082916154606135 0.22196052654135276 0.015325670498084212 0.07949977285779182
0 0.7172315899178293 0.2685246792152023 0.02554278416347383 0.03179990914311673
0 0.7012673498156582 0.2935103221133654 0.024265644955300154 0.045428441633023925
0 0.6795559832767055 0.2594389908885975 0.021711366538952805 0.04088559746972154
0 0.6431575158437552 0.3128174098074005 0.017879948914431672 0.034071331224767895
0 0.6035662003903709 0.15268215305099125 0.017879948914431672 0.04088559746972169
0 0.5467335056266417 0.27306752337850465 0.031928480204342205 0.05451412995962869
0 0.7510757789344322 0.09816802309136251 0.024265644955300154 0.0408855974697214
0 0.7440515132894768 0.045925315213384985 0.03320561941251588 0.045428441633023925
0 0.772787145473385 0.0788609353973273 0.021711366538952698 0.038614175388070424
0 0.7536300573507795 0.24921759152116704 0.026819923371647507 0.034071331224767853
