0 0.5358778223571653 0.7500661605252557 0.06641123882503187 0.06359981828623346
0 0.5671677329574207 0.6887377643206735 0.03703703703703691 0.11357110408255973
0 0.18274883129713967 0.34234589686886613 0.029374201787994884 0.07949977285779182
0 0.1489046422805369 0.3741458060119828 0.025542784163473803 0.056785552041279864
0 0.19232737535844238 0.4195742476450067 0.02554278416347383 0.038614175388070326
0 0.20765304585652666 0.522923952360136 0.017879948914431672 0.04088559746972159
0 0.14635036386418948 0.5717595271156368 0.030651340996168588 0.06587124036788472
0 0.10931332682715246 0.6058308583404048 0.033205619412515965 0.06132839620458229
0 0.11059046603532614 0.6705663876674638 0.02298850574712644 0.06359981828623336
0 0.03460068314899154 0.2037891498881432 0.024265644955300127 0.056785552041279864
0 0.13294040217836572 0.1152036887037465 0.014048531289910592 0.06587124036788472
0 0.05184206245933637 0.07318238019319928 0.03575989782886335 0.0681426624495358
