0 0.1967973625870503 0.29237461107253976 0.016602809706257996 0.04315701955137267
0 0.22106300754235042 0.33780305270556366 -0.00383141762452108 0.015899954571558364
0 0.15273605990505795 0.32758165333813327 0.028097062579821183 0.03179990914311673
0 0.7402200956649558 0.1447321757652121 0.028097062579821183 0.015899954571558364
0 0.735111538832261 0.18675348427575922 0.015325670498084212 0.03179990914311673
0 0.75554576616304 0.07091095811154821 0.02043422733077902 0.036342753306419256
0 0.8142941697390298 0.13110364327530497 0.0 0.020442798734860795
0 0.8385598146943299 0.14018933160190963 0.012771392081736969 0.043157019551372855
0 0.8890068134171908 0.10157515621383936 0.016602809706257996 0.07041408453118715
0 0.9349838249114437 0.04365389313173382 0.031928480204342205 0.03179990914311654
