0 0.4656351659076122 0.7761875144642445 0.31162196679438064 0.3884131759623545
0 0.19871307139931083 0.09362517892806016 0.07407407407407406 0.12265679240916458
0 0.1718931480276633 0.2401319031945623 0.06385696040868455 0.052242707877977385
0 0.22936441239547942 0.2605747019294231 0.1123882503192848 0.08858546118439664
0 0.16295317357044747 0.3241745202156565 0.08939974457215837 0.08404261702109425
0 0.41582673678883825 0.10838942245879296 0.09195402298850565 0.038614175388070236
0 0.5920719475168077 0.0788609353973273 0.07918263090676884 0.0885854611843965
0 0.2670400190366033 0.04819673729503615 0.02171136653895275 0.02271422081651187
0 0.3315355490493747 0.06182526978494335 0.005108556832694809 0.013628532489907197
0 0.1884959577339213 0.017532539192745097 0.02043422733077905 0.034071331224767895
0 0.1463503638641895 0.11633939974457204 0.010217113665389538 0.027257064979814394
0 0.11889187088845515 0.1413250426427352 0.02171136653895275 0.036342753306419354
0 0.06525202414516013 0.036839626886780316 0.026819923371647514 0.04088559746972159
0 0.05248063206342322 0.12542508807117692 0.008939974457215836 0.02271422081651206
0 0.1661460215908817 0.04592531521338508 0.011494252873563213 0.03179990914311673
