0 0.5671677329574206 0.404810004114274 0.029374201787994856 0.07722835077614065
0 0.4937322284874334 0.0720466691523737 0.030651340996168588 0.024985642898163227
0 0.49884078532012827 0.09703231205053692 0.028097062579821183 0.034071331224767895
0 0.44136952095231213 0.061825269784943446 0.03320561941251594 0.03179990914311673
0 0.45477948263813583 0.03343249376430346 0.03192848020434226 0.056785552041279955
0 0.495647937299694 0.15495357513264235 0.026819923371647507 0.06359981828623365
0 0.4713822923443938 0.17653208490832883 0.008939974457215836 0.015899954571558364
0 0.6227232885129763 0.06636811394824578 0.010217113665389726 0.03634275330641906
0 0.6463503638641895 0.00731113982531475 0.019157088122605345 0.04088559746972159
0 0.27023286705703753 0.051603870417513 0.020434227330779077 0.024985642898163227
0 0.26767858864069016 0.1322393543161304 0.0 0.0
0 0.20956875466878722 0.060689558744117855 0.026819923371647507 0.038614175388070236
0 0.21467731150148195 0.1629035524184217 0.02426564495530013 0.05224270787797752
0 0.17764027446444494 0.0993037341321881 0.01660280970625797 0.038614175388070236
