0 0.9362609641196173 0.08453949060145531 0.011494252873563293 0.018171376653209722
0 0.9732980011566543 0.13678219847943288 0.05236270753512144 0.018171376653209628
0 0.966912305115786 0.12769651015282812 0.03448275862068967 0.03634275330641916
0 0.8679340164823248 0.06636811394824578 0.06896551724137923 0.05451412995962879
0 0.9049710535193619 0.11861082182622334 0.07662835249042149 0.049971285796326356
0 0.8462226499433722 0.10952513349961844 0.04086845466155804 0.01817137665320953
0 0.8398369539025036 0.12315366598952573 0.03831417624521069 0.027257064979814394
0 0.8487769283597195 0.13451077639778167 0.040868454661558154 0.03179990914311692
0 0.8353669666738958 0.1424607536835609 0.037037037037037014 0.029528487061465658
0 0.8570783332128484 0.1504107309693401 0.04214559386973182 0.009085688326604766
0 0.8545240547965011 0.1753963738675032 0.049808429118773985 0.040885597469721494
0 0.867295446878238 0.18561777323493367 0.044699872286079176 0.038614175388070326
0 0.8615483204414564 0.20946770509227117 0.02298850574712648 0.013628532489907197
