0 0.9830351387201548 0.35998448923616966 0.03547963206307484 0.07011262115372736
0 0.7550456512037291 0.4476252656783289 0.052562417871222095 0.04440466006402741
0 0.7399339560657526 0.4873557509987745 0.05124835742444144 0.03973048532044552
0 0.8825095145414426 0.6053786632742156 0.03679369250985538 0.03271922320507293
0 0.814178371308854 0.654457498081825 0.03942181340341646 0.03739339794865462
0 0.8200916433193663 0.690682352344584 0.048620236530880365 0.03038213583328184
0 0.7813268601393402 0.5738279837550383 0.0341655716162943 0.04440466006402741
0 0.7491323791932165 0.5925246827293656 0.03547963206307484 0.04907883480760939
0 0.68605747774775 0.608884294331902 0.05913272010512491 0.05375300955119109
0 0.7340206840552402 0.688345264972793 0.02890932982917213 0.030382135833281747
0 0.7202230493640445 0.7023677892035386 0.0433639947437583 0.06310135903835458
0 0.6275817878660155 0.6614687601971975 0.031537450722733215 0.046741747435818305
0 0.6170693042917711 0.6953565270881659 0.04730617608409982 0.049078834807609203
0 0.640722392333821 0.7993569151328616 0.031537450722733215 0.05609009692298189
0 0.5953873069198921 0.7163903134342842 0.024967148488830505 0.049078834807609203
0 0.5901310651327698 0.7035363328894342 0.030223390275952673 0.037393397948654816
0 0.5999865184836238 0.636929342793393 0.02365308804205007 0.03973048532044542
0 0.6945988706518236 0.46865905202444713 0.03679369250985538 0.06310135903835468
0 0.5907880953561601 0.46749050833855166 0.042049934296977655 0.04674174743581821
0 0.5684490677608907 0.6310866243639157 0.03942181340341646 0.037393397948654816
0 0.5513662819527434 0.6392664301651839 0.042049934296977655 0.035056310576863633
0 0.5796185815585254 0.6708171096843611 0.05387647831800264 0.028045048461490946
0 0.5329694356978157 0.6264124496203339 0.026281208935611047 0.018696698974327266
0 0.5303413148042547 0.6100528380177974 0.005256241787122166 0.014022524230745568
0 0.511944468549327 0.5925246827293656 0.023653088042049963 0.030382135833281747
0 0.5014319849750826 0.6077157506460065 0.031537450722733215 0.03739339794865472
0 0.504717136092034 0.6416035175369749 0.02233902759526942 0.03038213583328184
0 0.5250850730171325 0.499041187857729 0.02628120893561094 0.03038213583328184
0 0.5224569521235713 0.5633110905819793 0.01839684625492769 0.023370873717909153
0 0.35819939627600234 0.40205206192840603 0.03416557161629435 0.032719223205072735
0 0.4350719324126646 0.4896928383705654 0.030223390275952725 0.04440466006402731
0 0.4850062293903256 0.5305918673769063 0.01971090670170823 0.03739339794865472
0 0.48172107827337424 0.6112213817036929 0.007884362680683358 0.016359611602536465
0 0.49683277341135057 0.6334237117357066 0.009198423127463898 0.004674174743581983
0 0.49354762229439925 0.662637303883093 0.015768725361366608 0.016359611602536465
0 0.4974898036347409 0.6848396339151067 0.013140604467805524 0.01869669897432736
0 0.5217999219001811 0.7140532260624932 0.02233902759526942 0.03038213583328184
0 0.5099733778791562 0.7304128376650295 0.01708278580814715 0.03973048532044562
0 0.4777788969330326 0.7011992455176432 0.018396846254927744 0.014022524230745473
0 0.45084065777403126 0.6860081776010022 0.01708278580814715 0.044404660064027504
0 0.4659523529120076 0.6603002165113021 0.026281208935611047 0.025707961089700047
0 0.4712085946991298 0.6404349738510794 0.02102496714848888 0.009348349487163584
0 0.4560968995611535 0.6158955564472748 0.011826544021024982 0.011685436858954672
0 0.4725226551459103 0.6042101195883202 0.02365308804204991 0.011685436858954481
0 0.4186461768279077 0.5364345858063837 0.015768725361366608 0.025707961089700047
0 0.4265305395085911 0.6042101195883202 0.007884362680683358 0.016359611602536274
0 0.438357083529616 0.6357607991074975 0.031537450722733215 0.03739339794865453
0 0.4278445999553716 0.6497833233382431 0.0 0.00934834948716368
0 0.44886956710386045 0.6532889543959294 0.015768725361366608 0.016359611602536368
0 0.40681963280688277 0.5586369158383974 0.007884362680683304 0.02804504846149085
0 0.44558441598690907 0.5492885663512336 0.019710906701708285 0.014022524230745568
