0 0.18342935685418893 0.17886021792237372 0.023653088042049936 0.03038213583328196
0 0.16634657104604172 0.19521982952491007 0.03416557161629435 0.06310135903835468
0 0.24650425829965542 0.2641639069927421 0.0394218134034166 0.046741747435818305
0 0.14335051322738207 0.18353439266595553 0.01708278580814715 0.016359611602536465
0 0.1558340874717973 0.2431301206466239 0.021024967148488827 0.018696698974327408
0 0.16109032925891953 0.2711751691081149 0.023653088042049936 0.03739339794865458
0 0.17685905462028614 0.3109056544285604 0.018396846254927716 0.018696698974327266
0 0.1124700927280391 0.24196157696072837 0.023653088042049936 0.016359611602536368
0 0.12758178786601543 0.2723437127940103 0.02759526938239159 0.016359611602536368
0 0.11444118339820991 0.28519769333886025 0.019710906701708285 0.023370873717909153
0 0.028370224134083757 0.20339963532617827 0.01576872536136663 0.03271922320507283
0 0.1998551124389458 0.404389149300197 0.02759526938239159 0.03739339794865462
0 0.1584622083653584 0.3927037124412424 0.026281208935611047 0.014022524230745473
0 0.14597863412094314 0.4114004114155697 0.019710906701708285 0.023370873717909153
0 0.12298257630228351 0.389198081383556 0.023653088042049963 0.021033786346118303
0 0.11378415317481963 0.4008835182425106 0.00788436268068333 0.025707961089700002
0 0.20314026355589718 0.5901875953575748 0.03942181340341657 0.05375300955119109
0 0.17883014529045696 0.5913561390434702 0.017082785808147174 0.032719223205072735
0 0.18277232663079862 0.5738279837550383 0.011826544021024956 0.011685436858954672
0 0.15714814791857787 0.5925246827293655 0.028909329829172156 0.03973048532044552
0 0.1505778456846751 0.6217382748767522 0.021024967148488827 0.02804504846149104
0 0.1696317221629931 0.5691538090114565 0.019710906701708285 0.01635961160253656
0 0.16634657104604172 0.5714908963832473 0.013140604467805524 0.03038213583328184
0 0.16109032925891953 0.5539627410948155 0.028909329829172103 0.028045048461490946
0 0.03756864726154762 0.5154007994602654 0.034165571616294355 0.035056310576863633
