0 0.8200916433193665 0.2933774991401285 0.0433639947437582 0.03038213583328189
0 0.6689746919396028 0.3272652660310968 0.03285151116951386 0.03739339794865458
0 0.5940732464731114 0.3167483728580377 0.02759526938239159 0.04440466006402741
0 0.5198288312300103 0.2676695380504285 0.02628120893561094 0.03973048532044562
0 0.8056369784047802 0.4628163335949699 0.02759526938239159 0.03739339794865462
0 0.7543886209803388 0.4230858482745243 0.024967148488830398 0.042067572692236516
0 0.8069510388515609 0.542277304235861 0.01971090670170823 0.028045048461490946
0 0.7399339560657527 0.5364345858063836 0.030223390275952777 0.04440466006402731
0 0.6742309337267252 0.51423225577437 0.024967148488830505 0.032719223205072735
0 0.6282388180894058 0.4896928383705654 0.01708278580814715 0.04440466006402731
0 0.6899996590880918 0.580839245870411 0.02233902759526942 0.03973048532044562
0 0.6564911176951876 0.5481200226653382 0.026281208935611047 0.04440466006402741
0 0.6387513016636501 0.5749965274409337 0.006570302233902816 0.028045048461490946
0 0.6656895408226514 0.5983674011588429 0.013140604467805524 0.046741747435818305
0 0.6735739035033348 0.6229068185626475 0.005256241787122274 0.03038213583328184
0 0.6762020243968959 0.6404349738510794 0.026281208935611047 0.04206757269223632
0 0.6177263345151613 0.6182326438190657 0.006570302233902816 0.03505631057686373
0 0.5822467024520864 0.5551312847807109 0.014454664914586066 0.049078834807609203
0 0.5631928259737685 0.567985265325561 0.01839684625492769 0.060764271666563875
0 0.5829037326754768 0.6123899253895884 0.023653088042049856 0.051415922179400095
0 0.6104990020578683 0.6649743912548841 0.026281208935611047 0.049078834807609203
0 0.5901310651327698 0.6380978864792884 0.01708278580814715 0.04206757269223632
0 0.5802756117819157 0.6532889543959294 0.021024967148488772 0.049078834807609203
0 0.5677920375375005 0.6789969154856295 0.02233902759526942 0.049078834807609106
0 0.5461100401656213 0.6462776922805566 0.018396846254927796 0.05842718429477278
0 0.5250850730171325 0.6380978864792884 0.03153745072273332 0.051415922179400095
0 0.5336264659212061 0.6158955564472747 0.014454664914586066 0.030382135833281747
0 0.5126014987727172 0.5936932264152611 0.024967148488830505 0.05141592217940029
