0 0.6768590546202862 0.46398487728086535 0.02759526938239159 0.03505631057686373
0 0.6722598430565543 0.4008835182425106 0.039421813403416675 0.016359611602536465
0 0.7721284370118763 0.46632196465265624 0.0341655716162943 0.030382135833281938
0 0.8108932201919025 0.5048839062872064 0.03810775295663603 0.046741747435818305
0 0.7563597116505096 0.46398487728086535 0.021024967148488772 0.025707961089700145
0 0.747818318746436 0.4815130325692971 0.02759526938239159 0.03739339794865462
0 0.8378314593509039 0.3810182755822878 0.026281208935611047 0.023370873717909153
0 0.8936790283390773 0.3179169165439331 0.024967148488830505 0.042067572692236516
0 0.8864516958817842 0.26533245067863753 0.02890932982917213 0.030382135833281938
0 0.9560968995611535 0.2559841011914739 0.0341655716162944 0.03038213583328184
0 0.976464836486252 0.3097371107426649 0.0433639947437582 0.06310135903835468
