0 0.09735839759006273 0.2185907032428192 0.045992115637319315 0.06310135903835468
0 0.16766063149282226 0.039803519300814376 0.04467805519053877 0.042067572692236516
0 0.21956601914065407 0.07836546093536445 0.0512483574244415 0.07712388326910015
0 0.2616159534376318 0.044477694044396165 0.04073587385019711 0.09348349487163661
0 0.25701674187389983 0.26650099436453295 0.018396846254927744 0.03271922320507283
0 0.3233767944363177 0.1718489558070009 0.03810775295663603 0.05842718429477286
0 0.36017048694617315 0.2349503148453557 0.03547963206307489 0.06310135903835468
0 0.4744937458160812 0.2758493438516966 0.05387647831800264 0.05609009692298198
0 0.6814582661840182 0.29805167388371034 0.026281208935611047 0.03973048532044552
0 0.6663465710460418 0.3973778871848242 0.04073587385019722 0.03739339794865467
0 0.6466356643443335 0.39971497455661514 0.02759526938239159 0.046741747435818305
0 0.6781731150670668 0.42659147933221064 0.019710906701708338 0.025707961089700047
0 0.7911823134901942 0.29220895545423303 0.02759526938239159 0.051415922179400095
0 0.7747565579054374 0.3249281786593059 0.023653088042049963 0.046741747435818305
0 0.8214057037661469 0.3529732271207968 0.01708278580814715 0.023370873717909153
0 0.847686912701758 0.37050138240922875 0.01971090670170823 0.030382135833281938
0 0.8752821820841495 0.34713050869131956 0.022339027595269314 0.05842718429477288
0 0.9140469652641757 0.41724312984504697 0.02890932982917213 0.04440466006402736
0 0.8713400007438079 0.4394454598770607 0.02233902759526942 0.07478679589730934
0 0.7819838903627304 0.3693328387233332 0.03810775295663603 0.046741747435818305
0 0.7589878325440707 0.37517555715281053 0.02890932982917213 0.03973048532044557
0 0.7878971623732428 0.4277600230181061 0.03679369250985538 0.05609009692298198
0 0.82863303622344 0.43360274144758343 0.010512483574244332 0.021033786346118258
0 0.8450587918081969 0.4628163335949699 0.030223390275952673 0.03739339794865462
0 0.8128643108620733 0.44061400356295616 0.018396846254927796 0.030382135833281938
0 0.8187775828725858 0.47099613939623813 0.019710906701708338 0.05375300955119109
0 0.7806698299159498 0.44879380936422436 0.04073587385019711 0.03739339794865472
0 0.7392769258423624 0.44996235305011983 0.03153745072273332 0.03973048532044562
0 0.7136527471301417 0.5130637120884745 0.035479632063074945 0.04440466006402741
