0 0.2767276485756081 0.10524196571095987 0.013140604467805524 0.060764271666563695
0 0.23730583517219153 0.049151868787977865 0.021024967148488855 0.06543844641014566
0 0.21299571690675134 0.023443907698277814 0.009198423127463872 0.028045048461490946
0 0.22088007958743464 0.06901711144820068 0.003942181340341652 0.03038213583328184
0 0.1617473594823098 0.11459031519812361 0.030223390275952673 0.03739339794865473
0 0.20642541467284856 0.13328701417245095 0.014454664914586038 0.051415922179400005
0 0.15977626881213897 0.005915752409845999 0.015768725361366632 0.016359611602536274
0 0.2438761374060943 0.1811973052941646 0.021024967148488855 0.03505631057686373
0 0.19525590087521388 0.1625006063198373 0.023653088042049963 0.02570796108970007
0 0.16240438970570006 0.15782643157625548 0.018396846254927716 0.025707961089700047
