0 0.6670036012694321 0.04097206298670973 0.013140604467805524 0.035056310576863633
0 0.6768590546202862 0.0993992472814826 0.011826544021024982 0.03505631057686382
0 0.6643754803758709 0.08888235410842339 0.015768725361366608 0.009348349487163584
0 0.6610903292589195 0.11809594625580996 0.022339027595269314 0.030382135833282045
0 0.6380942714402599 0.1064105093968552 0.026281208935611047 0.025707961089700047
0 0.628895848312796 0.07836546093536426 0.02102496714848888 0.03038213583328184
0 0.6308669389829669 0.07135419881999167 0.011826544021024982 0.03038213583328203
0 0.5993294882602336 0.009421383467532341 0.003942181340341625 0.009348349487163584
0 0.6183833647385516 0.025780995070068806 0.013140604467805524 0.028045048461491136
0 0.6288958483127961 0.010589927153427886 0.013140604467805416 0.025707961089700047
0 0.6315239692063572 0.01292701452521878 0.01839684625492769 0.025707961089700047
0 0.44492738576351876 0.011758470839323333 0.026281208935611047 0.023370873717909153
0 0.526399133463913 0.01058992715342779 0.013140604467805524 0.011685436858954481
