0 0.5566225237398656 0.4593107025372835 0.02102496714848888 0.016359611602536465
0 0.5658209468673295 0.48268157625519265 0.013140604467805524 0.016359611602536274
0 0.5684490677608907 0.4967041004859381 0.01839684625492769 0.021033786346118258
0 0.47712186670964235 0.44295109093474705 0.05387647831800264 0.03505631057686373
0 0.4534687786675924 0.4230858482745243 0.04073587385019711 0.028045048461490946
0 0.42587350928520074 0.4125689551014652 0.038107752956635974 0.03973048532044562
0 0.419303207051298 0.4008835182425106 0.02759526938239159 0.03038213583328184
0 0.433757871965884 0.3938722561271379 0.04073587385019711 0.016359611602536368
0 0.41207587459400496 0.3927037124412424 0.02890932982917213 0.014022524230745473
0 0.4212742977214688 0.38101827558228785 0.021024967148488827 0.03739339794865462
