0 0.4409852044231771 0.2723437127940103 0.010512483574244386 0.030382135833281938
0 0.46595235291200754 0.32142254760161953 0.010512483574244386 0.03505631057686373
0 0.43178678129571324 0.3541417708066923 0.02890932982917213 0.04440466006402741
0 0.4370430230828355 0.3085685670567695 0.007884362680683358 0.014022524230745424
0 0.407476663030273 0.3331079844605741 0.011826544021024928 0.030382135833281938
0 0.4436133253167382 0.3272652660310968 0.01839684625492769 0.0233708737179092
0 0.4298156906255424 0.31441128548624675 0.024967148488830505 0.03505631057686373
0 0.42127429772146885 0.28286060596706936 0.013140604467805524 0.023370873717909153
0 0.40616260258349246 0.29571458651191945 0.0170827858081472 0.016359611602536368
0 0.4041915119133217 0.27701788753759216 0.023653088042049963 0.021033786346118258
0 0.4048485421367119 0.27000662542221937 0.02759526938239159 0.03973048532044562
0 0.4127329048173952 0.23261322747356475 0.014454664914586066 0.03038213583328184
0 0.3995923003495897 0.24546720801841476 0.019710906701708285 0.023370873717909153
0 0.37134000074380785 0.23144468378766922 0.015768725361366608 0.03271922320507283
0 0.36608375895668566 0.2676695380504285 0.018396846254927744 0.021033786346118258
0 0.3700259402970273 0.2922089554542331 0.01839684625492769 0.01869669897432736
0 0.36936891007363704 0.3109056544285604 0.024967148488830505 0.014022524230745473
0 0.38579466565839393 0.24780429539020565 0.018396846254927744 0.023370873717909153
0 0.3903938772221259 0.26416390699274206 0.011826544021024982 0.014022524230745473
0 0.3976212096794189 0.294546042826024 0.002628120893561083 0.014022524230745473
