0 0.5329694356978159 0.13796118891603268 0.013140604467805524 0.028045048461490946
0 0.500117924528302 0.14847808208909177 0.01051248357424444 0.02570796108970012
0 0.5112874383259366 0.1601635189480464 0.006570302233902816 0.03038213583328184
0 0.49289059207100894 0.17652313055058275 0.024967148488830505 0.021033786346118258
0 0.5395397379317185 0.2220963343005056 0.007884362680683358 0.023370873717909153
0 0.5224569521235713 0.23611885853125109 0.005256241787122274 0.023370873717909153
0 0.5027460454218631 0.2513099264478921 0.005256241787122166 0.016359611602536368
0 0.5099733778791562 0.28286060596706936 0.009198423127463898 0.023370873717909153
0 0.5158866498896686 0.3237596349734104 0.015768725361366715 0.03038213583328189
0 0.48894841073066725 0.30155730494139676 0.009198423127463898 0.01402252423074552
0 0.5467670703890115 0.27000662542221937 0.019710906701708338 0.021033786346118258
0 0.5487381610591825 0.29805167388371034 0.01839684625492769 0.02103378634611821
0 0.5894740349093796 0.28286060596706936 0.01839684625492769 0.023370873717909153
0 0.6098419718344781 0.28987186808244214 0.02233902759526942 0.03739339794865467
0 0.61444118339821 0.32025400391572406 0.018396846254927796 0.03739339794865462
0 0.5513662819527435 0.3027258486272922 0.005256241787122274 0.025707961089700002
0 0.5723912491012323 0.30856856705676944 0.010512483574244332 0.023370873717909153
0 0.5730482793246225 0.2875347807106512 0.009198423127463792 0.014022524230745473
0 0.5697631282076713 0.2594897322491602 0.0 0.0
0 0.6650325105992613 0.28286060596706936 0.017082785808147257 0.023370873717909153
0 0.6972269915453848 0.3027258486272922 0.013140604467805524 0.03038213583328184
0 0.6722598430565543 0.30506293599908313 0.01051248357424444 0.007011262115372736
0 0.6913137195348723 0.33778215920415594 0.019710906701708338 0.021033786346118258
0 0.671602812833164 0.29104041176833756 0.022339027595269314 0.03505631057686378
0 0.7182519586938736 0.2887033243965467 0.01051248357424444 0.011685436858954576
0 0.7327066236084596 0.31791691654393317 0.013140604467805524 0.01869669897432731
0 0.7182519586938736 0.3366136155182604 0.01051248357424444 0.018696698974327266
0 0.721537109810825 0.31324274180035133 0.003942181340341625 0.009348349487163633
0 0.7235082004809958 0.29571458651191945 0.007884362680683358 0.002337087371790896
0 0.7175949284704832 0.2863662370247558 0.01708278580814715 0.016359611602536368
