0 0.8509720638187094 0.27935497490938305 0.03942181340341657 0.03038213583328184
0 0.5303413148042546 0.1730174994928964 0.015768725361366608 0.028045048461490946
0 0.44821253688047014 0.197556916896701 0.02759526938239159 0.021033786346118258
0 0.4915765316242284 0.21041089744155103 0.019710906701708285 0.046741747435818305
0 0.6794871755138473 0.22677050904408744 0.011826544021024874 0.014022524230745473
0 0.6637184501524808 0.2010625479543874 0.006570302233902708 0.014022524230745449
0 0.6492637852378946 0.19054565478132826 0.009198423127463898 0.0070112621153728075
0 0.6394083318870405 0.2337817711594602 0.010512483574244332 0.032719223205072735
0 0.633495059876528 0.24897283907610115 0.011826544021024982 0.030382135833281938
0 0.6223255460788932 0.25247847013378755 0.015768725361366608 0.023370873717909153
0 0.5934162162497212 0.22793905272998288 0.005256241787122274 0.025707961089700145
0 0.5671350073141102 0.253647013819683 0.01839684625492769 0.025707961089700047
0 0.5500522215059629 0.24429866433251934 0.007884362680683358 0.01635961160253651
0 0.6755449941735057 0.29571458651191945 0.01971090670170823 0.016359611602536368
