0 0.2419050467359235 0.05382604353155976 0.03547963206307492 0.04206757269223652
0 0.2806698299159498 0.05616313090335074 0.015768725361366608 0.009348349487163775
0 0.293153404160365 0.05616313090335074 0.017082785808147257 0.009348349487163775
0 0.29972370639426776 0.07252274250588711 0.02233902759526937 0.023370873717908962
0 0.3404595802444648 0.07836546093536444 0.0170827858081472 0.03505631057686362
0 0.34374473136141626 0.06200584933282798 0.007884362680683358 0.021033786346118258
0 0.3115502504152927 0.017601189268800575 0.02759526938239159 0.025707961089700047
0 0.30103776684104827 0.09589361622379626 0.0170827858081472 0.01869669897432717
0 0.32797600600004967 0.08888235410842357 0.013140604467805524 0.004674174743581792
0 0.3319181873403913 0.10874759676864618 0.010512483574244386 0.011685436858954493
0 0.32731897577665936 0.1239386646852872 0.02233902759526937 0.01869669897432755
0 0.2977526157240969 0.10757905308275074 0.013140604467805524 0.014022524230745377
0 0.29709558550070664 0.12978138311476436 0.003942181340341625 0.021033786346118258
0 0.2780417090223887 0.12510720837118267 0.015768725361366608 0.007011262115372689
0 0.2688432858949248 0.11692740256991442 0.007884362680683358 0.014022524230745568
0 0.2688432858949248 0.08771381042252804 0.018396846254927636 0.021033786346118258
0 0.26621516500136366 0.10290487833916896 0.023653088042049856 0.023370873717908962
0 0.3227197642129274 0.13094992680065992 0.02102496714848888 0.009348349487163609
0 0.34177364069124544 0.15432080051856908 0.011826544021024982 0.018696698974327266
0 0.3424306709146357 0.1753545868646873 0.007884362680683304 0.028045048461490946
0 0.27607061835221786 0.15665788789036003 0.01971090670170823 0.023370873717909153
0 0.30432291795799965 0.14847808208909175 0.01051248357424444 0.016359611602536534
0 0.25110346986338733 0.15432080051856908 0.022339027595269394 0.018696698974327266
0 0.24847534896982626 0.1823658489800601 0.011826544021024982 0.023370873717909177
0 0.26818625567153453 0.1800287616082691 0.009198423127463898 0.004674174743581912
0 0.2162808680237027 0.22677050904408744 0.026281208935611047 0.03271922320507283
0 0.25176050008677764 0.20106254795438736 0.00525624178712222 0.023370873717909153
0 0.33651739890412324 0.20573672269796917 0.006570302233902708 0.03739339794865462
0 0.34900097314853845 0.20106254795438736 0.007884362680683304 0.023370873717909153
0 0.3141783713088538 0.22209633430050563 0.0170827858081472 0.028045048461490946
0 0.31877758287258573 0.20339963532617827 0.013140604467805524 0.03739339794865462
0 0.3115502504152927 0.19054565478132826 0.011826544021024982 0.016359611602536368
0 0.27541358812882755 0.2606582759350557 0.007884362680683358 0.021033786346118258
0 0.2524175303101679 0.25715264487736933 0.006570302233902762 0.014022524230745568
0 0.32994709667022043 0.2478042953902057 0.014454664914586066 0.03739339794865462
0 0.35228612426548983 0.2361188585312511 0.019710906701708285 0.014022524230745473
0 0.24519019785287482 0.22560196535819194 0.010512483574244414 0.021033786346118258
0 0.22350820048099573 0.2501413827619966 0.019710906701708285 0.03271922320507283
