0 0.5965419347454155 0.5956094589729745 0.021711366538952805 0.04088559746972159
0 0.6457117942601027 0.6603449883000335 0.08429118773946355 0.05224270787797743
0 0.5678063025615075 0.6024237252179282 0.017879948914431777 0.031799909143116825
0 0.5403478095857732 0.6035594362587535 0.021711366538952698 0.04315701955137267
0 0.5096964685896046 0.602423725217928 0.03448275862068967 0.0545141299596286
0 0.5065036205691703 0.6296807901977424 0.04086845466155804 0.049971285796326266
0 0.5256607086917757 0.7852732027908491 0.10472541507024268 0.07041408453118696
0 0.8245112834044194 0.5967451700137999 0.02298850574712648 0.034071331224767895
0 0.8647411684618906 0.5638095498298576 0.026819923371647507 0.04542844163302402
0 0.8494154979638063 0.5751666602381136 0.014048531289910538 0.02725706497981449
0 0.8787896997518012 0.6012880141771023 0.037037037037037014 0.05678555204127977
0 0.8966696486662329 0.5819809264830672 0.021711366538952805 0.0272570649798143
