0 0.2389429564567821 0.31736025397070294 0.021711366538952778 0.034071331224767895
0 0.21148446348104774 0.4014028709917972 0.02043422733077905 0.024985642898163133
0 0.16486888238270803 0.39004576058354123 0.016602809706257996 0.002271422081651168
0 0.13868752861514735 0.47295266656380974 0.017879948914431672 0.02271422081651187
0 0.13485611099062628 0.4502384457472979 0.012771392081736915 0.013628532489907101
0 0.1661460215908817 0.4956668873803217 0.016602809706257996 0.02271422081651206
0 0.11186760524349984 0.47976693280876337 0.025542784163473845 0.03179990914311673
0 0.07866198583098388 0.5410953290133456 0.025542784163473817 0.0408855974697214
0 0.22106300754235042 0.5910666148096719 0.03448275862068964 0.045428441633023835
0 0.6137833140557604 0.10952513349961844 0.02043422733077902 0.049971285796326266
