0 0.7938599424082509 0.47068124448215853 0.01532567049808432 0.05905697412293103
0 0.8245112834044194 0.45932413407390266 0.02043422733077913 0.03179990914311673
0 0.6061204788067183 0.18334635115328243 0.028097062579821183 0.07949977285779182
0 0.5939876563290682 0.16744639658172408 0.03448275862068956 0.04769986371467509
0 0.5582277585002049 0.10271086725466484 0.04214559386973182 0.02271422081651206
0 0.43753810332779103 0.17198924074502647 0.015325670498084266 0.024985642898163133
0 0.18083312248487918 0.008446850866140334 0.017879948914431672 0.0204427987348607
0 0.07674627701872334 0.1356464874386073 0.006385696040868445 0.01589995457155846
0 0.06652916335333381 0.13678219847943288 0.02171136653895275 0.018171376653209628
0 0.11314474445167354 0.13678219847943285 0.012771392081736915 0.036342753306419256
0 0.07866198583098388 0.20492486092896878 0.025542784163473817 0.040885597469721494
0 0.07419199860237596 0.13223935431613046 0.03959131545338442 0.04997128579632654
0 0.11250617484758668 0.20151772780649202 0.014048531289910604 0.024985642898163133
0 0.14060323742740788 0.22423194862300394 0.03703703703703704 0.024985642898163227
0 0.10867475722306562 0.21968910445970155 0.014048531289910592 0.024985642898163133
0 0.09845764355767608 0.21855339341887597 0.016602809706257982 0.022714220816511962
0 0.09909621316176294 0.23218192590878312 0.035759897828863345 0.049971285796326266
0 0.09334908672498132 0.2673889681743767 0.031928480204342274 0.05224270787797757
0 0.2549071965589532 0.12542508807117694 0.04342273307790553 0.06359981828623355
0 0.2363886780404347 0.11974653286704894 0.02171136653895275 0.04769986371467519
0 0.21020732427287403 0.12428937703035127 0.022988505747126426 0.043157019551372855
0 0.2108458938769609 0.1560892861734681 0.02426564495530013 0.038614175388070326
0 0.19041166654618186 0.17085352970420087 0.03448275862068964 0.040885597469721494
0 0.20062878021157135 0.26511754609272553 0.014048531289910618 0.024985642898163133
0 0.30663133448998775 0.3911814716243668 0.024265644955300102 0.03179990914311673
0 0.30854704330224825 0.36165298456290124 0.0 0.0
0 0.29130566399190344 0.3559744293587733 0.014048531289910645 0.04769986371467505
0 0.28747424636738234 0.29351032211336536 0.019157088122605345 0.013628532489907197
0 0.3066313344899877 0.30713885460327256 0.01149425287356324 0.03179990914311668
0 0.3353669666738957 0.2991888773174934 0.005108556832694755 0.020442798734860795
0 0.3609097508373696 0.26966039025602784 0.010217113665389565 0.04315701955137271
0 0.35388548519241425 0.3571101403995988 0.006385696040868538 0.022714220816511962
0 0.3941153702498856 0.3718743839303316 0.005108556832694809 0.029528487061465467
0 0.39219966143762497 0.39799573786932035 0.014048531289910592 0.03179990914311673
0 0.4368995337237041 0.37755293913445964 0.0012771392081737827 0.022714220816511962
0 0.4273209896624015 0.3253102312564822 0.015325670498084266 0.045428441633023925
0 0.41901958480927254 0.41616711452252986 0.006385696040868431 0.03634275330641906
0 0.4426466601604858 0.3911814716243668 0.00766283524904216 0.027257064979814394
0 0.44967092580544105 0.4354742022165651 0.008939974457215836 0.029528487061465467
0 0.4445623689727463 0.48090264384958903 0.008939974457215836 0.024985642898163133
0 0.4285981288705752 0.48885262113536815 0.012771392081736915 0.02271422081651187
0 0.4822379756138702 0.4388813353390419 0.007662835249042214 0.01817137665320953
0 0.5352392527530785 0.3684672508078548 0.021711366538952698 0.03179990914311673
0 0.5371549615653389 0.40708142619592513 0.028097062579821183 0.0545141299596286
0 0.5690834417696813 0.4059457151550996 0.015325670498084427 0.05224270787797743
