0 0.21276160268922142 0.5831166375238928 0.022988505747126426 0.02952848706146537
0 0.17317028723583702 0.5649452608706832 0.02043422733077905 0.020442798734860795
0 0.1827488312971397 0.5956094589729746 0.008939974457215836 0.009085688326604766
0 0.1718931480276633 0.53995961797252 0.015325670498084294 0.034071331224767895
0 0.13868752861514735 0.5558595725440785 0.02043422733077905 0.038614175388070326
0 0.15465176871731848 0.5922023258504976 0.014048531289910592 0.034071331224767895
0 0.1323018325742789 0.5819809264830672 0.012771392081736915 0.022714220816511962
0 0.09526479553724186 0.562673838789032 0.017879948914431672 0.024985642898163324
0 0.1099518964312393 0.5183811081968337 0.0421455938697318 0.045428441633023925
0 0.09143337791272078 0.5751666602381137 0.030651340996168574 0.06359981828623355
0 0.08377054266367864 0.5433667510949969 0.030651340996168574 0.07268550661283822
0 0.05567348008385744 0.5320096406867408 0.03065134099616858 0.0545141299596286
0 0.01799787344273356 0.5092954198702289 0.016602809706257982 0.045428441633023925
0 0.024383569483602017 0.5410953290133456 0.008939974457215836 0.01817137665320953
0 0.03587782235716524 0.5683523939931601 0.008939974457215836 0.04088559746972159
0 0.08951766910046025 0.5831166375238929 0.01915708812260536 0.024985642898163133
