0 0.5250221390876889 0.47749551072711216 0.04214559386973172 0.045428441633023835
0 0.4662737355116991 0.5081597088294033 0.03192848020434226 0.024985642898163227
0 0.44647807778500687 0.5274667965234384 0.035759897828863345 0.03179990914311673
0 0.49245508927925974 0.5376881958908689 0.025542784163473886 0.024985642898162942
0 0.3877296742090171 0.5024811536252753 0.035759897828863345 0.027257064979814203
0 0.3692111556904986 0.5263310854826129 0.03959131545338442 0.02952848706146556
0 0.3487769283597195 0.48998833217619375 0.037037037037037014 0.024985642898163036
0 0.34047552350659055 0.5070239977885778 0.035759897828863345 0.03179990914311673
0 0.34239123231885105 0.528602507564264 0.04980842911877393 0.024985642898163227
0 0.3321741186534615 0.534281062768392 0.031928480204342316 0.0272570649798143
0 0.31365560013494304 0.5320096406867408 0.056194125159642366 0.031799909143116825
0 0.31429416973902985 0.517245397156008 0.026819923371647507 0.024985642898163036
0 0.24852150051808478 0.5206525302784849 0.040868454661558126 0.03179990914311673
