0 0.5524806320634232 0.09248946788723458 0.01021711366538951 0.024985642898163227
0 0.5850476818718524 0.07318238019319938 0.003831417624521026 0.02271422081651187
0 0.5486492144389021 0.07091095811154811 0.005108556832694809 0.02271422081651206
0 0.545456366418468 0.08681091268310658 0.0063856960408684845 0.013628532489907197
0 0.5333235439408178 0.08794662372393207 0.007662835249042052 0.006814266244953503
0 0.5346006831489916 0.1049822893363161 0.01532567049808432 0.009085688326604861
0 0.5320464047326442 0.11293226662209538 0.00766283524904216 0.015899954571558364
0 0.5294921263162968 0.13110364327530483 0.007662835249042052 0.002271422081651168
0 0.5333235439408178 0.12088224390787447 0.002554278416347351 0.013628532489907197
0 0.516082164630473 0.10043944517301368 0.014048531289910645 0.027257064979814394
0 0.5422635183980337 0.0652324029074202 0.002554278416347351 0.002271422081651168
0 0.5154435950263861 0.04365389313173382 0.007662835249042052 0.009085688326604861
0 0.5250221390876889 0.016396828151919514 0.011494252873563293 0.018171376653209722
0 0.512250747005952 0.01980396127439636 0.031928480204342205 0.04315701955137276
0 0.5128893166100389 0.04138247105008274 0.0 0.0
0 0.4982022157160414 0.07772522435650181 0.016602809706257996 0.0408855974697214
0 0.5001179245283018 0.1594964192959449 0.002554278416347351 0.0
0 0.45797233065857007 0.0584181366624666 -0.04597701149425285 -0.006814266244953694
0 0.4515866346177016 0.06636811394824578 -0.002554278416347351 0.0
0 0.41135674956023033 0.03683962688678022 0.014048531289910592 0.027257064979814394
0 0.4330681160991831 0.0856752016422809 0.0012771392081736754 0.002271422081651168
0 0.4273209896624015 0.10384657829549052 0.007662835249042106 0.015899954571558364
0 0.41965815441335935 0.06296098082576893 0.005108556832694755 0.015899954571558364
0 0.4164653063929251 0.07999664643815298 0.0063856960408684845 0.013628532489907006
0 0.408802471143883 0.08340377956062973 0.00383141762452108 0.006814266244953503
0 0.4081639015397961 0.06863953602989695 0.01021711366538951 0.04542844163302374
0 0.4056096231234487 0.08113235747897857 0.0025542784163474046 0.006814266244953503
0 0.4030553447071014 0.08340377956062972 0.005108556832694809 0.034071331224767895
0 0.39539250945805926 0.0856752016422809 0.00766283524904216 0.02952848706146556
0 0.39730821827031976 0.06409669186659461 0.00383141762452108 0.013628532489907006
0 0.39283823104171184 0.05955384770329218 0.005108556832694755 0.013628532489907197
0 0.3819825477722355 0.060689558744117765 0.00383141762452108 0.0022714220816513584
0 0.39028395262536447 0.08794662372393215 0.005108556832694755 0.0022714220816513584
0 0.3660183076700643 0.07204666915237379 0.005108556832694755 0.01135711040825603
0 0.3660183076700644 0.07886093539732739 0.00766283524904216 0.020442798734860892
0 0.3583554724210222 0.06409669186659461 0.005108556832694809 0.0
0 0.35069263717198007 0.06296098082576893 0.00766283524904216 0.015899954571558364
0 0.38645253500084337 0.1186108218262232 0.0 0.0
0 0.38134397816814863 0.1197465328670489 -0.017879948914431672 -0.01135711040825603
0 0.3660183076700643 0.10725371141796719 -0.00766283524904216 0.0
0 0.3628254596496301 0.10384657829549043 -0.016602809706257996 -0.024985642898163227
0 0.33600553627798263 0.10384657829549043 -0.05236270753512134 0.024985642898163227
0 0.3181255873635509 0.10838942245879296 0.0012771392081736754 -0.024985642898163227
0 0.32323414419624574 0.10157515621383925 0.02171136653895275 0.02952848706146556
0 0.3404755235065905 0.05501100353998975 0.02043422733077897 0.02271422081651206
0 0.33345125786163526 0.0311610716826522 0.006385696040868431 0.015899954571558364
0 0.3551626244005879 0.02775393856017545 0.008939974457215888 0.03179990914311654
0 0.31940272657172464 0.03797533792760589 0.014048531289910592 0.015899954571558364
0 0.30982418251042193 0.06750382498907137 0.012771392081736862 0.024985642898163227
0 0.30535419528181407 0.05501100353998975 0.016602809706257996 0.009085688326604672
0 0.309824182510422 0.05273958145833858 0.00766283524904216 0.013628532489907006
0 0.305354195281814 0.04365389313173382 0.008939974457215836 0.013628532489907197
0 0.30152277765729296 0.0447896041725594 0.008939974457215836 0.0022714220816513584
0 0.2906670943878165 0.03456820480512905 0.0 0.0
0 0.29577565122051136 0.017532539192745195 0.017879948914431672 0.015899954571558364
0 0.2874742463673824 0.04365389313173382 0.014048531289910592 0.01817137665320953
0 0.38070540856406176 0.13451077639778167 0.22094508301404853 0.06814266244953598
