0 0.6469889334682764 0.48771691009454254 0.053639846743295014 0.05678555204127977
0 0.5460949360225549 0.4218456697266579 0.06130268199233728 0.04769986371467509
0 0.43370668570327 0.5354167738092176 0.06641123882503193 0.04769986371467509
0 0.392199661437625 0.532009640686741 0.03959131545338442 0.045428441633023925
0 0.3494154979638064 0.5535881504624272 0.035759897828863345 0.03861417538807052
0 0.3462226499433721 0.5683523939931601 0.05491698595146869 0.049971285796326356
0 0.28300425913877436 0.72053767346379 0.03575989782886339 0.0408855974697214
0 0.28619710715920865 0.6489878778917774 0.05747126436781609 0.052242707877977336
0 0.37878969975180127 0.6523950110142543 0.07151979565772669 0.05905697412293112
0 0.3277041314248536 0.5933380368913233 0.056194125159642366 0.04997128579632645
