0 0.2574614749753006 0.3559744293587732 0.035759897828863345 0.08858546118439659
0 0.5716377201860287 0.13791790952025845 0.01532567049808432 0.020442798734860795
0 0.5927105171208945 0.17085352970420084 0.0063856960408684845 0.013628532489907197
0 0.5646134545410733 0.18675348427575925 0.01660280970625789 0.040885597469721494
0 0.5946262259331551 0.3128174098074006 0.00766283524904216 0.01589995457155832
0 0.5767462770187234 0.2514890136028182 0.022988505747126374 0.04769986371467509
0 0.5722762897901155 0.27533894546015586 0.0038314176245211337 -0.0045428441633024305
0 0.5499263536470759 0.2503533025619926 0.022988505747126374 0.03179990914311668
0 0.5512034928552496 0.2730675233785046 0.01532567049808432 0.027257064979814394
0 0.52885355671221 0.2514890136028183 0.054916985951468794 0.034071331224767944
0 0.5294921263162968 0.2389961921537367 0.01021711366538951 0.009085688326604766
0 0.5441792272102942 0.22309623758217834 0.011494252873563187 0.03179990914311673
0 0.49628650690378084 0.21287483821474795 0.002554278416347351 0.0068142662449535985
0 0.4982022157160414 0.17653208490832883 0.011494252873563293 0.015899954571558364
0 0.520552151859081 0.1822106401124568 0.00766283524904216 0.040885597469721494
0 0.48287654521795703 0.22991050382713196 0.037037037037037014 0.06359981828623346
0 0.5607820369165523 0.23445334799043435 0.006385696040868377 0.009085688326604766
0 0.487346532446565 0.28442463378676064 0.012771392081737023 0.03179990914311678
0 0.47074372274030696 0.27533894546015586 0.01021711366538951 0.03634275330641921
0 0.500117924528302 0.3366673416647381 0.01021711366538951 0.01817137665320953
0 0.3736811429191065 0.3048674325216214 0.020434227330779077 0.04997128579632622
