0 0.7453286524976505 0.4104885593184019 0.04597701149425285 0.04769986371467509
0 0.6955202233788766 0.46954553344133293 0.03320561941251599 0.06587124036788453
0 0.25810004457938746 0.12315366598952568 0.03192848020434226 0.04088559746972169
0 0.590794808308634 0.19811059468401518 0.0025542784163474583 0.0045428441633024305
0 0.5754691378105496 0.21173912717392238 0.012771392081736862 0.018171376653209628
0 0.5812162642473312 0.20606057196979438 0.0012771392081736754 0.0068142662449535985
0 0.5761077074146367 0.1685821076225497 0.0012771392081737827 0.004542844163302336
0 0.5799391250391576 0.14700359784686334 0.014048531289910645 0.020442798734860795
0 0.6412418070314947 0.13110364327530494 0.024265644955300047 0.01135711040825603
0 0.7210630075423504 0.1583607082551193 0.002554278416347351 0.002271422081651168
0 0.7376658172486085 0.13791790952025848 0.01532567049808432 0.01589995457155846
0 0.7632086014120822 0.1061180003771417 0.012771392081736862 0.015899954571558364
0 0.7664014494325164 0.0447896041725594 0.014048531289910645 0.01135711040825603
0 0.7268101339791321 0.06750382498907126 0.014048531289910538 0.015899954571558364
0 0.52885355671221 0.10952513349961844 0.014048531289910538 0.01817137665320953
0 0.6022890611821972 0.07431809123402497 0.002554278416347351 0.002271422081650977
0 0.578023416226897 0.06409669186659452 0.02043422733077902 0.02271422081651187
0 0.64826607267645 0.057282425621641014 0.02043422733077902 0.013628532489907197
0 0.6610374647581869 0.06409669186659461 0.002554278416347351 0.004542844163302336
0 0.6035662003903709 0.045925315213384985 0.0 0.004542844163302526
0 0.5384321007735126 0.05728242562164092 0.005108556832694809 0.027257064979814394
0 0.48926224125882556 0.07545380227485064 0.011494252873563293 0.027257064979814394
0 0.499479354924215 0.056146714580815334 0.003831417624521026 0.006814266244953503
0 0.5090578989855178 0.0243468054376987 0.00766283524904216 0.015899954571558364
0 0.45094806501361473 0.09362517892806008 0.01149425287356324 0.013628532489907197
0 0.4368995337237042 0.022075383356047435 0.02171136653895275 0.034071331224767895
0 0.5377935311694257 0.07999664643815288 0.03959131545338448 0.04088559746972159
