0 0.38262111737632226 0.2991888773174934 0.012771392081736969 0.01589995457155832
0 0.38006683895997495 0.29578174419501657 0.01021711366538951 0.01817137665320958
0 0.36984972529458543 0.2798817896234582 0.007662835249042106 0.02725706497981449
0 0.35133120677606694 0.3321244975014357 0.006385696040868431 0.013628532489907101
0 0.3500540675678932 0.32076738709317976 0.008939974457215836 0.004542844163302288
0 0.3826211173763223 0.26852467921520223 0.0 0.0
0 0.3347283970698089 0.3275816533381333 0.0012771392081736754 0.0
0 0.321957004988072 0.26511754609272553 0.00383141762452108 0.024985642898163133
0 0.29641422082459823 0.23218192590878312 0.014048531289910592 0.06359981828623346
0 0.297052790428685 0.28442463378676064 0.012771392081736969 0.03179990914311678
0 0.2989684992409456 0.3253102312564821 0.00383141762452108 0.022714220816511962
0 0.260015753391648 0.2912389000317142 0.0 0.0
0 0.268317158244777 0.2662532571335511 0.00383141762452108 0.03634275330641916
0 0.23766581724860839 0.29123890003171415 -0.00383141762452108 0.03179990914311673
0 0.2165930203137425 0.2753389454601558 0.017879948914431672 0.0272570649798143
0 0.2612928925998217 0.2639818350518998 0.0 0.004542844163302288
0 0.2606543229957349 0.25830327984777185 0.00383141762452108 0.02952848706146556
0 0.2664014494325165 0.2480818804803415 0.015325670498084266 0.02271422081651187
0 0.25363005735077954 0.20606057196979438 0.010217113665389565 0.020442798734860795
0 0.27087143666112434 0.23104621486795754 -0.00383141762452108 -0.015899954571558364
0 0.2644857406202559 0.22650337070465515 0.021711366538952698 0.038614175388070326
0 0.2619314622039085 0.13223935431613043 0.01149425287356324 0.004542844163302336
0 0.21531588110556882 0.1504107309693401 0.01021711366538951 0.049971285796326356
0 0.1993516410033977 0.19016061739823603 0.047254150702426584 0.02952848706146556
