0 0.16103746475818695 0.277610367541807 0.029374201787994884 0.045428441633023973
0 0.09398765632906818 0.5876594816871953 0.030651340996168588 0.06132839620458248
0 0.14698893346827635 0.5410953290133457 0.019157088122605373 0.03634275330641906
0 0.16103746475818695 0.5547238615032527 0.006385696040868458 0.009085688326604861
0 0.16933886961131595 0.5331453517275666 0.00766283524904216 0.01589995457155827
0 0.19296594496252922 0.5501810173399505 0.008939974457215836 0.013628532489907197
0 0.2306415516036531 0.5615381277482066 0.035759897828863345 0.049971285796326356
0 0.31557130894720353 0.5899309037688465 0.17752234993614302 0.038614175388070326
0 0.4452009385768332 0.5944737479321488 0.028097062579821235 0.05224270787797752
0 0.48032226680160967 0.4899883321761937 0.00383141762452108 0.01135711040825603
0 0.4822379756138702 0.469545533441333 0.0 0.0022714220816510726
0 0.5358778223571652 0.5501810173399505 0.0 0.004542844163302526
