0 0.0 0.0 0.0 0.0
0 0.33855981469433 0.07545380227485055 0.01660280970625794 0.045428441633023925
0 0.33025840984120103 0.11293226662209538 0.0 -0.015899954571558364
0 0.42348957203788046 0.045925315213384985 0.017879948914431672 -0.027257064979814203
0 0.4394538121400515 0.024346805437698696 0.006385696040868538 0.024985642898163036
0 0.454140913034049 0.039111048968431476 0.005108556832694755 0.013628532489907197
0 0.45030949540952797 0.08226806851980414 0.0 0.0
0 0.45222520422178847 0.09476088996888576 0.0012771392081736754 0.002271422081651168
0 0.45477948263813583 0.10043944517301368 0.0012771392081737292 0.004542844163302336
0 0.4509480650136148 0.13451077639778172 0.0012771392081736754 0.013628532489907292
0 0.4464780777850068 0.13337506535695598 0.0025542784163474046 0.011357110408255839
0 0.4413695209523121 0.1322393543161305 0.005108556832694755 0.036342753306419256
0 0.44200809055639895 0.11406797766292087 0.00383141762452108 0.013628532489907376
0 0.4349838249114436 0.1356464874386073 0.0025542784163472975 0.01589995457155846
0 0.41965815441335935 0.08453949060145531 0.005108556832694755 0.018171376653209722
0 0.4368995337237042 0.07999664643815298 0.006385696040868431 0.027257064979814394
0 0.3794282693558881 0.09930373413218818 0.0012771392081736754 0.01135711040825603
0 0.3717654341068459 0.14359646472438645 0.0063856960408684845 0.018171376653209722
0 0.3653797380659775 0.14700359784686323 0.0012771392081737292 0.024985642898163324
0 0.3596326116291959 0.16744639658172403 0.005108556832694755 0.024985642898163133
0 0.29705279042868504 0.12769651015282799 0.0 0.02271422081651187
0 0.28747424636738234 0.15495357513264252 0.008939974457215836 0.03634275330641916
0 0.30918561290633506 0.15836070825511933 0.0012771392081736754 0.034071331224767895
0 0.3162098785512904 0.16176784137759612 0.005108556832694755 0.040885597469721494
