0 0.015443595026386177 0.4945311763394961 0.019157088122605363 0.04315701955137257
0 0.16359174317453432 0.534281062768392 0.024265644955300102 0.02271422081651187
0 0.15145892069688427 0.5433667510949968 0.03065134099616856 0.03179990914311673
0 0.19105023615026867 0.5558595725440785 0.010217113665389538 0.01589995457155827
0 0.21212303308513458 0.5638095498298576 0.02426564495530013 0.018171376653209628
0 0.1801945528807923 0.5422310400541712 0.02426564495530013 0.024985642898163227
0 0.20765304585652664 0.532009640686741 0.010217113665389538 0.013628532489907101
0 0.22489442516687147 0.5410953290133457 0.011494252873563213 0.022714220816512153
0 0.23702724764452154 0.5513167283807759 0.017879948914431697 0.024985642898163036
0 0.24085866526904265 0.5785737933605906 0.010217113665389565 0.01589995457155846
0 0.2651243102243428 0.5376881958908688 0.005108556832694755 0.015899954571558364
0 0.2868356767632955 0.56835239399316 0.01532567049808432 0.004542844163302526
0 0.3174870177594641 0.5615381277482064 0.01532567049808432 0.031799909143116825
0 0.875596851731367 0.5604024167073808 0.061302681992337175 0.05224270787797772
