0 0.127831845345671 0.2435390363170391 0.031928480204342274 0.09539972742935024
0 0.1489046422805369 0.20492486092896878 0.033205619412515965 0.049971285796326356
0 0.17955598327670547 0.1458678868060377 0.035759897828863345 0.04088559746972159
0 0.21212303308513458 0.26171041297024866 0.01660280970625797 0.0272570649798143
0 0.24916007012217165 0.2265033707046551 0.0191570881226054 0.015899954571558364
0 0.2574614749753006 0.1935677505207128 0.033205619412515965 0.027257064979814394
0 0.2868356767632955 0.2265033707046551 0.02043422733077902 0.015899954571558364
0 0.3174870177594641 0.2060605719697944 0.017879948914431672 0.015899954571558364
0 0.3104627521145088 0.1890249063574104 0.011494252873563187 0.018171376653209628
0 0.321957004988072 0.17426066282667763 0.05236270753512134 0.07495692869448939
0 0.3423912323188511 0.14359646472438647 0.02171136653895275 0.031799909143116825
0 0.3730425733150196 0.1526821530509913 0.019157088122605345 0.01817137665320953
0 0.42093529362153304 0.1470035978468632 0.01532567049808432 0.015899954571558555
0 0.43498382491144366 0.21968910445970155 0.02043422733077902 0.024985642898163133
