0 0.2153158811055688 0.3718743839303316 0.00766283524904216 0.0068142662449535985
0 0.1967973625870503 0.3150888318890517 0.008939974457215836 0.015899954571558364
0 0.19041166654618186 0.3241745202156565 0.00383141762452108 0.002271422081651263
0 0.2280872731873057 0.3253102312564822 0.00766283524904216 0.01817137665320953
0 0.25043720933034536 0.35029587415464525 0.0063856960408684845 0.022714220816511962
0 0.23575010843634786 0.4207099586858323 0.012771392081736943 0.022714220816511962
0 0.2836428287428613 0.4002671599509716 0.008939974457215836 0.022714220816511962
0 0.2957756512205113 0.38096007225693634 0.010217113665389565 0.020442798734860795
0 0.29896849924094554 0.41389569244087865 0.0012771392081736754 0.009085688326604766
0 0.3481383587556327 0.36278869560372684 0.0 0.002271422081651263
0 0.36410259885780377 0.3798243612161108 0.0012771392081736754 0.013628532489907101
0 0.35771690281693536 0.3900457605835412 0.008939974457215836 0.01135711040825603
0 0.3564397636087617 0.4173028255633556 0.00383141762452108 0.024985642898163133
0 0.33281268825754834 0.4388813353390419 0.01021711366538951 0.027257064979814394
0 0.3117398913226825 0.45478128991060024 0.006385696040868431 0.027257064979814394
0 0.4611651786790043 0.31736025397070294 0.003831417624521026 0.0068142662449535985
0 0.4586109002626569 0.38436720537941316 0.006385696040868377 0.013628532489907197
