0 0.23702724764452154 0.09589660100971134 0.012771392081736915 0.018171376653209722
0 0.4043324839152751 0.10043944517301377 0.02554278416347383 0.0545141299596286
0 0.42157386322561985 0.1186108218262233 0.0063856960408684845 0.013628532489907197
0 0.42923669847466206 0.11520368870374645 0.011494252873563187 0.02952848706146556
0 0.4675508747198728 0.12428937703035137 0.014048531289910592 0.038614175388070326
0 0.4688280139280464 0.09589660100971126 0.01149425287356324 0.02271422081651188
0 0.45988803947083057 0.1129322666220952 0.014048531289910592 0.0204427987348607
0 0.45222520422178847 0.1186108218262232 0.014048531289910645 0.03179990914311673
0 0.4528637738258753 0.14132504264273527 0.01532567049808432 0.02271422081651206
0 0.4509480650136148 0.12428937703035137 0.03192848020434226 0.038614175388070326
