0 0.9528637738258753 0.4820383548904145 0.10089399744572175 0.09994257159265253
0 0.8334512578616352 0.26966039025602784 0.05874840357598982 0.07041408453118711
0 0.9177424456010989 0.2503533025619926 0.04597701149425296 0.07722835077614065
0 0.6086747572230656 0.33893876374638926 0.02554278416347383 0.05451412995962869
0 0.6297475541579315 0.2003820167656664 0.103448275862069 0.11357110408255973
0 0.4490323562013542 0.2503533025619926 0.02554278416347383 0.03179990914311668
0 0.495647937299694 0.3571101403995989 0.03959131545338448 0.045428441633023925
0 0.512250747005952 0.38777433850189 0.0063856960408684845 0.015899954571558364
0 0.5007564941323888 0.40708142619592513 0.029374201787994856 0.049971285796326266
0 0.4675508747198728 0.4150314034817043 0.01660280970625794 0.038614175388070236
0 0.44839378659726736 0.393452893706018 0.02426564495530021 0.03634275330641916
0 0.6022890611821972 0.3809600722569364 0.02554278416347383 0.04769986371467509
0 0.5665291633533339 0.34234589686886613 0.02043422733077913 0.04769986371467505
0 0.2344729692281742 0.34121018582804047 0.022988505747126454 0.040885597469721494
