0 0.2791728415142534 0.6069665693812305 0.030651340996168588 0.03179990914311664
0 0.788751385575556 0.4672741113596817 0.05874840357598982 0.07041408453118696
0 0.6010119219740235 0.29805316627666784 0.017879948914431672 0.04088559746972154
0 0.5716377201860285 0.30827456564409816 0.005108556832694809 0.011357110408255934
0 0.5895176691004603 0.35483871831794767 0.025542784163473723 0.0272570649798143
0 0.5473720752307285 0.3741458060119828 -0.0025542784163474583 0.0068142662449535985
0 0.5333235439408178 0.3855029164202388 0.012771392081736969 0.05224270787797752
0 0.5346006831489916 0.3809600722569364 0.017879948914431565 0.04769986371467509
0 0.5167207342345599 0.3616529845629012 0.002554278416347351 0.013628532489907197
0 0.4260438504542278 0.3309887864606101 0.03831417624521069 0.04315701955137267
0 0.4611651786790043 0.4354742022165651 0.0063856960408684845 0.011357110408255934
0 0.44711664738909374 0.41389569244087876 0.011494252873563187 0.027257064979814394
0 0.45222520422178847 0.3809600722569364 -0.0012771392081736754 0.011357110408255934
0 0.355162624400588 0.3923171826651924 0.016602809706257996 0.02952848706146556
0 0.4190195848092725 0.38096007225693634 0.014048531289910592 0.020442798734860795
0 0.4400923817441384 0.4014028709917971 -0.03320561941251594 0.09767114951100135
0 0.42668242005831464 0.44796702366564667 0.01149425287356324 0.013628532489907197
0 0.42476671124605414 0.43433849117573947 0.002554278416347351 0.009085688326604766
0 0.38262111737632226 0.4559170009514259 0.012771392081736969 0.03407133122476799
0 0.4075253319357093 0.43660991325739074 0.008939974457215836 0.013628532489907197
0 0.4062481927275356 0.39913144891014596 0.00383141762452108 0.015899954571558364
0 0.6706160088194896 0.40140287099179717 0.029374201787994856 0.04315701955137267
0 0.46691230511578596 0.38550291642023876 0.03320561941251594 0.034071331224767895
