0 0.2057373370442661 0.35256729623629646 0.006385696040868458 0.027257064979814394
0 0.23383439962408734 0.3775529391344596 0.006385696040868458 0.01817137665320953
0 0.25618433576712696 0.365060117685378 0.00766283524904216 0.020442798734860795
0 0.26895572784886385 0.4173028255633556 0.012771392081736862 0.024985642898163133
0 0.31876415696763777 0.34802445207299404 0.01532567049808432 0.009085688326604766
0 0.330258409841201 0.3275816533381333 0.005108556832694755 0.018171376653209486
0 0.3641025988578038 0.36960296184868047 0.00383141762452108 0.0068142662449535985
0 0.23958152606086894 0.4082171372367508 0.00766283524904216 0.0068142662449535985
0 0.2338343996240873 0.3979957378693204 0.011494252873563213 0.01817137665320953
0 0.3002456384491193 0.4275242249307859 0.04214559386973182 0.045428441633023835
