0 0.7836428287428613 0.5172453971560081 0.04086845466155804 0.04769986371467509
0 0.7810885503265138 0.4809026438495889 0.02298850574712648 0.038614175388070236
0 0.6374103894069737 0.08794662372393207 0.03448275862068967 0.03861417538807024
0 0.557589188896118 0.13905362056108406 0.028097062579821183 0.04088559746972169
0 0.5096964685896046 0.16971781866337524 0.029374201787994856 0.04315701955137276
0 0.4739365707607412 0.21401054925557353 0.024265644955300262 0.0272570649798143
0 0.5103350381936914 0.18788919531658482 0.01021711366538951 0.05224270787797752
0 0.45222520422178847 0.06523240290742019 0.037037037037037014 0.056785552041279955
0 0.3238727138003325 0.01526111711109393 0.06385696040868452 0.06587124036788462
0 0.38389825658449594 0.1061180003771417 0.01532567049808432 0.04315701955137276
0 0.37304257331501967 0.13110364327530497 0.016602809706257996 0.020442798734860795
0 0.30982418251042193 0.11861082182622326 0.022988505747126426 0.054514129959628885
0 0.31429416973902985 0.28328892274593503 0.011494252873563187 -0.011357110408255934
0 0.3283427010289404 0.288967477950063 0.0012771392081736754 0.0
0 0.34558408033928534 0.2787460785826326 0.030651340996168588 0.04769986371467514
0 0.31748701775946414 0.21968910445970158 0.00766283524904216 0.0068142662449535985
0 0.31046275211450874 0.1969748836431896 0.019157088122605345 0.029528487061465467
0 0.3264269922166799 0.2083319940514456 0.012771392081736915 0.024985642898163227
0 0.37304257331501967 0.20719628301061999 0.014048531289910592 0.03634275330641906
0 0.21020732427287403 0.07431809123402497 0.015325670498084294 0.0204427987348607
0 0.28619710715920865 0.05614671458081534 0.02171136653895275 0.038614175388070236
0 0.3334512578616352 0.06068955874411786 0.01660280970625794 0.024985642898163227
0 0.5199135822549942 0.23899619215373674 0.014048531289910538 0.01817137665320953
0 0.5869633906841129 0.25943899088859745 0.005108556832694702 0.01817137665320958
0 0.5709991505819417 0.2810175006642838 0.021711366538952698 0.024985642898163227
0 0.5422635183980338 0.30373172148079575 0.01532567049808432 0.006814266244953503
0 0.5275764175040362 0.2730675233785046 0.019157088122605345 0.013628532489907292
0 0.5537577712715969 0.3332602085422613 0.035759897828863345 0.020442798734860795
0 0.5224678606713414 0.2980531662766677 0.044699872286079176 0.03179990914311673
