0 0.12719327574158412 0.14018933160190963 0.04853128991060027 0.043157019551372855
0 0.33855981469432994 0.24581045839869026 0.024265644955300047 0.04088559746972145
0 0.1884959577339213 0.15041073096934007 0.017879948914431672 0.0272570649798143
0 0.16486888238270803 0.37187438393033156 0.02426564495530013 0.05224270787797752
0 0.2306415516036531 0.37301009497115717 0.01021711366538951 0.03634275330641916
0 0.14571179426010267 0.2923746110725398 0.008939974457215836 0.015899954571558364
0 0.18785738812983446 0.3037317214807958 0.016602809706257996 0.02952848706146561
0 0.2108458938769609 0.32417452021565657 0.00383141762452108 0.011357110408255886
0 0.2274487035832189 0.30259601043997014 0.008939974457215836 0.022714220816511917
0 0.2542686269548664 0.32531023125648206 0.006385696040868431 0.0272570649798143
0 0.25235291814260585 0.35938156248125 0.0 0.0
0 0.16678459119496855 0.5501810173399504 0.03831417624521072 0.05905697412293103
0 0.16231460396636063 0.585388059605544 0.014048531289910618 0.03861417538807052
0 0.12336185811706307 0.5626738387890321 0.01277139208173693 0.02952848706146556
0 0.24149723487312946 0.5831166375238929 0.008939974457215862 0.03407133122476819
0 0.2472443613099111 0.5433667510949969 0.00766283524904216 0.004542844163302336
0 0.21850872912600303 0.5388239069316945 0.014048531289910618 0.03179990914311673
0 0.19488165377478975 0.5433667510949969 0.0025542784163474046 0.0
0 0.2095687546687872 0.5376881958908689 0.003831417624521053 0.002271422081651168
0 0.21659302031374247 0.574030949197288 0.010217113665389538 0.024985642898163324
0 0.20318305862791872 0.5978808810546257 0.019157088122605373 0.027257064979814203
0 0.17636313525627123 0.6001523031362768 0.014048531289910592 0.02271422081651187
0 0.3513312067760669 0.6058308583404048 0.014048531289910592 0.03861417538807014
0 0.3270655618207668 0.5717595271156367 0.014048531289910645 0.020442798734860795
0 0.6144218836598473 0.5831166375238929 0.021711366538952698 0.0204427987348607
0 0.6463503638641895 0.5990165920954513 0.008939974457215836 0.01589995457155827
0 0.6635917431745343 0.5728952381564625 -0.0025542784163474583 0.0
0 0.7440515132894769 0.5501810173399503 0.017879948914431672 0.03179990914311673
