0 0.032684974336731 0.12315366598952564 0.020434227330779053 0.02271422081651187
0 0.04737207523072845 0.1401893316019097 0.024265644955300123 0.024985642898163227
0 0.08504768187185234 0.14018933160190963 0.02043422733077905 0.03407133122476819
0 0.05631204968794429 0.2526247246436439 0.019157088122605373 0.004542844163302383
0 0.10675904841080508 0.24013190319456232 0.012771392081736901 0.034071331224767895
0 0.09654193474541556 0.26057470192942306 0.017879948914431672 0.03407133122476799
0 0.1916888057543555 0.23899619215373674 0.021711366538952726 0.01817137665320953
0 0.17636313525627123 0.26966039025602784 0.02426564495530013 0.011357110408255934
0 0.16231460396636063 0.288967477950063 0.019157088122605373 0.027257064979814394
0 0.14315751584375527 0.3253102312564821 0.019157088122605345 0.022714220816511962
