0 0.5084193293814309 0.672837809749115 0.05491698595146874 0.08631403910274552
0 0.0690834417696812 0.4400170463798675 0.021711366538952743 0.056785552041279864
0 0.07930055543507072 0.5149739750743568 0.02426564495530013 0.02952848706146556
0 0.09654193474541554 0.5410953290133456 0.012771392081736915 0.013628532489907292
0 0.11761473168028146 0.5819809264830672 0.011494252873563227 0.009085688326604861
0 0.1348561109906263 0.5740309491972879 0.015325670498084294 0.038614175388070326
0 0.12974755415793152 0.5161096861151824 0.0 0.0
0 0.1418803766355816 0.5445024621358225 0.0012771392081737023 0.01589995457155846
0 0.1616760343622738 0.5728952381564625 0.0 0.0
0 0.16550745198679487 0.5388239069316945 0.0 0.0
0 0.06525202414516013 0.5604024167073809 0.008939974457215836 0.024985642898163227
