0 0.16486888238270803 0.08453949060145532 0.011494252873563213 0.04542844163302375
0 0.2165930203137425 0.08453949060145531 0.015325670498084294 0.018171376653209722
0 0.22361728595869781 0.10952513349961854 0.0012771392081736754 0.03179990914311673
0 0.18466454010940023 0.19811059468401518 0.017879948914431672 0.040885597469721494
0 0.1827488312971397 0.12656079911200244 0.01660280970625797 0.03861417538807051
0 0.18466454010940023 0.22082481550052713 0.015325670498084294 0.018171376653209628
0 0.30982418251042193 0.23786048111291108 0.01021711366538951 0.020442798734860795
0 0.3328126882575484 0.18788919531658482 0.030651340996168588 0.024985642898163133
0 0.3660183076700643 0.2003820167656664 0.012771392081736915 0.03634275330641906
0 0.3500540675678932 0.24581045839869028 0.011494252873563187 0.022714220816511962
0 0.29769136003277186 0.1572249972142937 0.008939974457215836 -0.013628532489907101
0 0.2759799934938192 0.08453949060145541 0.008939974457215836 0.04088559746972159
0 0.11889187088845514 0.04251818209090823 0.02681992337164752 0.04315701955137276
0 0.12974755415793152 0.0720466691523738 0.02043422733077905 0.02952848706146537
0 0.19105023615026867 0.016396828151919517 0.02043422733077905 0.0408855974697214
0 0.23383439962408734 0.04933244833586183 0.006385696040868458 0.006814266244953503
0 0.23638867804043473 0.05160387041751309 0.008939974457215836 0.04315701955137276
