0 0.06652916335333381 0.08453949060145541 0.037037037037037035 0.08631403910274534
0 0.09526479553724188 0.09816802309136251 0.03831417624521073 0.05905697412293112
0 0.1380489590110605 0.09589660100971134 0.006385696040868458 0.013628532489907006
0 0.1578446167377527 0.1401893316019097 0.010217113665389538 0.024985642898163227
0 0.20765304585652664 0.1969748836431896 0.028097062579821207 0.0613283962045822
0 0.2606543229957349 0.15836070825511916 0.02171136653895275 0.03861417538807052
0 0.13549468059471315 0.21968910445970155 0.021711366538952726 0.024985642898163133
0 0.23000298199956626 0.4786312217679377 0.01660280970625797 0.04315701955137267
0 0.19935164100339767 0.4570527119922514 0.03448275862068967 0.0545141299596286
0 0.3225955745921589 0.3298530754197845 0.02043422733077902 0.03634275330641916
0 0.37048829489867224 0.3855029164202388 0.014048531289910592 0.024985642898163133
0 0.39219966143762497 0.42184566972665793 0.014048531289910592 0.015899954571558364
