0 0.09398765632906816 0.5456381731766481 0.08684546615581097 0.08177119493944308
0 0.17317028723583702 0.37073867288950607 0.053639846743295014 0.06814266244953589
0 0.09271051712089448 0.46045984511472826 0.028097062579821194 0.015899954571558364
0 0.2721485758692981 0.4899883321761937 0.04980842911877393 0.038614175388070424
0 0.2702328670570376 0.4479670236656467 0.03320561941251594 0.040885597469721494
0 0.2861971071592087 0.5058882867477521 0.04725415070242653 0.05224270787797743
0 0.33153554904937466 0.500209731543624 0.03831417624521064 0.03179990914311673
0 0.3283427010289405 0.5047525757069266 0.03192848020434226 0.027257064979814203
0 0.32131843538398513 0.46159555615555375 0.0434227330779055 0.04997128579632617
0 0.3609097508373696 0.4491027347064722 0.015325670498084266 0.02952848706146556
0 0.35260834598424057 0.3457530299913429 0.04980842911877393 0.045428441633023925
0 0.40369391431118823 0.47749551072711216 0.011494252873563187 0.018171376653209437
0 0.38134397816814863 0.4956668873803217 0.017879948914431672 0.02271422081651206
0 0.3953925094580592 0.5274667965234384 0.012771392081736862 0.02271422081651206
0 0.4119953191643172 0.5433667510949969 0.012771392081736862 0.009085688326604766
0 0.4630808874912648 0.4888526211353682 0.035759897828863345 0.040885597469721494
0 0.5729148593942024 0.5081597088294034 0.030651340996168532 0.03407133122476799
0 0.6904116665461818 0.5047525757069266 0.02298850574712648 0.04088559746972169
0 0.3781511301477144 0.5308739296459152 0.02937420178799491 0.02952848706146556
