0 0.36346402925371696 0.40253858203262277 0.01532567049808432 0.049971285796326356
0 0.35835547242102217 0.35938156248125 0.01021711366538951 0.027257064979814394
0 0.34111409311067736 0.376417228093634 0.026819923371647507 0.034071331224767895
0 0.09015623870454711 0.18675348427575925 0.04853128991060026 0.03634275330641916
0 0.06972201137376804 0.29578174419501657 0.06385696040868455 0.05451412995962865
0 0.15529033832140535 0.34575302999134283 0.03831417624521072 0.06359981828623346
0 0.2970527904286851 0.17312495178585205 0.015325670498084266 0.049971285796326356
0 0.4822379756138702 0.29805316627666784 0.017879948914431672 0.03634275330641911
0 0.5013950637364756 0.14359646472438642 0.02554278416347383 0.05451412995962879
0 0.5250221390876889 0.11406797766292097 0.026819923371647507 0.08177119493944299
