0 0.5607820369165524 0.5604024167073808 0.13409961685823765 0.06587124036788472
0 0.6003733523699366 0.5933380368913233 0.044699872286079176 0.04542844163302402
0 0.6003733523699366 0.6637521214225103 0.08812260536398457 0.059056974122930934
0 0.47329800115665444 0.6262736570752656 0.06385696040868458 0.0204427987348607
0 0.26512431022434274 0.5649452608706833 0.028097062579821183 0.043157019551372855
0 0.21467731150148195 0.5774380823197648 0.0421455938697318 0.03634275330641916
0 0.2363886780404347 0.5274667965234384 0.02171136653895275 0.03179990914311673
0 0.39475393985397234 0.5956094589729745 0.05236270753512134 0.05451412995962869
0 0.43051383768283574 0.6807877870348942 0.03959131545338442 0.05224270787797743
0 0.46052660907491744 0.7228090955454414 0.061302681992337175 0.045428441633023925
