0 0.053119201667510066 0.38436720537941316 0.015325670498084294 0.03179990914311673
0 0.16806173040314223 0.5649452608706832 0.015325670498084266 0.034071331224767895
0 0.2178701595219162 0.5206525302784848 0.007662835249042133 0.04088559746972159
0 0.5646134545410733 0.5524524394216017 0.021711366538952805 0.03179990914311673
0 0.42923669847466206 0.5410953290133457 0.029374201787994856 0.022714220816512153
0 0.15976032555001324 0.5263310854826129 0.014048531289910592 0.006814266244953503
0 0.27023286705703753 0.4968025984211473 0.005108556832694755 0.038614175388070236
0 0.3372826754861563 0.4661384003188562 -0.0012771392081736754 -0.0272570649798143
0 0.3283427010289405 0.40594571515509953 0.014048531289910592 0.038614175388070326
0 0.1533746295091448 0.05501100353998984 0.019157088122605373 0.027257064979814203
0 0.3257884226125931 0.32758165333813327 0.00383141762452108 0.013628532489907197
