0 0.5761077074146366 0.5013454425844497 0.0063856960408684845 0.02952848706146556
0 0.5275764175040362 0.4104885593184019 0.0012771392081736754 0.002271422081651263
0 0.49500936769560716 0.4366099132573906 0.005108556832694809 0.009085688326604766
0 0.5013950637364756 0.37982436121611085 0.0 0.0
0 0.5090578989855178 0.3434816079096917 0.00766283524904216 0.004542844163302336
0 0.5486492144389022 0.3014602993991446 -0.002554278416347351 -0.006814266244953646
0 0.5243835694836021 0.19470346156153837 0.01532567049808432 0.02952848706146556
0 0.5020336333405625 0.2526247246436439 0.021711366538952805 0.022714220816511962
0 0.4994793549242151 0.26284612401107427 0.008939974457215836 0.015899954571558413
0 0.5001179245283018 0.27420323441933026 0.017879948914431672 0.024985642898163133
0 0.43306811609918316 0.3128174098074005 0.016602809706257996 0.034071331224767895
0 0.412633888768404 0.1992463057248408 0.019157088122605345 0.034071331224767895
0 0.4758522795730018 0.3480244520729941 0.017879948914431777 0.040885597469721494
0 0.4835151148220439 0.35483871831794767 0.017879948914431672 0.022714220816511962
0 0.4554180522422227 0.3889100495427156 0.0 0.0045428441633024305
0 0.4694665835321333 0.41048855931840195 0.005108556832694755 0.011357110408255934
0 0.47521370996891493 0.475224088645461 0.014048531289910592 0.027257064979814394
0 0.4515866346177016 0.4956668873803217 -0.005108556832694755 -0.02271422081651206
0 0.42348957203788046 0.40821713723675074 0.0 0.002271422081651168
0 0.42093529362153304 0.5013454425844496 0.0 0.002271422081651168
0 0.3896453830212776 0.49112404321701936 0.011494252873563187 0.03179990914311673
0 0.375596851731367 0.4161671145225299 0.014048531289910592 0.01817137665320953
0 0.3526083459842406 0.3730100949711572 0.008939974457215836 0.013628532489907197
0 0.35452405479650106 0.39686002682849475 0.007662835249042214 0.011357110408255934
0 0.3277041314248536 0.4173028255633555 -0.002554278416347351 0.002271422081651168
0 0.30279991686546665 0.37755293913445953 0.006385696040868431 0.013628532489907197
0 0.27023286705703753 0.32871736437895893 0.0 0.020442798734860653
0 0.305354195281814 0.3116816987665749 0.0012771392081736754 0.004542844163302336
0 0.28938995517964294 0.41048855931840195 0.0 0.0068142662449535985
0 0.09526479553724186 0.4366099132573906 0.0 0.009085688326604766
0 0.09909621316176292 0.46840982240050744 0.0 0.0
0 0.11250617484758668 0.49225975425784496 0.006385696040868445 0.006814266244953503
0 0.1450732246560158 0.5206525302784848 0.0025542784163473777 0.004542844163302526
0 0.1546517687173185 0.5479095952582991 0.016602809706257996 0.027257064979814394
0 0.1859416793175739 0.4831740659312401 0.01021711366538951 -0.006814266244953503
0 0.20893018506470037 0.46045984511472826 0.007662835249042133 0.015899954571558364
0 0.29896849924094554 0.45478128991060024 0.0012771392081736754 0.004542844163302336
0 0.3398369539025036 0.47068124448215853 0.014048531289910592 0.0272570649798143
0 0.36346402925371696 0.5047525757069264 0.0 0.004542844163302526
0 0.34749978915154583 0.5433667510949969 0.0012771392081737292 0.0
0 0.3111013217185956 0.49793830946197287 0.0 0.004542844163302336
0 0.30726990409407456 0.4763597996862866 0.005108556832694755 0.006814266244953503
0 0.2900285247837297 0.486581199053717 0.01149425287356324 0.01817137665320953
0 0.2727871454733849 0.5297382186050896 0.0 0.0
0 0.2944985120123377 0.5365524848500433 0.017879948914431672 0.013628532489907197
0 0.3021613472613798 0.5161096861151824 0.0 0.0
0 0.2778957023060797 0.5683523939931601 0.0 0.0
0 0.2504372093303453 0.5626738387890319 0.0012771392081736754 0.002271422081651168
0 0.26831715824477703 0.5388239069316944 -0.024265644955300154 -0.02271422081651187
0 0.23447296922817418 0.5183811081968336 0.005108556832694755 0.004542844163302526
0 0.2165930203137425 0.5206525302784849 0.007662835249042133 0.009085688326604956
0 0.22617156437504518 0.560402416707381 0.006385696040868431 0.01589995457155827
0 0.20062878021157135 0.5490453062991248 0.0012771392081737023 0.0022714220816510726
0 0.19488165377478975 0.5501810173399503 0.0 0.0
0 0.25299148774669267 0.4400170463798675 0.008939974457215836 0.002271422081651168
