0 0.31557130894720353 0.5388239069316946 0.23627075351213284 0.12265679240916467
0 0.6623146039663607 0.2901031889908886 0.012771392081736862 0.02952848706146561
0 0.6635917431745344 0.31736025397070294 0.00766283524904216 0.024985642898163084
0 0.664868882382708 0.3253102312564821 0.002554278416347351 0.0045428441633024305
0 0.656567477529579 0.36051727352207563 0.011494252873563187 0.034071331224767895
0 0.7287258427913925 0.3321244975014358 0.002554278416347351 0.0
0 0.7478829309139979 0.23899619215373671 0.007662835249042052 0.013628532489907197
0 0.7338343996240874 0.2276390817454807 0.0025542784163474583 0.0
0 0.8998624966866671 0.22423194862300394 0.012771392081736969 0.024985642898163227
0 0.8775125605436275 0.22423194862300394 0.0038314176245211337 0.01135711040825603
0 0.9017782054989276 0.24808188048034147 0.019157088122605345 0.03179990914311673
0 0.8979467878744065 0.27306752337850465 0.008939974457215836 0.009085688326604814
0 0.8902839526253644 0.2878317669092374 0.006385696040868377 0.02952848706146556
0 0.9266824200583146 0.2866960558684118 0.007662835249042052 0.004542844163302336
0 0.94583950818092 0.2514890136028183 0.01532567049808432 0.024985642898163133
0 0.9637194570953517 0.22991050382713196 0.0 0.0
0 0.9701051531362201 0.3071388546032726 0.002554278416347351 0.004542844163302383
0 0.9905393804669992 0.2787460785826326 0.0025542784163475655 0.020442798734860747
0 0.9726594315525676 0.33893876374638926 0.0 0.0
0 0.9630808874912649 0.31622454292987734 0.016602809706257996 0.018171376653209628
