0 0.10356620039037086 0.4491027347064723 0.011494252873563227 0.038614175388070326
0 0.95797233065857 0.05160387041751309 0.011494252873563187 0.0204427987348607
0 0.879428269355888 0.053875292499164264 0.01021711366538951 0.015899954571558364
0 0.8915610918335382 0.0379753379276059 0.006385696040868377 0.0204427987348607
0 0.8787896997518012 0.10952513349961844 0.0038314176245211337 0.013628532489907197
0 0.8270655618207668 0.07886093539732739 -0.002554278416347351 0.020442798734860892
0 0.7836428287428613 0.07318238019319928 0.017879948914431672 0.027257064979814394
0 0.788751385575556 0.16403926345924727 0.01021711366538951 0.0272570649798143
0 0.8232341441962456 0.1935677505207128 0.015325670498084212 0.027257064979814394
0 0.7906670943878165 0.2548961467252951 0.011494252873563187 0.06359981828623346
0 0.7568229053712138 0.21287483821474795 0.02043422733077902 0.020442798734860795
0 0.7708714366611245 0.1799392180308056 0.017879948914431672 0.03179990914311673
0 0.7549071965589532 0.17312495178585205 0.008939974457215836 0.0272570649798143
0 0.7395815260608689 0.26284612401107427 0.014048531289910645 0.034071331224767944
0 0.7159544507096556 0.1629035524184217 0.017879948914431672 0.024985642898163133
0 0.6942430841707029 0.18107492907163122 0.03065134099616864 0.0613283962045822
0 0.7287258427913925 0.1186108218262233 0.02043422733077902 0.036342753306419256
0 0.7178701595219162 0.1401893316019097 0.016602809706257996 0.02952848706146556
0 0.7076530458565268 0.09021804580558333 0.021711366538952698 0.05224270787797743
0 0.7121230330851346 0.04592531521338508 0.0 0.0
0 0.6878573881298344 0.045925315213384985 0.002554278416347351 0.013628532489907197
0 0.6718931480276633 0.09135375684640891 0.031928480204342205 0.049971285796326266
0 0.6961587929829636 0.1458678868060376 0.0012771392081737827 0.013628532489907388
0 0.7172315899178294 0.22423194862300394 -0.017879948914431672 -0.002271422081651168
0 0.6795559832767055 0.23558905903125993 0.014048531289910538 0.03407133122476799
0 0.6967973625870503 0.30600314356244696 0.005108556832694809 0.011357110408255934
0 0.6399646678233211 0.30941027668492377 0.0012771392081736754 0.0
0 0.631663262970192 0.24581045839869026 0.02043422733077902 0.04088559746972145
0 0.6457117942601027 0.2003820167656664 0.030651340996168532 0.049971285796326266
0 0.6616760343622737 0.16517497450007293 0.019157088122605345 0.04769986371467509
0 0.6642303127786212 0.13451077639778167 0.019157088122605345 0.036342753306419256
0 0.6297475541579315 0.08453949060145531 0.008939974457215836 0.027257064979814394
0 0.6610374647581869 0.08226806851980414 0.0 0.0
0 0.4879851020506518 0.031161071682652294 0.026819923371647507 0.06132839620458229
0 0.5199135822549942 0.14700359784686318 0.014048531289910538 0.047699863714675286
0 0.5678063025615075 0.13337506535695615 0.022988505747126374 0.056785552041279864
0 0.5965419347454156 0.1969748836431896 0.008939974457215836 0.024985642898163133
0 0.6271932757415841 0.14927501992851444 0.014048531289910538 0.03407133122476809
0 0.6016504915781103 0.2265033707046551 0.0012771392081736754 0.002271422081651168
0 0.5888790994963735 0.2458104583986903 0.026819923371647507 0.018171376653209486
0 0.5997347827658498 0.29691745523584223 0.012771392081736862 0.015899954571558413
0 0.5984576435576762 0.3264459422973077 0.00766283524904216 0.024985642898163133
0 0.6208075797007157 0.33326020854226135 0.008939974457215836 0.029528487061465516
0 0.5850476818718524 0.3673315397670292 0.0063856960408684845 0.0204427987348607
0 0.5729148593942023 0.40140287099179717 0.0 0.002271422081651168
0 0.5473720752307285 0.38891004954271563 0.00766283524904216 0.01817137665320953
0 0.5754691378105496 0.29123890003171427 0.005108556832694809 0.004542844163302478
0 0.5690834417696813 0.3241745202156566 0.010217113665389618 0.015899954571558413
0 0.5588663281042916 0.35370300727712206 0.01021711366538951 0.002271422081651168
0 0.5231064302754284 0.3775529391344596 0.012771392081736969 0.049971285796326266
0 0.5492877840429891 0.2696603902560278 0.0012771392081736754 0.006814266244953646
0 0.5639748849369866 0.21514626029639916 -0.02298850574712648 -0.0204427987348607
0 0.5058650509650835 0.21514626029639913 0.006385696040868377 0.024985642898163133
0 0.49437079809152035 0.13905362056108406 0.016602809706257996 0.04542844163302402
0 0.4592494698667438 0.1663106855408985 0.0 0.0
0 0.4298752680787489 0.18334635115328246 0.017879948914431672 0.034071331224767895
0 0.4618037482830912 0.2037891498881432 0.00766283524904216 0.029528487061465467
0 0.45797233065857007 0.25035330256199273 0.0 0.0045428441633024305
0 0.4790451275934359 0.27420323441933026 0.0012771392081736754 0.01135711040825603
0 0.44903235620135423 0.21060341613309674 0.00766283524904216 0.015899954571558364
0 0.42859812887057525 0.2560318577661207 0.00766283524904216 -0.015899954571558364
0 0.3615483204414564 0.22650337070465515 0.006385696040868431 0.020442798734860795
0 0.3941153702498855 0.30713885460327256 0.02043422733077902 0.049971285796326405
0 0.4496709258054411 0.2912389000317142 0.014048531289910592 0.022714220816511917
0 0.4835151148220439 0.29578174419501657 0.017879948914431672 0.03634275330641906
0 0.43051383768283574 0.376417228093634 0.008939974457215836 0.0204427987348607
0 0.4056096231234487 0.37528151705280843 0.00766283524904216 0.01817137665320953
0 0.3890068134171908 0.3253102312564821 0.01532567049808432 0.03179990914311673
0 0.3609097508373696 0.33893876374638926 0.0 0.0
0 0.3347283970698089 0.30486743252162135 0.00383141762452108 0.009085688326604766
0 0.3762354213354539 0.3718743839303316 0.002554278416347351 0.0068142662449535985
0 0.4119953191643172 0.44683131262482106 0.002554278416347351 0.01135711040825603
0 0.37878969975180127 0.44455989054316986 0.010217113665389565 0.0068142662449535985
0 0.4056096231234488 0.45478128991060024 0.0 0.004542844163302336
0 0.3819825477722355 0.44115275742069304 -0.0012771392081736754 0.0
0 0.3615483204414564 0.4513741567881234 0.014048531289910592 0.020442798734860795
0 0.3487769283597195 0.4809026438495889 -0.008939974457215836 0.011357110408255839
0 0.3379212450902431 0.509295419870229 0.0 0.0
0 0.31812558736355095 0.46386697823720496 -0.011494252873563187 0.013628532489907101
0 0.33536696667389576 0.4036742930734484 0.01532567049808432 0.03407133122476799
0 0.3443069411311116 0.4275242249307859 0.0 0.0045428441633024305
0 0.33025840984120103 0.41957424764500667 0.0 0.002271422081651263
0 0.33855981469433 0.3855029164202388 0.0012771392081737292 0.011357110408255934
0 0.29960706884503246 0.35029587415464525 0.03831417624521069 0.040885597469721494
0 0.28491996795103497 0.37868865017528525 0.01660280970625794 0.024985642898163133
0 0.32514985300850624 0.4275242249307859 0.0 -0.0045428441633024305
0 0.3047156256777272 0.4354742022165651 0.005108556832694809 0.020442798734860795
0 0.28236568953468755 0.41162427035922755 0.0012771392081736754 0.0
0 0.25937718378756114 0.3775529391344596 0.0012771392081736754 0.0
0 0.2721485758692981 0.3196316760523541 0.006385696040868431 0.0204427987348607
0 0.2248944251668715 0.32190309813400536 0.003831417624521053 0.011357110408255934
0 0.1744474264440107 0.3730100949711572 0.0 0.0
0 0.20893018506470037 0.36733153976702926 0.007662835249042133 0.034071331224767895
0 0.23830438685269523 0.38777433850188997 0.0 0.002271422081651263
0 0.2619314622039085 0.3718743839303316 0.006385696040868377 0.0068142662449535985
0 0.23447296922817418 0.43206706909408826 0.0 0.0
0 0.2555457661630401 0.5104311309110544 -0.0012771392081736754 -0.020442798734860892
0 0.2676785886406902 0.43093135805326266 0.00766283524904216 0.015899954571558364
0 0.27917284151425337 0.44796702366564667 0.0 0.009085688326604766
0 0.2734257150774717 0.469545533441333 0.0012771392081736754 0.0022714220816510726
0 0.2830042591387744 0.5138382640335313 0.0 0.004542844163302336
0 0.2593771837875612 0.5138382640335313 -0.0012771392081736754 -0.009085688326604672
0 0.23702724764452154 0.5251953744417873 0.0 0.004542844163302336
0 0.24213580447721633 0.5229239523601361 0.0 0.0045428441633024305
0 0.23447296922817418 0.47181695552298414 0.0 0.0022714220816513584
0 0.2140387418973951 0.46954553344133293 0.010217113665389538 -0.0022714220816510726
0 0.1744474264440107 0.39572431578766915 0.002554278416347351 0.009085688326604766
0 0.17764027446444494 0.4320670690940883 0.011494252873563213 0.022714220816511962
0 0.1916888057543555 0.452509867828949 0.003831417624521053 0.009085688326604766
0 0.1770017048603581 0.46840982240050744 0.0025542784163474046 0.009085688326604861
0 0.19807450179522398 0.47635979968628656 0.011494252873563213 0.01589995457155827
0 0.20509876744017927 0.4661384003188562 0.0025542784163473777 0.0045428441633024305
0 0.22042443793826355 0.5274667965234384 0.0 0.0
0 0.19232737535844235 0.5263310854826128 0.012771392081736915 0.015899954571558364
0 0.19360451456661606 0.5274667965234385 0.03065134099616856 0.040885597469721494
0 0.13996466782332104 0.5206525302784849 0.0 0.0
0 0.18338740090122652 0.5149739750743568 -0.012771392081736915 -0.038614175388070236
0 0.16295317357044747 0.4945311763394961 0.010217113665389538 0.020442798734860892
0 0.14443465505192896 0.48658119905371694 0.0012771392081737023 0.004542844163302526
0 0.1520974903009711 0.4786312217679378 0.0012771392081736754 0.002271422081651168
0 0.1418803766355816 0.486581199053717 0.00383141762452108 0.045428441633023925
0 0.17253171763175018 0.5410953290133457 0.0012771392081737023 0.0
0 0.14954321188462372 0.5501810173399506 -0.011494252873563213 -0.004542844163302526
0 0.13996466782332104 0.5297382186050896 0.0 0.0
0 0.11889187088845515 0.5172453971560079 0.016602809706257996 0.034071331224767895
