0 0.13677181980288683 0.4638669782372051 0.019157088122605345 0.049971285796326356
0 0.12974755415793152 0.49225975425784485 0.015325670498084294 0.015899954571558364
0 0.08504768187185233 0.46613840031885617 0.010217113665389525 0.009085688326604672
0 0.2855585375551218 0.475224088645461 0.020434227330779077 0.027257064979814394
0 0.30790847369816143 0.47408837760463535 0.02171136653895275 0.0204427987348607
0 0.3149327393431167 0.5024811536252753 0.015325670498084266 0.027257064979814203
0 0.34813835875563265 0.4843097769720658 0.012771392081736915 0.013628532489907197
0 0.3353669666738958 0.5206525302784849 0.00766283524904216 0.009085688326604956
0 0.32387271380033256 0.5376881958908689 0.022988505747126426 0.029528487061465658
0 0.36729544687823806 0.48998833217619375 0.02298850574712648 0.024985642898163036
0 0.3851753957926697 0.5251953744417871 0.01532567049808432 0.01817137665320953
0 0.41007961035205664 0.5490453062991248 0.03192848020434226 0.024985642898163036
0 0.4400923817441384 0.5672166829523344 0.01021711366538951 0.024985642898163133
0 0.4075253319357093 0.5626738387890321 0.021711366538952698 0.02952848706146556
0 0.38709110460493024 0.5547238615032528 0.026819923371647507 0.04088559746972169
0 0.892199661437625 0.4491027347064722 0.022988505747126374 0.02952848706146556
0 0.9273209896624015 0.4684098224005073 0.029374201787994964 0.03634275330641906
0 0.9694665835321334 0.5535881504624274 0.0012771392081737827 0.0022714220816510726
0 0.9177424456010987 0.500209731543624 0.020434227330778914 0.03179990914311673
0 0.9171038759970119 0.5115668419518801 0.014048531289910645 0.02271422081651206
0 0.9075253319357093 0.5206525302784848 0.02554278416347383 0.04088559746972159
0 0.8947539398539723 0.4888526211353682 0.015325670498084212 0.03179990914311673
0 0.883898256584496 0.46727411135968183 0.014048531289910645 0.024985642898163133
0 0.879428269355888 0.47749551072711216 0.00766283524904216 0.018171376653209437
0 0.8768739909395408 0.48771691009454254 0.02043422733077913 0.024985642898163036
0 0.8807054085640618 0.5161096861151825 0.002554278416347351 0.009085688326604861
0 0.8787896997518012 0.5479095952582993 0.0012771392081736754 0.0
0 0.8628254596496301 0.5217882413193105 0.0 0.002271422081651168
0 0.8519697763801537 0.4956668873803217 0.011494252873563187 0.018171376653209722
0 0.855162624400588 0.475224088645461 0.01532567049808432 0.027257064979814394
0 0.8558011940046749 0.4547812899106002 0.024265644955300154 0.03179990914311664
0 0.9158267367888382 0.5694881050339856 0.011494252873563187 0.002271422081651168
