0 0.9317909768910094 0.5967451700137999 0.04597701149425285 0.05678555204127977
0 0.7951370816164245 0.6285450791569167 -0.04597701149425285 -0.061328396204582386
0 0.7925828032000771 0.5774380823197649 0.0 0.013628532489907292
0 0.7268101339791321 0.5399596179725201 0.019157088122605345 0.029528487061465467
0 0.5569506192920312 0.5819809264830673 0.04980842911877388 0.059056974122930934
0 0.5895176691004602 0.627409368116091 0.01021711366538951 0.03179990914311673
0 0.5658905937492469 0.718266251382139 0.011494252873563187 0.07268550661283812
0 0.5633363153328996 0.7443876053211276 0.04725415070242653 0.07949977285779182
0 0.5658905937492469 0.7682375371784653 0.011494252873563187 0.013628532489907197
0 0.565890593749247 0.7909517579949771 0.05491698595146869 0.07268550661283832
0 0.5103350381936915 0.7443876053211278 0.03065134099616864 0.06587124036788462
0 0.512250747005952 0.7852732027908491 0.024265644955300154 0.038614175388070236
0 0.4273209896624015 0.7375733390761741 0.03320561941251594 0.056785552041279955
0 0.3813439781681487 0.7625589819743372 0.04853128991060026 0.06587124036788472
0 0.4266824200583147 0.8829443523018504 0.024265644955300102 0.034071331224767895
0 0.46755087471987283 0.817073111933966 0.03448275862068972 0.05224270787797743
0 0.5026722029446493 0.870451530852769 -0.028097062579821183 -0.03179990914311673
0 0.7606543229957349 0.6467164558101264 0.012771392081736862 0.0204427987348607
0 0.7849199679510349 0.6739735207899407 0.035759897828863345 0.04769986371467509
0 0.8647411684618906 0.7091805630555341 0.0012771392081736754 0.0
