0 0.1546517687173185 0.04819673729503625 0.026819923371647507 0.04542844163302374
0 0.2082916154606135 0.10952513349961854 0.0012771392081736754 0.0
0 0.20254448902383188 0.05160387041751309 0.04342273307790547 0.04315701955137276
0 0.7670400190366032 0.5217882413193105 0.03065134099616864 0.024985642898163036
0 0.797052790428685 0.5547238615032528 0.04214559386973182 0.04542844163302402
0 0.7089301850647003 0.5547238615032528 0.04214559386973182 0.04542844163302402
0 0.3315355490493747 0.5104311309110545 0.035759897828863345 0.06587124036788462
0 0.5856862514759392 0.5308739296459152 0.05874840357598971 0.06132839620458229
0 0.6399646678233211 0.5604024167073808 0.07535121328224771 0.04315701955137267
0 0.664868882382708 0.549045306299125 0.0434227330779055 0.04769986371467509
0 0.6846645401094003 0.591066614809672 0.03959131545338437 0.03634275330641906
