0 0.7070144762524398 0.7091805630555342 0.02298850574712648 0.049971285796326266
0 0.7740642846815586 0.712587696178011 0.070242656449553 0.06132839620458229
0 0.4234895720378804 0.6092379914628816 0.06130268199233712 0.05905697412293112
0 0.1757245656521844 0.14927501992851439 0.04342273307790547 0.09312830534769911
0 0.13741038940697367 0.20833199405144556 0.017879948914431672 0.04315701955137276
0 0.12591613653341044 0.2037891498881432 0.0 0.002271422081651263
0 0.102927630786284 0.1061180003771417 0.012771392081736915 0.04315701955137276
0 0.15656747752957903 0.12769651015282807 0.0 0.0
0 0.12463899732523676 0.08340377956062973 0.012771392081736901 0.038614175388070236
0 0.1380489590110605 0.05501100353998975 0.021711366538952726 0.06359981828623346
