0 0.7057373370442662 0.18561777323493367 0.030651340996168532 0.056785552041279864
0 0.7140387418973951 0.14132504264273527 0.037037037037037014 0.05451412995962879
0 0.7376658172486085 0.15836070825511922 0.03320561941251599 0.047699863714675286
0 0.7727871454733849 0.08908233476475765 0.03448275862068967 0.05905697412293112
0 0.7255329947709583 0.043653893131733915 0.019157088122605453 0.027257064979814394
0 0.7485215005180847 0.0175325391927451 0.014048531289910645 0.024985642898163227
0 0.7210630075423504 0.03456820480512905 0.03065134099616864 0.03179990914311673
0 0.7868356767632955 0.19811059468401518 0.05491698595146869 0.06814266244953589
0 0.7913056639919034 0.14359646472438642 0.0434227330779055 0.04997128579632645
0 0.6872188185257476 0.14018933160190972 0.029374201787994856 0.038614175388070326
