0 0.5537577712715969 0.701230585769755 0.12771392081736904 0.1294710586541181
0 0.4566951914503964 0.370738672889506 0.01532567049808432 0.009085688326604766
0 0.44711664738909374 0.4820383548904146 0.008939974457215836 0.009085688326604672
0 0.4081639015397961 0.5308739296459154 0.02554278416347383 0.043157019551372855
0 0.48543082363430445 0.5195168192376592 0.024265644955300154 0.038614175388070424
0 0.4662737355116991 0.5535881504624273 0.016602809706257996 0.043157019551372855
0 0.5167207342345599 0.5785737933605903 0.02043422733077902 0.038614175388070236
0 0.5460949360225549 0.5535881504624273 0.012771392081736862 0.0204427987348607
0 0.5856862514759391 0.5751666602381136 0.028097062579821183 0.03634275330641916
0 0.6073976180148919 0.5899309037688464 0.02043422733077902 0.024985642898163227
0 0.6431575158437552 0.5967451700138001 0.005108556832694809 0.011357110408255934
0 0.6399646678233211 0.5774380823197649 0.0063856960408684845 0.013628532489907292
0 0.6533746295091447 0.6171879687486609 0.0 0.002271422081651263
0 0.5735534289982891 0.574030949197288 0.011494252873563187 0.020442798734860986
0 0.06461345454107328 0.36278869560372684 0.002554278416347391 0.011357110408255934
0 0.21467731150148195 0.4366099132573907 0.047254150702426556 0.040885597469721494
