0 0.7402200956649558 0.3775529391344596 0.04597701149425285 0.07722835077614065
0 0.14379608544784211 0.03683962688678021 0.07407407407407408 0.06359981828623346
0 0.13741038940697367 0.11406797766292093 0.07918263090676884 0.16354238987888609
0 0.23255726041591365 0.283288922745935 0.08045977011494254 0.08858546118439659
0 0.5237449998795152 0.16517497450007285 0.0012771392081736754 0.0068142662449535985
0 0.5282149871081231 0.12996793223447925 0.0 0.0
0 0.4975636461119545 0.16971781866337526 0.005108556832694702 0.0204427987348607
0 0.49245508927925974 0.2037891498881432 0.0 0.002271422081651263
0 0.5614206065206391 0.15495357513264246 0.005108556832694702 0.013628532489907197
0 0.6003733523699366 0.1572249972142937 -0.0012771392081737827 -0.013628532489907101
0 0.6042047699944577 0.07204666915237379 0.014048531289910645 0.03407133122476809
0 0.582493403455505 0.07545380227485064 0.014048531289910538 0.027257064979814394
0 0.5492877840429891 0.07091095811154821 0.016602809706257996 0.027257064979814203
0 0.5390706703775995 0.016396828151919514 0.024265644955300154 0.03634275330641906
0 0.6163375924721077 0.04819673729503615 0.0 0.009085688326604861
0 0.628470414949758 0.04933244833586183 0.0012771392081735683 0.002271422081651168
