0 0.4732980011566544 0.03456820480512905 0.017879948914431672 0.02271422081651206
0 0.5307692655244705 0.011853983988617086 0.002554278416347351 0.009085688326604861
0 0.5876019602881998 0.09021804580558333 0.008939974457215836 0.002271422081650977
0 0.5237449998795152 0.15268215305099128 0.0012771392081736754 -0.004542844163302336
0 0.5186364430468204 0.06977524707072262 0.008939974457215836 0.006814266244953694
0 0.46946658353213333 0.09816802309136251 0.00766283524904216 0.009085688326604672
0 0.4937322284874335 0.15154644201016573 0.005108556832694809 0.01135711040825603
0 0.4535023434299621 0.050468159376687416 0.0012771392081736754 0.0
0 0.44456236897274626 0.035703915845954635 0.0012771392081736754 0.002271422081651168
0 0.4496709258054411 0.10725371141796727 0.02171136653895275 0.04088559746972159
0 0.4611651786790043 0.15041073096934007 0.0012771392081736218 0.0045428441633024305
0 0.4337066857032699 0.19129632843906158 0.005108556832694702 0.009085688326604766
0 0.4388152425359647 0.16063213033677048 0.01532567049808432 0.015899954571558364
0 0.42412814164196727 0.20719628301061999 0.014048531289910592 0.01817137665320953
0 0.4017782054989277 0.201517727806492 0.005108556832694755 0.01135711040825603
0 0.39156109183353816 0.22536765966382952 0.015325670498084266 0.027257064979814394
0 0.39283823104171184 0.2991888773174934 0.020434227330779077 0.024985642898163133
0 0.4113567495602304 0.15041073096934005 0.02171136653895275 0.03179990914311692
0 0.4343452553073568 0.12315366598952564 0.011494252873563187 0.013628532489907197
0 0.39156109183353816 0.11747511078539773 0.02043422733077902 0.024985642898163036
0 0.40688676233162246 0.1049822893363162 0.0 0.0
0 0.4260438504542278 0.07318238019319938 0.017879948914431672 0.045428441633023925
0 0.40369391431118823 0.06182526978494335 0.011494252873563187 0.027257064979814203
0 0.41391102797657775 0.01185398398861718 0.02171136653895275 0.027257064979814394
0 0.367295446878238 0.015261117111093835 0.02554278416347383 0.04769986371467509
0 0.34686121954745897 0.04819673729503615 0.020434227330779077 0.02271422081651187
0 0.3679340164823249 0.06863953602989695 0.011494252873563187 0.027257064979814394
0 0.34239123231885105 0.12315366598952554 0.0012771392081737292 0.0
0 0.36410259885780377 0.12088224390787457 0.008939974457215836 0.03179990914311673
0 0.38070540856406176 0.17085352970420084 0.0012771392081736754 0.013628532489907197
0 0.3487769283597195 0.05614671458081543 0.008939974457215836 0.015899954571558364
0 0.30407705607364033 0.02093967231522185 0.02171136653895275 0.03179990914311673
0 0.29896849924094554 0.035703915845954726 0.02937420178799491 0.04315701955137276
0 0.2772571327019928 0.06636811394824578 0.03959131545338442 0.04542844163302412
0 0.2708714366611244 0.024346805437698696 0.03192848020434226 0.06587124036788482
0 0.23255726041591362 0.039111048968431476 0.011494252873563213 0.027257064979814203
0 0.17955598327670547 0.024346805437698696 0.01021711366538951 0.02952848706146537
0 0.1757245656521844 0.05273958145833858 0.0 0.0
0 0.1999902106074845 0.05501100353998975 0.02043422733077905 0.03179990914311673
0 0.189773096942095 0.07886093539732739 0.005108556832694755 0.020442798734860892
0 0.1859416793175739 0.12088224390787457 0.0 0.0
0 0.1744474264440107 0.12088224390787448 0.002554278416347351 -0.01817137665320953
0 0.1418803766355816 0.11747511078539771 0.00383141762452108 0.006814266244953694
0 0.29130566399190344 0.06296098082576894 0.014048531289910645 0.024985642898163036
0 0.30854704330224825 0.08681091268310648 0.002554278416347351 0.009085688326604672
0 0.3232341441962457 0.10838942245879296 0.008939974457215836 0.006814266244953503
0 0.30982418251042193 0.12996793223447925 0.01021711366538951 0.018171376653209344
0 0.3436683715270248 0.12088224390787437 0.008939974457215836 0.03634275330641906
0 0.3315355490493747 0.15381786409181689 0.02298850574712648 0.0204427987348607
0 0.3526083459842406 0.1594964192959449 0.008939974457215836 0.013628532489907197
0 0.3500540675678932 0.17426066282667763 0.011494252873563187 0.011357110408255934
0 0.3704882948986723 0.20492486092896878 0.016602809706257996 0.022714220816511962
0 0.35260834598424057 0.26057470192942306 -0.0038314176245211337 0.0068142662449535985
0 0.34749978915154583 0.23104621486795754 0.0012771392081737292 -0.01135711040825603
0 0.293221372804164 0.17653208490832883 0.030651340996168588 0.038614175388070236
0 0.30407705607364033 0.15949641929594488 0.02171136653895275 0.045428441633023925
0 0.3066313344899877 0.1470035978468632 0.008939974457215836 0.015899954571558555
0 0.260015753391648 0.12088224390787447 0.010217113665389457 0.009085688326604861
0 0.22425585556278466 0.14700359784686334 0.012771392081736915 0.020442798734860795
0 0.24213580447721633 0.1470035978468633 0.02298850574712648 0.038614175388070424
0 0.2670400190366033 0.19583917260236403 0.0012771392081737292 -0.0045428441633024305
0 0.26959429745295066 0.17198924074502647 0.0012771392081736754 0.002271422081651263
0 0.27470285428564545 0.21968910445970155 0.014048531289910592 0.024985642898163133
0 0.2823656895346876 0.2083319940514456 0.014048531289910645 0.024985642898163227
0 0.32131843538398513 0.23445334799043435 0.005108556832694755 0.022714220816511962
0 0.3257884226125931 0.294646033154191 0.016602809706257996 0.020442798734860747
