0 0.8455840803392853 0.4422884684615187 0.04725415070242663 0.10221399367430378
0 0.6616760343622738 0.21060341613309674 0.008939974457215836 0.034071331224767895
0 0.6725317176317501 0.288967477950063 0.0025542784163474583 0.004542844163302383
0 0.6910502361502686 0.2764746565009814 0.021711366538952805 0.038614175388070326
0 0.7210630075423504 0.2787460785826326 0.002554278416347351 0.015899954571558364
0 0.7191472987300899 0.3071388546032726 0.008939974457215836 0.02725706497981425
0 0.7108458938769608 0.3366673416647381 0.00766283524904216 0.01817137665320953
0 0.7044601978360924 0.3571101403995988 0.002554278416347351 0.0045428441633024305
0 0.71914729873009 0.3911814716243668 0.003831417624521026 0.0
0 0.7600157533916481 0.30827456564409816 0.014048531289910538 0.024985642898163133
0 0.7810885503265138 0.23218192590878314 0.04597701149425285 0.0545141299596286
0 0.7715100062652112 0.26738896817437663 0.029374201787994856 0.04315701955137267
