0 0.3762354213354538 0.6160522577078351 0.05108556832694766 0.07268550661283822
0 0.36282545964963014 0.40708142619592513 0.014048531289910645 0.009085688326604861
0 0.36984972529458543 0.45250986782894903 0.017879948914431672 0.022714220816511962
0 0.47393657076074125 0.47749551072711216 0.011494252873563187 0.03179990914311673
0 0.4847922540302176 0.5013454425844498 0.010217113665389565 0.015899954571558364
0 0.6022890611821974 0.5467738842174736 0.05108556832694766 0.09312830534769911
0 0.532684974336731 0.5263310854826128 0.011494252873563293 0.015899954571558364
0 0.5633363153328996 0.5694881050339856 0.014048531289910538 0.024985642898163133
0 0.5422635183980337 0.6205951018711375 0.012771392081736969 0.027257064979814394
0 0.5320464047326442 0.6126451245853585 0.00766283524904216 0.011357110408256125
0 0.532684974336731 0.562673838789032 0.006385696040868377 0.015899954571558364
0 0.5333235439408178 0.5422310400541712 0.012771392081736969 0.024985642898163227
0 0.5346006831489916 0.5558595725440786 0.005108556832694702 0.006814266244953408
0 0.5250221390876889 0.5819809264830673 0.003831417624521026 0.013628532489907197
0 0.516082164630473 0.5683523939931601 0.014048531289910645 0.018171376653209628
0 0.4860693932383913 0.5467738842174735 0.02298850574712648 0.038614175388070236
0 0.512250747005952 0.5376881958908688 0.0038314176245211337 0.006814266244953694
0 0.4803222668016097 0.545638173176648 0.011494252873563293 0.02271422081651206
0 0.4592494698667438 0.526331085482613 0.0 0.0022714220816510726
0 0.47649084917708856 0.5638095498298575 0.01149425287356324 0.02725706497981449
0 0.4860693932383913 0.574030949197288 0.017879948914431724 0.029528487061465658
0 0.4879851020506518 0.5910666148096719 0.0191570881226054 0.045428441633023835
0 0.10803618761897878 0.4207099586858323 0.028097062579821194 0.03634275330641916
