0 0.7600157533916481 0.24694616943951592 0.031928480204342205 0.11129968200090856
0 0.7204244379382636 0.22877479278630633 -0.006385696040868377 -0.002271422081651263
0 0.6993516410033976 0.23104621486795754 0.0025542784163474583 -0.0204427987348607
0 0.7070144762524397 0.12769651015282807 0.0 0.0
0 0.7383043868526953 0.09362517892806017 0.0012771392081736754 0.0
0 0.8289812706330273 0.10157515621383925 0.016602809706257996 -0.034071331224767895
0 0.8641025988578038 0.08453949060145531 0.0 0.0
0 0.863464029253717 0.1594964192959449 0.016602809706257996 0.027257064979814394
0 0.9675508747198729 0.08794662372393215 0.0 0.0022714220816513584
0 0.8270655618207667 0.04138247105008274 0.0 0.0
0 0.5384321007735127 0.1186108218262232 0.0 0.0
0 0.5939876563290681 0.17880350698998002 0.0012771392081736754 0.002271422081651168
0 0.6335789717824526 0.17312495178585205 0.008939974457215836 0.009085688326604766
0 0.6680617304031422 0.07204666915237379 0.006385696040868377 0.015899954571558364
0 0.6291089845538447 0.24240332527621353 0.00766283524904216 0.011357110408255934
0 0.6348561109906262 0.28442463378676064 0.011494252873563187 0.018171376653209677
0 0.6073976180148919 0.25943899088859745 0.005108556832694809 0.009085688326604814
0 0.5920719475168076 0.2480818804803415 0.005108556832694809 0.0
0 0.6003733523699366 0.21855339341887592 0.008939974457215836 0.013628532489907197
0 0.5678063025615075 0.21855339341887592 0.0 0.0
0 0.5563120496879442 0.17539637386750323 0.01021711366538951 0.009085688326604766
0 0.5148050254222993 0.20038201676566642 -0.026819923371647507 0.01817137665320953
0 0.5052264813609967 0.19811059468401518 0.002554278416347351 0.009085688326604766
0 0.5256607086917757 0.26625325713355097 0.01021711366538951 0.013628532489907197
0 0.5524806320634232 0.26738896817437663 0.012771392081736969 0.024985642898163227
0 0.5633363153328996 0.2503533025619927 0.008939974457215836 0.009085688326604719
0 0.5716377201860285 0.2912389000317142 0.017879948914431672 0.013628532489907101
0 0.5786619858309838 0.33893876374638926 0.0012771392081736754 0.0
0 0.5524806320634232 0.35938156248125 0.0 0.0
0 0.5480106448348153 0.31849596501152855 0.014048531289910538 0.01817137665320953
0 0.5282149871081232 0.34575302999134283 0.005108556832694702 0.013628532489907197
0 0.520552151859081 0.3207673870931797 0.0 0.0
0 0.507780759777344 0.2935103221133655 0.0 0.0
0 0.5045879117569099 0.2787460785826326 0.003831417624521026 0.0068142662449535985
0 0.44903235620135423 0.22991050382713196 0.0 0.0
0 0.4611651786790043 0.29351032211336536 0.003831417624521026 0.009085688326604766
0 0.48159940600978335 0.3116816987665749 0.0012771392081737292 0.009085688326604861
0 0.49117795007108606 0.3593815624812501 0.017879948914431672 0.03634275330641906
0 0.4796836971975228 0.3911814716243668 0.002554278416347351 0.004542844163302336
0 0.4554180522422227 0.39799573786932035 0.0 0.0
0 0.4305138376828357 0.3571101403995988 0.0012771392081736754 0.0045428441633024305
0 0.45158663461770165 0.34121018582804047 0.002554278416347351 0.0045428441633024305
0 0.43498382491144366 0.2855603448275863 0.005108556832694755 0.015899954571558413
0 0.41838101520518567 0.2435390363170391 0.0025542784163474046 0.013628532489907101
0 0.358994042025109 0.1924320394798872 0.0012771392081736754 0.01135711040825603
0 0.3953925094580592 0.05501100353998975 0.04597701149425285 0.03179990914311673
0 0.32131843538398513 0.15495357513264238 0.022988505747126426 0.03179990914311692
0 0.31876415696763777 0.17993921803080565 0.017879948914431672 0.0272570649798143
0 0.39283823104171184 0.29805316627666784 0.022988505747126426 0.03634275330641911
0 0.4132724583724909 0.3434816079096917 0.0 0.0
0 0.39028395262536447 0.3673315397670292 0.005108556832694755 0.015899954571558364
0 0.3992239270825803 0.38096007225693646 0.0 0.002271422081651168
0 0.41327245837249094 0.38663862746106437 0.00766283524904216 0.0045428441633024305
0 0.4164653063929251 0.4138956924408787 0.0012771392081736754 0.004542844163302336
0 0.4056096231234488 0.4309313580532627 0.010217113665389565 0.006814266244953503
0 0.41391102797657775 0.45932413407390266 0.0012771392081737292 0.0
0 0.40688676233162246 0.42752422493078596 0.0 0.0
0 0.3877296742090171 0.44455989054316986 0.0 0.0068142662449535985
0 0.39283823104171184 0.4502384457472978 0.01021711366538951 0.0045428441633024305
0 0.37559685173136703 0.46840982240050744 0.0063856960408684845 0.013628532489907197
0 0.3679340164823248 0.42184566972665793 0.0012771392081736754 0.01135711040825603
0 0.38198254777223545 0.4048100041142739 0.0012771392081736754 -0.0045428441633024305
0 0.36410259885780377 0.3945886047468436 0.0012771392081736754 0.0068142662449535985
0 0.35324691558832744 0.42070995868583233 0.01021711366538951 0.040885597469721494
0 0.34494551073519847 0.41957424764500667 0.016602809706257996 0.020442798734860795
0 0.34047552350659055 0.469545533441333 0.0 0.0022714220816510726
0 0.3500540675678932 0.48885262113536815 0.011494252873563187 0.02271422081651187
0 0.32514985300850624 0.47635979968628656 0.010217113665389565 0.01589995457155827
0 0.31429416973902985 0.4627312671963794 0.0063856960408684845 0.01135711040825603
0 0.3232341441962457 0.41162427035922755 0.008939974457215836 0.018171376653209628
0 0.3417526627147642 0.4093528482775763 0.0 0.0
0 0.3117398913226825 0.40594571515509953 0.006385696040868431 0.015899954571558364
0 0.346861219547459 0.3502958741546453 0.012771392081736915 0.01817137665320953
0 0.2983299296368587 0.34007447478721486 0.0 0.002271422081651263
0 0.28747424636738234 0.35483871831794767 0.019157088122605345 0.013628532489907101
0 0.24469008289356373 0.3457530299913429 0.0025542784163474046 0.0045428441633024305
0 0.26320860141208224 0.3798243612161108 0.0012771392081736754 0.0045428441633024305
0 0.2529914877466927 0.39231718266519244 0.0012771392081737292 0.0068142662449535985
0 0.23255726041591365 0.3832314943385876 0.0012771392081736754 0.01135711040825603
0 0.20637590664835295 0.4343384911757394 0.0 0.0
0 0.24277437408130317 0.4263885138899603 0.003831417624521107 0.002271422081651263
0 0.2561843357671269 0.4263885138899603 0.0 0.002271422081651263
0 0.268317158244777 0.46727411135968183 0.0012771392081736754 0.01135711040825603
0 0.288751385575556 0.5070239977885778 0.003831417624521026 0.0
0 0.30663133448998775 0.500209731543624 0.0012771392081737292 0.0
0 0.3091856129063351 0.4933954652986705 0.016602809706257996 0.013628532489907197
0 0.32387271380033256 0.5297382186050897 0.00766283524904216 0.009085688326604576
0 0.25618433576712696 0.49793830946197287 0.00766283524904216 0.027257064979814394
0 0.260015753391648 0.48998833217619375 0.0 0.006814266244953694
0 0.24852150051808478 0.4990740205027986 0.005108556832694755 0.01135711040825603
0 0.24213580447721633 0.4661384003188562 0.0 0.0045428441633024305
0 0.2140387418973951 0.42184566972665793 0.010217113665389538 0.015899954571558364
0 0.23702724764452154 0.5024811536252752 0.0 0.004542844163302526
0 0.22553299477095834 0.5229239523601361 0.0 0.0045428441633024305
0 0.2338343996240873 0.5524524394216017 0.0012771392081737023 0.009085688326604766
0 0.21340017229330827 0.5638095498298576 0.011494252873563213 0.03179990914311673
0 0.1967973625870503 0.5547238615032528 0.00383141762452108 0.027257064979814394
0 0.19360451456661606 0.5024811536252753 0.005108556832694782 0.027257064979814203
0 0.1770017048603581 0.4820383548904146 0.012771392081736915 0.03634275330641906
0 0.18338740090122652 0.4615955561555538 0.005108556832694755 0.013628532489907197
0 0.1463503638641895 0.4650026892780307 0.015325670498084294 0.024985642898163133
0 0.13166326297019207 0.4990740205027986 0.00383141762452108 0.015899954571558364
0 0.1827488312971397 0.5706238160748112 0.014048531289910618 0.022714220816511962
0 0.1182533012843683 0.47522408864546095 0.007662835249042133 0.02271422081651187
0 0.12719327574158415 0.5422310400541712 0.0 0.002271422081651168
0 0.11314474445167354 0.5615381277482064 0.020434227330779063 0.04542844163302402
