0 0.4145495975806646 0.057282425621641105 0.015325670498084266 0.03179990914311673
0 0.42859812887057513 0.09021804580558332 -0.04853128991060026 -0.038614175388070424
0 0.3609097508373696 0.039111048968431386 -0.0025542784163474046 0.009085688326604672
0 0.36793401648232493 0.05614671458081543 0.00383141762452108 0.0204427987348607
0 0.3953925094580592 0.0993037341321881 0.0025542784163474046 0.002271422081651168
0 0.39028395262536447 0.11406797766292087 0.017879948914431672 0.0408855974697214
0 0.3864525350008434 0.15381786409181689 0.012771392081736915 0.01135711040825603
0 0.3858139653967565 0.11633939974457214 0.0012771392081736754 0.02271422081651187
0 0.32961984023711416 0.03456820480512905 0.014048531289910592 0.02271422081651206
0 0.31940272657172464 0.023211094396873116 0.02171136653895275 0.036342753306419256
0 0.2625700318079954 0.016396828151919517 0.028097062579821235 0.0408855974697214
0 0.22681013397913202 0.03456820480512905 0.015325670498084294 0.03179990914311673
0 0.23958152606086897 0.02888964960100113 0.015325670498084294 0.024985642898163227
0 0.2606543229957348 0.0516038704175131 0.0063856960408684845 0.01135711040825603
0 0.2810885503265139 0.03456820480512905 0.019157088122605293 0.03634275330641906
0 0.27151000626521127 0.0788609353973274 0.015325670498084266 0.04315701955137257
0 0.2976913600327719 0.09476088996888576 0.006385696040868431 0.011357110408255839
0 0.29960706884503246 0.09362517892806008 0.02043422733077902 0.036342753306419256
0 0.32578842261259305 0.12428937703035121 0.0012771392081736754 0.0022714220816513584
0 0.34749978915154583 0.15381786409181689 0.00383141762452108 0.002271422081651168
0 0.34686121954745897 0.06636811394824578 0.0025542784163474046 0.004542844163302336
0 0.2612928925998217 0.11747511078539763 0.0 0.002271422081651168
0 0.24660579170582422 0.12201795494870006 0.026819923371647535 0.02952848706146574
0 0.2459672221017374 0.15495357513264252 0.002554278416347351 0.0045428441633024305
0 0.23958152606086894 0.18788919531658482 0.0 0.002271422081651263
0 0.26895572784886385 0.1447321757652121 0.002554278416347351 0.002271422081651168
0 0.2670400190366033 0.15836070825511928 0.014048531289910592 0.011357110408255934
0 0.2625700318079954 0.11747511078539763 0.007662835249042106 0.02952848706146556
0 0.305354195281814 0.16517497450007287 0.0012771392081736754 0.002271422081651263
0 0.3174870177594641 0.15495357513264252 0.005108556832694755 0.0045428441633024305
0 0.33855981469433 0.1753963738675032 0.014048531289910592 0.040885597469721494
0 0.3621868900455433 0.1481393088876889 0.01021711366538951 0.045428441633023925
0 0.392199661437625 0.17539637386750323 0.0012771392081737292 0.022714220816511962
0 0.3628254596496301 0.2230962375821783 0.003831417624521026 0.009085688326604766
0 0.37431971252319335 0.23218192590878314 0.0012771392081737292 0.004542844163302336
0 0.32770413142485366 0.1924320394798872 0.012771392081736915 0.015899954571558364
0 0.34622264994337215 0.21287483821474795 0.00383141762452108 0.024985642898163133
0 0.3111013217185956 0.18788919531658482 0.01021711366538951 0.024985642898163133
0 0.30407705607364033 0.2367247700720855 0.014048531289910592 0.0272570649798143
0 0.2727871454733849 0.22763908174548073 0.0 0.0045428441633024305
0 0.19807450179522398 0.12088224390787457 0.006385696040868458 0.0
0 0.18402597050531339 0.17539637386750329 0.006385696040868458 0.03179990914311673
0 0.15401319911323164 0.1890249063574104 0.005108556832694755 0.013628532489907101
0 0.16933886961131595 0.1708535297042009 0.005108556832694782 0.03634275330641916
0 0.1348561109906263 0.1413250426427352 0.02043422733077905 0.07722835077614075
0 0.10101192197402346 0.08453949060145531 0.011494252873563213 0.04997128579632645
0 0.24916007012217162 0.25148901360281833 0.014048531289910592 0.056785552041279906
0 0.28619710715920865 0.24694616943951586 0.008939974457215782 0.01589995457155832
0 0.3379212450902431 0.26398183505189987 0.0025542784163474046 0.013628532489907197
0 0.3602711812332827 0.34234589686886613 0.0012771392081737292 0.002271422081651168
0 0.3289812706330273 0.4036742930734484 0.0025542784163474046 0.0068142662449535985
0 0.3277041314248536 0.3957243157876692 0.0 0.0
0 0.32961984023711416 0.3389387637463893 0.01149425287356324 0.045428441633023835
0 0.3174870177594641 0.34234589686886613 0.005108556832694755 0.002271422081651168
0 0.3059927648859008 0.3025960104399702 0.01021711366538951 0.045428441633023876
0 0.2785342719101665 0.33326020854226124 0.008939974457215836 0.07041408453118705
0 0.22425585556278466 0.26284612401107427 0.012771392081736915 0.04769986371467509
0 0.17891741367261862 0.24581045839869028 0.011494252873563187 0.03634275330641916
0 0.189773096942095 0.29351032211336536 0.005108556832694755 0.02271422081651201
0 0.15720604713366587 0.23786048111291108 0.00383141762452108 0.024985642898163133
0 0.1533746295091448 0.2866960558684118 0.0012771392081737023 0.0
0 0.12208471890888938 0.26738896817437663 0.01021711366538955 0.024985642898163227
0 0.1335789717824526 0.28101750066428377 0.010217113665389538 0.02952848706146561
0 0.13421754138653944 0.3094102766849238 0.016602809706257996 0.03179990914311668
0 0.1520974903009711 0.39004576058354123 0.0012771392081736754 0.002271422081651168
0 0.19615879298296343 0.2855603448275862 0.010217113665389538 0.020442798734860795
0 0.22808727318730573 0.3014602993991446 0.01021711366538951 0.06587124036788468
0 0.24149723487312946 0.29237461107253976 0.008939974457215862 0.011357110408255934
0 0.2632086014120822 0.3116816987665749 0.003831417624521026 0.009085688326604861
0 0.2708714366611244 0.2912389000317142 0.0012771392081737292 0.013628532489907101
0 0.27470285428564545 0.35029587415464525 0.008939974457215836 -0.022714220816511962
0 0.276618563097906 0.3298530754197845 0.0 0.0
0 0.2919442335959902 0.3355316306239125 0.0025542784163474046 -0.024985642898163227
0 0.21276160268922142 0.36619582872620365 0.0 -0.004542844163302336
0 0.20254448902383188 0.3582458514404245 0.017879948914431672 0.02952848706146556
0 0.2108458938769609 0.3264459422973078 0.0012771392081736754 0.01589995457155832
0 0.19041166654618186 0.3571101403995988 0.00383141762452108 0.0045428441633024305
0 0.17827884406853178 0.38550291642023876 0.01021711366538951 0.015899954571558364
0 0.20509876744017927 0.4138956924408787 0.0025542784163473777 0.004542844163302336
0 0.21595445070965566 0.4195742476450067 0.006385696040868458 0.0068142662449535985
0 0.22234014675052413 0.4354742022165651 -0.0012771392081737023 -0.002271422081651263
0 0.21787015952191616 0.4309313580532627 0.005108556832694755 0.006814266244953503
0 0.2619314622039085 0.39686002682849475 0.008939974457215836 0.0068142662449535985
0 0.2791728415142534 0.38663862746106437 0.030651340996168588 0.05905697412293103
0 0.2606543229957349 0.463866978237205 0.014048531289910592 0.027257064979814394
0 0.23894295645678207 0.49793830946197287 0.0012771392081737023 0.004542844163302336
0 0.22553299477095834 0.5342810627683919 0.0 0.0
0 0.21340017229330827 0.48658119905371694 0.00383141762452108 0.004542844163302526
0 0.24022009566495578 0.47295266656380974 0.006385696040868458 0.02271422081651187
0 0.189773096942095 0.4161671145225299 0.0 0.004542844163302336
0 0.15976032555001327 0.4082171372367507 0.01660280970625797 0.0204427987348607
0 0.14571179426010267 0.4116242703592275 0.019157088122605345 0.0272570649798143
0 0.14379608544784211 0.4184385366041811 0.01021711366538951 0.018171376653209628
0 0.16039889515410008 0.4740883776046354 0.010217113665389538 0.038614175388070326
0 0.173170287235837 0.4502384457472978 0.017879948914431672 0.05451412995962869
0 0.19615879298296346 0.5206525302784849 0.0 0.0
0 0.20318305862791874 0.5297382186050896 0.026819923371647507 0.02271422081651206
0 0.12974755415793152 0.39799573786932035 0.030651340996168588 0.040885597469721494
0 0.11761473168028146 0.36846725080785486 0.02171136653895275 0.040885597469721494
0 0.11761473168028146 0.3207673870931797 0.02171136653895275 0.049971285796326266
0 0.10484333959854454 0.32758165333813327 0.024265644955300116 0.05905697412293112
0 0.08824052989228656 0.33553163062391245 0.006385696040868458 0.0204427987348607
0 0.07291485939420228 0.3321244975014357 0.0012771392081737023 -0.013628532489907101
0 0.07227628979011542 0.2935103221133654 0.020434227330779063 0.049971285796326356
0 0.09526479553724186 0.36619582872620365 0.0 0.0
0 0.10612047880671824 0.36506011768537805 -0.006385696040868458 0.0068142662449535985
0 0.07355342899828912 0.41843853660418107 0.002554278416347391 0.03179990914311673
0 0.06716773295742066 0.39686002682849475 0.005108556832694755 0.024985642898163133
0 0.10356620039037084 0.4263885138899603 0.014048531289910604 0.029528487061465467
0 0.11569902286802092 0.41616711452252997 0.025542784163473817 0.05451412995962869
0 0.12272328851297622 0.46500268927803057 0.021711366538952764 0.038614175388070236
0 0.1393260982192342 0.4797669328087633 -0.00383141762452108 -0.009085688326604672
0 0.15529033832140532 0.5047525757069266 0.0 0.0
0 0.11506045326393408 0.4513741567881234 0.006385696040868458 0.03407133122476799
0 0.12463899732523677 0.492259754257845 0.0 0.002271422081651168
0 0.08760196028819972 0.5070239977885777 0.010217113665389525 0.02271422081651187
0 0.1125061748475867 0.5433667510949969 -0.014048531289910604 0.01817137665320982
0 0.09271051712089447 0.4661384003188562 -0.007662835249042147 -0.0045428441633024305
0 0.0914333779127208 0.5138382640335313 0.0 0.004542844163302336
0 0.14060323742740788 0.534281062768392 0.0012771392081737023 0.004542844163302526
0 0.14890464228053688 0.5501810173399504 0.0025542784163473777 0.009085688326604861
0 0.16359174317453434 0.5467738842174736 0.00383141762452108 -0.002271422081651263
0 0.16678459119496855 0.5127025529927057 0.010217113665389538 0.024985642898163324
