0 0.3430298019229379 0.39345289370601794 0.056194125159642415 0.09539972742935018
0 0.33472839706980895 0.46273126719637947 0.042145593869731775 0.05224270787797752
0 0.028853556712209932 0.26171041297024866 0.04597701149425287 0.1271996365724669
0 0.1744474264440107 0.2935103221133655 0.0 0.0
0 0.15784461673775274 0.0584181366624666 0.022988505747126454 0.02952848706146575
0 0.1310246933661052 0.042518182090908324 0.017879948914431672 0.02952848706146556
0 0.09654193474541554 0.04365389313173382 0.03831417624521072 0.03179990914311654
0 0.09462622593315502 0.0856752016422809 0.014048531289910604 0.034071331224767895
0 0.024383569483602013 0.08453949060145531 0.011494252873563216 0.03634275330641906
0 0.04162494879394684 0.15722499721429367 0.025542784163473817 0.040885597469721494
0 0.3947539398539724 0.2083319940514456 0.044699872286079176 0.08858546118439668
