0 0.7606543229957349 0.4491027347064722 0.030651340996168532 0.04315701955137257
0 0.7248944251668715 0.4138956924408787 0.028097062579821183 0.05451412995962869
0 0.7114844634810478 0.4263885138899603 -0.016602809706257996 -0.011357110408255934
0 0.6827488312971396 0.43433849117573947 0.040868454661558154 0.045428441633023835
0 0.6795559832767054 0.4911240432170194 0.016602809706257996 0.027257064979814394
0 0.6629531735704475 0.500209731543624 0.019157088122605453 0.03179990914311673
0 0.6603988951541001 0.46045984511472815 0.016602809706257996 0.0204427987348607
0 0.6208075797007157 0.4422884684615187 0.008939974457215836 0.029528487061465467
0 0.6208075797007158 0.4207099586858323 0.003831417624521026 0.0272570649798143
0 0.599096213161763 0.4297956470124371 0.016602809706257996 0.03179990914311673
0 0.5952647955372419 0.47068124448215864 0.0012771392081736754 0.0045428441633024305
0 0.5933490867249813 0.47295266656380974 0.0 0.004542844163302526
0 0.5824934034555049 0.4014028709917971 -0.006385696040868377 -0.015899954571558364
0 0.5882405298922866 0.3752815170528084 0.017879948914431672 0.03179990914311673
0 0.5805776946432445 0.3764172280936341 0.007662835249042052 0.024985642898163133
0 0.5262992782958625 0.36733153976702926 0.014048531289910645 0.02952848706146556
0 0.5346006831489916 0.4025385820326227 0.0 0.0
0 0.5377935311694257 0.42070995868583233 0.0038314176245211337 0.01817137665320953
0 0.5173593038386467 0.4786312217679378 0.0012771392081736754 0.02952848706146556
0 0.520552151859081 0.44115275742069304 0.0 0.0
0 0.5052264813609967 0.45818842303307705 0.002554278416347351 0.0068142662449535985
0 0.487346532446565 0.43206706909408826 0.0 0.0
0 0.5020336333405625 0.3968600268284948 0.0012771392081737827 0.002271422081651168
0 0.4732980011566544 0.44342417950234425 0.01021711366538951 0.03634275330641916
0 0.4771294187811755 0.4661384003188561 0.015325670498084374 0.03634275330641906
0 0.4720208619484807 0.47181695552298425 0.0408684546615581 0.038614175388070326
0 0.44583950818092 0.4354742022165651 0.0012771392081737292 0.0068142662449535985
0 0.40944104074796983 0.4513741567881234 0.010217113665389565 0.020442798734860795
0 0.4228510024337936 0.46840982240050744 0.00383141762452108 0.01817137665320953
0 0.44328522976457263 0.5149739750743568 -0.0063856960408684845 0.006814266244953503
0 0.4075253319357093 0.4843097769720657 0.0012771392081736754 0.0
0 0.3813439781681486 0.5058882867477522 0.028097062579821183 0.02952848706146556
0 0.36729544687823806 0.41389569244087876 0.00766283524904216 0.01817137665320953
0 0.4222124328297067 0.4513741567881234 0.0025542784163474046 0.011357110408255934
