0 0.330258409841201 0.21173912717392235 0.04597701149425285 0.11357110408255977
0 0.09973478276584977 0.45818842303307694 0.05747126436781609 0.14764243530732762
0 0.2747028542856454 0.5274667965234384 0.0191570881226054 0.018171376653209722
0 0.24085866526904262 0.5831166375238929 0.015325670498084294 0.0204427987348607
0 0.3340898274657221 0.5763023712789392 0.012771392081736915 0.03407133122476799
0 0.22489442516687147 0.545638173176648 0.011494252873563213 0.027257064979814394
0 0.24085866526904262 0.6228665239527887 0.0 0.0
0 0.19232737535844238 0.5956094589729745 0.053639846743295014 0.08631403910274534
0 0.23511153883226102 0.5978808810546257 0.00383141762452108 0.013628532489907101
0 0.2887513855755561 0.5978808810546257 0.01660280970625794 0.027257064979814203
0 0.19168880575435554 0.6205951018711375 0.014048531289910618 0.027257064979814394
0 0.48543082363430445 0.3661958287262036 -0.008939974457215888 0.009085688326604766
0 0.2791728415142533 0.3219030981340053 0.028097062579821235 0.07041408453118705
0 0.5192750126509073 0.057282425621641014 0.053639846743295014 0.07722835077614065
