0 0.8360055362779826 0.5717595271156369 0.02554278416347383 0.024985642898163324
0 0.8487769283597195 0.6149165466670096 0.017879948914431672 0.024985642898163036
0 0.8308969794452878 0.5887951927280208 0.03320561941251599 0.03634275330641916
0 0.8251498530085062 0.5990165920954512 0.03448275862068977 0.03861417538807052
0 0.7951370816164245 0.5887951927280207 0.040868454661558154 0.04542844163302402
0 0.7798114111183403 0.6092379914628816 0.053639846743295014 0.05451412995962879
0 0.8142941697390298 0.6217308129119632 0.015325670498084212 0.024985642898163227
0 0.8142941697390299 0.6285450791569167 0.02554278416347383 0.024985642898163036
0 0.8379212450902431 0.6535307220550799 0.016602809706257996 0.020442798734860892
0 0.8091856129063351 0.6399021895651728 0.035759897828863345 0.04769986371467509
