0 0.30918561290633506 0.13905362056108406 0.021711366538952698 0.08177119493944308
0 0.3583554724210222 0.190160617398236 0.00766283524904216 0.011357110408255934
0 0.5148050254222994 0.07545380227485055 0.003831417624521026 0.013628532489907197
0 0.5492877840429891 0.0924894678872345 0.019157088122605345 0.01135711040825603
0 0.5709991505819418 0.10384657829549052 0.0063856960408684845 0.01135711040825603
0 0.5186364430468204 0.19811059468401518 0.031928480204342205 0.040885597469721494
0 0.495647937299694 0.20946770509227117 0.0012771392081736754 0.004542844163302336
0 0.4969250765078677 0.3105459877257494 0.014048531289910645 0.02952848706146556
0 0.4049710535193619 0.29010318899088866 0.01149425287356324 0.020442798734860747
0 0.4119953191643172 0.34916016311381964 0.01021711366538951 0.04315701955137267
0 0.3960310790621461 0.38777433850188997 -0.006385696040868431 0.0068142662449535985
0 0.3928382310417119 0.3355316306239125 0.00766283524904216 0.015899954571558364
0 0.3564397636087617 0.28896747795006306 0.008939974457215836 0.022714220816511962
0 0.3391983842984168 0.2810175006642838 0.012771392081736915 0.020442798734860747
0 0.3404755235065905 0.32303880917483097 0.012771392081736862 0.03634275330641911
0 0.28619710715920865 0.18675348427575922 0.03959131545338442 0.08177119493944299
0 0.2121230330851346 0.13223935431613043 0.00383141762452108 0.013628532489907006
0 0.0748305682064628 0.1186108218262233 0.03320561941251597 0.06814266244953598
0 0.08377054266367864 0.24694616943951592 0.02043422733077905 0.034071331224767895
0 0.16870030000722908 0.17653208490832883 0.02171136653895275 0.05224270787797743
0 0.16870030000722908 0.23786048111291108 0.02171136653895275 0.038614175388070326
0 0.1718931480276633 0.3230388091748309 0.015325670498084294 0.05451412995962869
0 0.2625700318079954 0.26398183505189987 0.051085568326947633 0.06814266244953579
0 0.293221372804164 0.32076738709317976 0.02554278416347378 0.040885597469721494
0 0.14954321188462374 0.39913144891014596 0.008939974457215836 0.015899954571558364
0 0.09207194751680764 0.4479670236656467 0.014048531289910592 0.040885597469721494
0 0.10995189643123932 0.30373172148079575 0.006385696040868458 0.006814266244953503
0 0.21531588110556882 0.37301009497115717 0.02043422733077905 0.0272570649798143
0 0.25746147497530064 0.40253858203262277 0.010217113665389565 0.0272570649798143
0 0.2868356767632955 0.4479670236656466 0.0 0.0
0 0.3283427010289405 0.4513741567881234 0.00383141762452108 0.002271422081651263
0 0.3264269922166799 0.4229813807674835 0.0 0.0
0 0.251714348538519 0.4297956470124371 0.0012771392081736754 0.01817137665320953
0 0.26576287982842955 0.4525098678289491 0.0012771392081737292 0.013628532489907197
0 0.2606543229957348 0.46045984511472826 0.0063856960408684845 0.015899954571558364
0 0.27981141111834024 0.5047525757069264 0.006385696040868431 0.004542844163302526
0 0.2721485758692981 0.5138382640335313 0.0012771392081736754 0.004542844163302336
0 0.2331958300200005 0.5263310854826129 0.012771392081736915 0.020442798734860892
0 0.2178701595219162 0.5626738387890321 0.015325670498084294 0.02952848706146556
0 0.19935164100339767 0.5535881504624274 0.0012771392081736754 0.0022714220816510726
0 0.20062878021157138 0.5706238160748113 -0.026819923371647507 -0.0045428441633024305
0 0.14507322465601583 0.5342810627683922 0.007662835249042133 0.018171376653209437
0 0.19615879298296343 0.5286025075642641 0.005108556832694782 0.015899954571558364
0 0.20382162823200559 0.5081597088294032 0.00766283524904216 0.015899954571558364
0 0.19488165377478975 0.48771691009454254 0.017879948914431672 0.02952848706146537
0 0.19615879298296343 0.46273126719637936 0.010217113665389538 0.01589995457155827
0 0.25171434853851904 0.47976693280876337 0.00383141762452108 0.009085688326604672
0 0.24213580447721633 0.4843097769720657 0.0 0.0
0 0.23447296922817418 0.45705271199225145 0.02554278416347383 0.03634275330641916
0 0.2165930203137425 0.4525098678289491 0.012771392081736915 0.045428441633023925
0 0.24469008289356373 0.4513741567881234 0.0 0.002271422081651263
0 0.1718931480276633 0.4661384003188561 0.005108556832694755 0.03634275330641906
0 0.16806173040314223 0.47863122176793765 0.00766283524904216 0.015899954571558364
0 0.18211026169305283 0.5138382640335313 0.0 0.004542844163302336
0 0.156567477529579 0.4945311763394961 0.0025542784163473777 0.011357110408255839
0 0.1603988951541001 0.463866978237205 0.0 0.009085688326604766
0 0.16806173040314223 0.43433849117573947 0.00766283524904216 -0.013628532489907101
0 0.1718931480276633 0.4366099132573907 0.015325670498084294 0.022714220816511962
0 0.18658024892166075 0.4116242703592275 0.0012771392081737023 0.009085688326604766
0 0.1757245656521844 0.3832314943385876 0.01277139208173689 0.01135711040825603
0 0.16742316079905542 0.41957424764500667 0.01660280970625797 0.04315701955137267
0 0.1418803766355816 0.4241170918083091 0.006385696040868458 0.015899954571558364
0 0.1718931480276633 0.23104621486795757 0.09961685823754789 0.1294710586541181
