0 0.21595445070965563 0.18107492907163122 0.03448275862068964 0.05224270787797752
0 0.19168880575435554 0.16858210762254966 0.014048531289910618 0.027257064979814394
0 0.1987130713993108 0.2333176369496087 0.010217113665389538 0.002271422081651168
0 0.20701447625243982 0.21855339341887592 0.021711366538952726 0.03179990914311673
0 0.18785738812983444 0.21060341613309674 0.014048531289910592 0.015899954571558364
0 0.18211026169305283 0.201517727806492 0.012771392081736915 0.01135711040825603
0 0.1687003000072291 0.19811059468401518 0.019157088122605373 0.022714220816511962
0 0.1520974903009711 0.18221064011245683 0.02171136653895275 0.03634275330641916
0 0.12208471890888938 0.1526821530509912 0.017879948914431672 0.027257064979814585
0 0.1699774392154028 0.22536765966382952 0.019157088122605345 0.027257064979814394
