0 0.7747565579054373 0.6661429349407794 0.018396846254927796 0.01869669897432736
0 0.759644862767461 0.693019439716375 0.03547963206307484 0.03973048532044562
0 0.7708143765650957 0.5971988574729475 0.02890932982917213 0.03973048532044552
0 0.7386198956189721 0.6053786632742157 0.03285151116951386 0.023370873717909153
0 0.714309777353532 0.6264124496203339 0.023653088042049856 0.028045048461491136
0 0.7241652307043861 0.6392664301651839 0.006570302233902816 0.02103378634611835
0 0.7228511702576056 0.6661429349407795 0.030223390275952673 0.023370873717909153
0 0.7175949284704835 0.7047048765753295 0.030223390275952673 0.025707961089699954
0 0.6748879639501154 0.7467724492675659 0.02890932982917213 0.03505631057686382
0 0.6893426288647014 0.6649743912548839 0.02890932982917213 0.03973048532044552
0 0.6643754803758709 0.6182326438190657 0.03679369250985549 0.03505631057686373
0 0.6479497247911141 0.6556260417677202 0.030223390275952673 0.049078834807609294
0 0.5940732464731113 0.6895138086586885 0.03285151116951386 0.02804504846149085
0 0.5474241006124018 0.7304128376650295 0.05519053876478318 0.03973048532044562
0 0.5671350073141102 0.8519413809981571 0.02890932982917213 0.09114640749984572
0 0.5158866498896686 0.7900085656456979 0.05781865965834426 0.032719223205072735
0 0.5487381610591824 0.667311478626675 0.03679369250985549 0.035056310576863536
0 0.5401967681551089 0.5773336148127247 0.0433639947437582 0.05609009692298189
0 0.5704201584310615 0.6275809933062293 0.024967148488830505 0.08179805801268213
0 0.6308669389829669 0.5901875953575747 0.022339027595269314 0.06310135903835487
0 0.668974691939603 0.5235806052615337 0.009198423127463898 0.037393397948654435
0 0.6768590546202862 0.49319846942825174 0.02759526938239159 0.03739339794865453
0 0.6078708811643072 0.4978726441718335 0.026281208935611047 0.04206757269223632
0 0.5809326420053058 0.5130637120884746 0.01708278580814715 0.03038213583328184
0 0.5651639166439393 0.5317604110628018 0.014454664914586066 0.03505631057686382
0 0.5395397379317185 0.5060524499731017 0.013140604467805524 0.011685436858954576
0 0.5303413148042547 0.47683885782571533 0.013140604467805416 0.014022524230745473
0 0.51917180100662 0.4616477899090744 0.014454664914586066 0.016359611602536465
0 0.5973583975900628 0.4359398288193743 0.023653088042049963 0.03505631057686373
0 0.6223255460788932 0.46515342096676077 0.02102496714848888 0.04206757269223642
0 0.6348091203233086 0.48618720731287907 0.009198423127463898 0.023370873717909153
0 0.48172107827337424 0.5329289547486973 0.01051248357424444 0.014022524230745377
0 0.450183627550641 0.4990411878577291 0.023653088042049963 0.04440466006402741
0 0.46858047380556866 0.4791759451975063 0.007884362680683304 0.03739339794865472
0 0.46003908090149515 0.6439406049087657 0.019710906701708285 0.03038213583328184
0 0.4560968995611535 0.7678062356136842 0.04073587385019711 0.03505631057686382
0 0.4666093831353979 0.8554470120558435 0.03810775295663603 0.01869669897432736
0 0.5007749547516922 0.8869976915750208 0.05124835742444155 0.04440466006402741
0 0.3963071492326383 0.7374240997804024 0.052562417871222095 0.021033786346118258
0 0.36936891007363704 0.7806602161585342 0.04862023653088041 0.051415922179400095
0 0.36214157761634397 0.6649743912548841 0.04467805519053879 0.049078834807609203
0 0.37068297052041754 0.6860081776010022 0.02233902759526942 0.03973048532044542
0 0.34834394292514814 0.675491284427943 0.032851511169513806 0.03739339794865472
0 0.34702988247836764 0.705873420261225 0.019710906701708285 0.06543844641014566
0 0.44295629509334794 0.6030415759024247 0.02759526938239159 0.046741747435818305
0 0.42784459995537155 0.5820077895563065 0.028909329829172183 0.042067572692236516
0 0.41601805593434665 0.555131284780711 0.013140604467805524 0.03038213583328203
0 0.43178678129571324 0.550457110037129 0.01051248357424444 0.016359611602536368
0 0.4403281741997868 0.5551312847807108 0.011826544021024928 0.025707961089700047
0 0.38776575632856475 0.5025468189154154 0.02233902759526937 0.023370873717909153
0 0.3595134567227829 0.4803444888834017 0.02365308804204991 0.02103378634611816
0 0.3562283056058315 0.5317604110628018 0.024967148488830505 0.002337087371790896
0 0.37331109141397867 0.5446143916076519 0.024967148488830453 0.032719223205072735
0 0.3700259402970273 0.5586369158383974 0.013140604467805524 0.01869669897432717
0 0.36739781940346616 0.5656481779537701 0.01576872536136666 0.01869669897432736
0 0.3785673332011009 0.5679852653255609 -0.0013140604467805415 0.0
0 0.39565011900924807 0.6007044885306337 -0.011826544021024982 -0.023370873717909153
0 0.41010478392383415 0.6100528380177975 0.02233902759526942 0.028045048461490946
0 0.3516290940420996 0.5691538090114565 0.026281208935611047 0.03973048532044542
0 0.31614946197902466 0.5457829352935474 0.02102496714848888 0.08179805801268185
0 0.3089221295217316 0.6310866243639157 0.02759526938239159 0.02804504846149085
0 0.30432291795799965 0.7117161386907023 0.01051248357424444 0.01635961160253656
0 0.300380736617658 0.7350870124086115 0.028909329829172183 0.025707961089699954
0 0.2767276485756081 0.7491095366393569 0.02890932982917213 0.03505631057686382
0 0.23467771427863043 0.7245701192355523 0.03416557161629433 0.042067572692236606
0 0.23993395606575266 0.6976936144599567 0.018396846254927716 0.025707961089700047
0 0.23730583517219153 0.6941879834022704 0.034165571616294375 0.032719223205072735
0 0.2655581347779734 0.6848396339151067 0.032851511169513806 0.042067572692236516
0 0.2616159534376317 0.664974391254884 0.03285151116951376 0.04440466006402722
0 0.24781831874643595 0.6042101195883202 0.03679369250985549 0.04440466006402741
0 0.23927692584236235 0.5387716731781746 0.009198423127463846 0.021033786346118258
0 0.28658310192646225 0.580839245870411 0.009198423127463846 0.025707961089700238
0 0.28198389036273025 0.5586369158383974 0.021024967148488827 0.03271922320507293
0 0.28132686013934005 0.542277304235861 0.01708278580814715 0.01869669897432736
0 0.2747565579054373 0.5305918673769063 0.030223390275952673 0.03739339794865472
0 0.27015734634170535 0.50137827522952 0.026281208935611047 0.007011262115372784
0 0.2110246262365805 0.5154007994602655 0.04204993429697768 0.02103378634611816
0 0.22219414003421517 0.6170641001331701 0.03547963206307489 0.05609009692298198
0 0.21890898891726382 0.6416035175369749 0.04467805519053879 0.049078834807609203
0 0.18145826618401809 0.6310866243639156 0.03810775295663603 0.05609009692298189
0 0.18145826618401806 0.5492885663512338 0.032851511169513806 0.02804504846149104
0 0.16043329903552922 0.5668167216396656 0.017082785808147174 0.05842718429477298
0 0.1367802109934793 0.5983674011588429 0.035479632063074903 0.03739339794865472
0 0.13546615054669875 0.6439406049087657 0.02759526938239159 0.035056310576863633
0 0.08421779312225722 0.596030313787052 0.019710906701708285 0.05609009692298208
0 0.07304827932462253 0.5598054595242927 0.049934296977660976 0.05375300955119099
0 0.015229619666278237 0.35881594555027413 0.01576872536136663 0.049078834807609294
0 0.13940833188704038 0.45463652779370156 0.019710906701708285 0.07712388326910015
0 0.1236396065256738 0.3927037124412424 0.022339027595269408 0.06076427166656378
0 0.1446645736741626 0.3927037124412424 0.009198423127463846 0.028045048461491088
0 0.0796185815585253 0.45346798410780614 0.01839684625492773 0.06076427166656378
0 0.048738161059182314 0.46047924622317893 0.030223390275952697 0.042067572692236516
0 0.0546514330696948 0.3062314796849786 0.02102496714848884 0.03739339794865467
0 0.023771012570351826 0.18470293635185098 0.019710906701708282 0.028045048461490946
