0 0.7465042582996555 0.6731541970561523 0.019710906701708338 0.04674174743581821
0 0.73336365383185 0.647446235966452 0.02233902759526942 0.03271922320507283
0 0.7189089889172638 0.6310866243639157 0.02759526938239159 0.02804504846149085
0 0.7116816564599708 0.6731541970561522 0.0341655716162944 0.03271922320507293
0 0.6893426288647014 0.6813340028574203 0.0341655716162944 0.04440466006402731
0 0.6847434173009695 0.647446235966452 0.030223390275952673 0.03271922320507283
0 0.6873715381945307 0.6392664301651839 0.01708278580814715 0.035056310576863633
0 0.6545200270250168 0.6287495369921248 0.02759526938239159 0.03739339794865472
0 0.6098419718344781 0.6544574980818249 0.02233902759526942 0.03271922320507293
0 0.6019576091537947 0.6229068185626475 0.019710906701708338 0.03973048532044562
0 0.5776474908883545 0.5948617701011565 0.03679369250985549 0.05375300955119119
