0 0.9830351387201548 0.0842081793648416 0.024967148488830398 0.03271922320507293
0 0.9771218667096424 0.06668002407640977 0.00788436268068325 0.021033786346118258
0 0.9882913805072769 0.046814781416186974 0.014454664914586066 0.01869669897432736
0 0.9587250204547145 0.060837305646932446 0.015768725361366608 0.028045048461491147
0 0.9685804738055687 0.05499458721745511 0.011826544021024874 0.025707961089700047
0 0.916675086157737 0.038634975614918826 0.021024967148488772 0.025707961089700047
0 0.921274297721469 0.026949538755964158 0.024967148488830505 0.03038213583328184
0 0.8956501190092482 0.04681478141618697 0.023653088042049963 0.04206757269223632
0 0.8963071492326384 0.021106820326487013 0.02233902759526942 0.03739339794865472
0 0.8851376354350038 0.04097206298670973 0.015768725361366715 0.035056310576863633
0 0.9455844159869091 0.22677050904408744 0.013140604467805524 0.03271922320507283
0 0.9363859928594452 0.18353439266595553 0.026281208935611047 0.03973048532044562
0 0.9403281741997869 0.13211847048655548 0.013140604467805524 0.04907883480760908
0 0.94755550665708 0.0970621599096918 0.006570302233902708 0.021033786346118258
0 0.914046965264176 0.24546720801841476 0.01839684625492769 0.03739339794865472
0 0.8976212096794188 0.18587148003774645 0.024967148488830398 0.04440466006402741
0 0.8989352701261994 0.1765231305505828 0.024967148488830505 0.030382135833281938
0 0.90024933057298 0.1578264315762554 0.019710906701708126 0.03505631057686382
0 0.9087907234770536 0.13912973260192812 0.02890932982917213 0.03038213583328184
0 0.8719970309671983 0.21742215955692376 0.021024967148488772 0.014022524230745473
0 0.8746251518607593 0.21041089744155103 0.021024967148488772 0.01869669897432736
0 0.8516290940420997 0.25364701381968296 0.030223390275952673 0.03505631057686373
0 0.8581993962760025 0.03863497561491883 0.035479632063075056 0.03038213583328184
0 0.8483439429251484 0.017601189268800575 0.03942181340341646 0.03038213583328184
0 0.8325752175637817 0.022275364012382365 0.03679369250985549 0.025707961089700047
0 0.8634556380631246 0.15198371314677817 0.024967148488830613 0.018696698974327335
0 0.8595134567227829 0.1601635189480464 0.01708278580814715 0.002337087371790896
0 0.8588564264993926 0.16951186843521002 0.04993429697766101 0.030382135833281938
0 0.8417736406912455 0.21391652849923742 0.03942181340341657 0.0397304853204455
0 0.8398025500210746 0.21157944112744648 0.03810775295663603 0.04440466006402741
0 0.8470298824783676 0.17184895580700096 0.026281208935611047 0.025707961089700047
0 0.8687118798502469 0.10056779096737806 0.02233902759526942 0.046741747435818305
0 0.8450587918081969 0.09823070359558705 0.024967148488830505 0.032719223205072735
0 0.8332322477871719 0.10757905308275073 0.03285151116951386 0.03739339794865472
0 0.8430877011380261 0.10173633465327342 0.031537450722733215 0.035056310576863633
0 0.816806492202415 0.10290487833916895 0.026281208935611047 0.028045048461491136
0 0.8352033384573427 0.08303963567894615 0.026281208935611047 0.03038213583328203
0 0.819434613095976 0.04330915035850062 0.02890932982917213 0.011685436858954672
0 0.8240338246597081 0.22677050904408746 0.01971090670170823 0.05141592217940024
0 0.8030088575112192 0.2688380817363239 0.03285151116951376 0.051415922179400095
0 0.7865831019264623 0.2396244895889375 0.023653088042049963 0.025707961089700193
0 0.7951244948305359 0.19755691689670102 0.02759526938239159 0.03038213583328184
0 0.7497894094166069 0.17418604317879188 0.023653088042049963 0.03038213583328184
0 0.7635870441078026 0.1648376936916282 0.014454664914586066 0.03505631057686373
0 0.7681862556715345 0.11809594625580996 0.015768725361366608 0.030382135833282045
0 0.7957815250539262 0.09238798516610981 0.021024967148488772 0.021033786346118244
0 0.8069510388515608 0.07018565513409622 0.014454664914586066 0.03271922320507293
0 0.7754135881288277 0.05616313090335065 0.024967148488830505 0.046741747435818305
0 0.7832979508095109 0.0304551698136506 0.014454664914586066 0.042067572692236516
0 0.7557026814271194 0.27234371279401026 0.02759526938239159 0.049078834807609203
0 0.7103675960131903 0.24313012064662382 0.023653088042049963 0.03271922320507283
0 0.7208800795874347 0.21859070324281926 0.031537450722733215 0.049078834807609176
0 0.7366488049488014 0.15899497526215095 0.005256241787122166 0.028045048461490946
0 0.7340206840552402 0.13094992680065998 0.00788436268068325 0.028045048461490946
0 0.7622729836610221 0.09121944148021437 0.014454664914586066 0.023370873717909142
0 0.7616159534376319 0.08070254830715534 0.005256241787122274 0.03038213583328183
0 0.7497894094166069 0.06668002407640977 0.005256241787122166 0.025707961089700047
0 0.7649011045545833 0.032792257185441494 0.0013140604467804344 0.028045048461490755
0 0.7445331676294846 0.04214060667260518 0.00788436268068325 0.01869669897432736
0 0.7373058351721916 0.030455169813650502 0.006570302233902816 0.032719223205072735
0 0.7491323791932165 0.008252839781636894 0.003942181340341625 0.011685436858954481
0 0.7281074120447277 0.1040734220250644 0.009198423127463898 0.049078834807609203
0 0.7116816564599708 0.08654526673663249 0.013140604467805524 0.03739339794865472
0 0.7248222609277764 0.07135419881999155 0.007884362680683358 0.04907883480760938
0 0.7116816564599708 0.008252839781636991 0.007884362680683358 0.021033786346118258
0 0.6952559008752138 0.05966876196103709 0.003942181340341625 0.021033786346118258
0 0.7011691728857263 0.09355652885200537 0.007884362680683358 0.046741747435818305
0 0.7136527471301417 0.12043303362760083 0.011826544021024982 0.04440466006402734
0 0.7123386866833611 0.16834332474931457 0.011826544021024982 0.03739339794865465
0 0.6985410519921653 0.18704002372364192 0.013140604467805524 0.03739339794865462
0 0.6775160848436765 0.16016351894804642 0.023653088042049963 0.04440466006402731
0 0.6643754803758709 0.1730174994928964 0.02102496714848888 0.03739339794865472
0 0.6670036012694321 0.23611885853125109 0.031537450722733215 0.046741747435818305
0 0.6341520900999182 0.1893771110954328 0.03153745072273332 0.046741747435818305
0 0.6420364527806016 0.12277012099939173 0.042049934296977655 0.05375300955119098
0 0.6683176617162127 0.05616313090335066 0.0341655716162943 0.03739339794865473
0 0.6604332990355294 0.0327922571854415 0.026281208935611047 0.03271922320507293
0 0.6676606314928223 0.017601189268800575 0.0433639947437583 0.0444046600640276
0 0.5940732464731114 0.25715264487736933 0.035479632063074945 0.046741747435818305
