0 0.04282488904866983 0.2805235185952785 0.07358738501971092 0.08880932012805487
0 0.03362646592120597 0.21041089744155103 0.05781865965834429 0.046741747435818305
0 0.034940526367986516 0.17769167423647825 0.05519053876478319 0.06076427166656378
0 0.041510828601889274 0.15315225683267367 -0.005256241787122214 -0.016359611602536368
0 0.051366281952743426 0.016432645582905126 0.05124835742444154 0.028045048461490946
0 0.12692475764262517 0.008252839781636894 0.05519053876478319 0.011685436858954481
0 0.14794972479111396 0.033960800871336946 0.023653088042049936 0.03505631057686382
0 0.09078809535615999 0.0549945872174552 0.051248357424441525 0.04440466006402741
0 0.09144512557955026 0.20456817901207375 0.05519053876478319 0.05842718429477288
0 0.14926378523789458 0.11926448994170533 0.06307490144546651 0.05141592217940029
0 0.18211529640740837 0.18704002372364187 0.07884362680683314 0.07946097064089104
0 0.21430977735353188 0.14380390734550996 0.06701708278580816 0.04440466006402731
0 0.18605747774775 0.07836546093536434 0.060446780551905395 0.04907883480760919
0 0.2517605000867776 0.06200584933282799 0.05256241787122201 0.04907883480760939
0 0.2872401321498525 0.0818710919930507 0.06570302233902761 0.05609009692298189
0 0.33980255002107457 0.05382604353155976 0.04204993429697771 0.03271922320507293
0 0.34702988247836764 0.024612451384173263 0.06438896189224702 0.04440466006402722
