0 0.5401967681551088 0.02928662612775515 0.01971090670170823 0.03973048532044562
0 0.48566325961371587 0.022275364012382365 0.021024967148488772 0.025707961089700047
0 0.3890798167753453 0.007084296095741446 0.01708278580814715 0.023370873717909343
0 0.37659624253093005 0.03629788824312784 0.031537450722733215 0.03973048532044562
0 0.34177364069124544 0.016432645582905126 0.024967148488830505 0.03739339794865453
0 0.3286330362234399 0.08771381042252803 0.009198423127463898 0.01635961160253645
0 0.3516290940420996 0.09823070359558717 0.007884362680683304 0.023370873717908962
0 0.4048485421367119 0.07719691724946891 0.014454664914586066 0.028045048461491136
0 0.3772532727543203 0.11575885888401907 0.009198423127463898 0.016359611602536274
0 0.3976212096794189 0.1017363346532736 0.007884362680683358 0.03038213583328184
0 0.4232453883916396 0.1461409947173009 0.019710906701708285 0.049078834807609203
0 0.2675292254481443 0.09472507253790072 0.015768725361366608 0.03038213583328184
