0 0.7156238378003125 0.8297390509661434 0.03679369250985549 0.037393397948654435
0 0.6893426288647014 0.8823235168314391 0.026281208935611047 0.03038213583328184
0 0.6676606314928224 0.8098738083059208 0.04073587385019711 0.049078834807609203
0 0.6532059665782363 0.7853343909021161 0.019710906701708338 0.04206757269223632
0 0.6387513016636501 0.7853343909021161 0.02759526938239148 0.03739339794865453
0 0.6295528785361864 0.8016940025046526 0.030223390275952673 0.032719223205072735
0 0.6459786341209433 0.8496042936263661 0.023653088042049856 0.04440466006402741
0 0.6249536669724545 0.843761575196889 0.0341655716162943 0.042067572692236516
0 0.6164122740683808 0.8203907014789797 0.024967148488830505 0.01869669897432717
0 0.5783045211117448 0.8098738083059208 0.024967148488830398 0.049078834807609203
0 0.5802756117819156 0.774817497729057 0.023653088042049856 0.04440466006402741
0 0.5723912491012323 0.7584578861265205 0.026281208935611047 0.035056310576863536
0 0.5993294882602337 0.7643006045559979 0.014454664914586171 0.042067572692236516
0 0.5888170046859892 0.7198959444919705 0.02759526938239159 0.05609009692298189
