0 0.9856632596137159 0.06668002407640977 0.02233902759526953 0.04907883480760939
0 0.9436133253167382 0.01292701452521878 0.01971090670170823 0.025707961089700047
0 0.5020890151984727 0.15081516946088266 0.06176084099868599 0.06310135903835487
0 0.5553084632930851 0.20223109164028286 0.07621550591327206 0.06310135903835468
0 0.300380736617658 0.2583211885632648 0.03416557161629435 0.03038213583328184
0 0.2543886209803387 0.37517555715281053 0.021024967148488827 0.03505631057686373
0 0.29446746460714557 0.46164778990907435 0.030223390275952673 0.05842718429477278
0 0.3536001847122704 0.5189064305179518 0.024967148488830453 0.04206757269223632
0 0.312207280638683 0.5516256537230246 0.01576872536136666 0.05609009692298189
0 0.35491424515905096 0.53994021686407 0.019710906701708285 0.01869669897432736
