0 0.4324438115191035 0.55279419740892 0.014454664914586066 0.03973048532044552
0 0.4495265973272507 0.5995359448447384 0.01708278580814715 0.03505631057686382
0 0.43770005330622574 0.6147270127613793 0.019710906701708285 0.023370873717909153
0 0.43572896263605493 0.6334237117357067 0.018396846254927744 0.051415922179400095
0 0.4140469652641758 0.624075362248543 0.014454664914586066 0.03739339794865472
0 0.40419151191332164 0.6007044885306339 0.01839684625492769 0.042067572692236516
0 0.39170793766890644 0.6088842943319019 0.024967148488830505 0.03973048532044562
0 0.3759392123075398 0.5574683721525019 0.014454664914586066 0.039730485320445715
0 0.3792243634244912 0.5481200226653382 0.010512483574244386 0.016359611602536465
0 0.350315033595319 0.5668167216396656 0.007884362680683358 0.01635961160253656
0 0.3476869127017579 0.5843448769280974 0.01576872536136666 0.03271922320507293
0 0.39565011900924807 0.583176333242202 0.019710906701708285 0.025707961089700047
