0 0.5277131939106935 0.2478042953902057 0.0341655716162944 0.03739339794865462
0 0.9179891466045176 0.7397611871521933 0.08147174770039423 0.06310135903835468
0 0.7609589232142415 0.26182681962095117 0.02759526938239159 0.05609009692298198
0 0.7359917747254111 0.17652313055058272 0.0433639947437582 0.07244970852551845
0 0.735991774725411 0.21625361587102837 0.02759526938239159 0.049078834807609203
0 0.730735532938289 0.28870332439654667 0.030223390275952673 0.05842718429477288
0 0.7011691728857264 0.2349503148453556 0.021024967148488772 0.04440466006402741
0 0.6873715381945307 0.19755691689670102 0.01971090670170823 0.03038213583328184
0 0.6972269915453847 0.13796118891603268 0.026281208935611047 0.07011262115372748
0 0.6893426288647014 0.14380390734551002 0.0341655716162944 0.05375300955119099
0 0.6578051781419681 0.1519837131467782 0.0341655716162944 0.06076427166656378
0 0.6630614199290904 0.25247847013378755 0.021024967148488987 0.023370873717909153
0 0.6847434173009695 0.29805167388371034 0.024967148488830505 0.03973048532044552
0 0.6512348759080654 0.2559841011914739 0.018396846254927796 0.03038213583328184
0 0.6696317221629932 0.3366136155182604 0.031537450722733215 0.03739339794865462
0 0.6354661505466989 0.3027258486272922 0.02890932982917213 0.03038213583328184
0 0.5940732464731113 0.32492817865930584 0.03285151116951386 0.06076427166656378
0 0.6223255460788933 0.3132427418003513 0.023653088042049963 0.03739339794865462
