0 0.7957815250539262 0.404389149300197 0.06044678055190545 0.07946097064089114
0 0.6617473594823099 0.38218681926818326 0.05781865965834426 0.06310135903835468
0 0.6223255460788932 0.3845239066399742 0.0341655716162944 0.030382135833281938
0 0.6203544554087225 0.2583211885632648 0.0433639947437582 0.07244970852551835
0 0.5750193699947934 0.34011924657594683 0.031537450722733215 0.030382135833281792
0 0.61444118339821 0.3541417708066923 0.018396846254927796 0.04440466006402741
0 0.5533373726229144 0.19755691689670102 0.05124835742444155 0.06310135903835477
0 0.5329694356978157 0.14380390734550996 0.042049934296977655 0.03973048532044552
0 0.5172007103364491 0.2968831301978148 0.04467805519053884 0.046741747435818305
0 0.5737053095480129 0.31441128548624675 0.023653088042049963 0.03505631057686373
0 0.7005121426623361 0.4277600230181061 0.03285151116951386 0.05609009692298198
0 0.4639812622418368 0.3880295376976606 0.030223390275952673 0.03739339794865472
0 0.5014319849750826 0.3366136155182604 0.023653088042049963 0.03739339794865462
0 0.516543680113059 0.4114004114155697 0.02233902759526942 0.051415922179400095
0 0.44361332531673814 0.32843380971699226 0.04730617608409987 0.03973048532044557
0 0.4580679902313243 0.33895070289005136 0.026281208935610992 0.023370873717909153
0 0.43770005330622574 0.26065827593505575 0.01708278580814715 0.03505631057686373
0 0.4035344816899314 0.34128779026184225 0.030223390275952673 0.01869669897432736
0 0.4199602372746883 0.3740070134669151 0.03679369250985543 0.023370873717909153
0 0.32863303622343987 0.3027258486272922 0.04599211563731933 0.049078834807609203
0 0.32929006644683023 0.25364701381968296 0.03679369250985549 0.03973048532044552
