0 0.10995189643123932 0.11520368870374646 0.006385696040868458 0.002271422081651168
0 0.07355342899828912 0.1731249517858521 0.0 0.0
0 0.07291485939420228 0.14700359784686334 0.014048531289910592 0.020442798734860795
0 0.08824052989228656 0.30600314356244696 0.006385696040868458 0.011357110408255934
0 0.09207194751680763 0.28896747795006295 0.00383141762452108 0.013628532489907197
0 0.060143467312465365 0.26511754609272553 0.011494252873563227 0.024985642898163133
0 0.0339621135449047 0.16858210762254966 0.02043422733077906 0.03634275330641906
0 0.01927501265090725 0.28215321170510943 0.008939974457215836 0.027257064979814345
0 0.03907067037759946 0.27647465650098146 0.00766283524904214 0.015899954571558413
0 0.08632482108002602 0.36051727352207563 0.005108556832694755 0.02952848706146556
0 0.10484333959854455 0.3696029618486804 0.008939974457215836 0.015899954571558364
0 0.14698893346827635 0.3741458060119828 0.006385696040868458 0.038614175388070326
0 0.111229035639413 0.41162427035922755 0.014048531289910604 0.022714220816511962
