0 0.2312801212077399 0.6433093226876496 0.014048531289910592 0.013628532489907197
0 0.23511153883226102 0.6262736570752655 0.008939974457215836 0.024985642898163227
0 0.21020732427287403 0.6171879687486608 0.022988505747126426 0.052242707877977336
0 0.2082916154606135 0.5751666602381136 0.019157088122605345 0.02725706497981449
0 0.18083312248487918 0.53995961797252 0.017879948914431672 0.056785552041279955
0 0.18849595773392128 0.5728952381564624 0.005108556832694755 0.022714220816512153
0 0.17636313525627123 0.5808452154422418 0.014048531289910592 0.020442798734860892
0 0.16678459119496858 0.6046951472995791 0.015325670498084294 0.01817137665320953
0 0.17125457842357647 0.6353593454018703 0.019157088122605373 0.05224270787797743
0 0.14826607267645003 0.585388059605544 0.011494252873563213 0.05224270787797752
0 0.1252775669293236 0.6535307220550799 0.029374201787994884 0.05678555204128005
