0 0.3775125605436276 0.5524524394216017 0.0842911877394636 0.09539972742935028
0 0.5071421901732572 0.6285450791569166 0.13409961685823765 0.12947105865411818
0 0.6693388696113161 0.5694881050339856 0.15708812260536412 0.17944234445044444
0 0.7823656895346877 0.718266251382139 0.19157088122605367 0.17717092236879348
0 0.8826211173763223 0.4706812444821586 0.136653895274585 0.13628532489907177
0 0.8047156256777273 0.43320278013491387 0.1519795657726692 0.12038537032751333
0 0.6725317176317502 0.47976693280876337 0.035759897828863345 0.07268550661283812
0 0.8985853574784934 0.29010318899088855 0.086845466155811 0.09767114951100135
0 0.9464780777850068 0.23672477007208553 0.08556832694763733 0.16808523404218842
0 0.9975636461119546 0.17993921803080565 0.031928480204342205 0.08631403910274542
