0 0.3998624966866671 0.05387529249916426 0.02937420178799491 0.04769986371467509
0 0.4056096231234488 0.07545380227485064 0.017879948914431672 0.027257064979814394
0 0.44073095134822526 0.022075383356047435 0.03192848020434226 0.02952848706146556
0 0.4918165196751729 0.019803961274396268 0.03448275862068967 0.024985642898163227
0 0.49820221571604134 0.03570391584595463 0.024265644955300047 0.02952848706146556
0 0.5135278862141257 0.04138247105008265 0.014048531289910645 0.04088559746972159
0 0.44009238174413845 0.1117965555812697 0.03320561941251594 0.027257064979814394
0 0.45222520422178847 0.14359646472438645 0.014048531289910645 0.018171376653209722
0 0.4394538121400515 0.16858210762254966 0.024265644955300154 0.03634275330641906
0 0.5211907214631678 0.16290355241842155 0.011494252873563187 0.047699863714675286
0 0.46052660907491744 0.060689558744117765 0.028097062579821183 0.03407133122476809
