0 0.3666568772741512 0.1663106855408984 0.016602809706257996 0.06814266244953598
0 0.3232341441962457 0.0720466691523738 0.03192848020434226 0.0204427987348607
0 0.2823656895346876 0.022075383356047435 0.04725415070242653 0.02952848706146556
0 0.2664014494325164 0.17539637386750329 0.04342273307790545 0.03179990914311673
0 0.26384717101616906 0.18561777323493361 0.02554278416347383 0.002271422081651168
0 0.2612928925998217 0.2287747927863063 0.038314176245210746 0.020442798734860795
0 0.29577565122051136 0.2651175460927254 0.030651340996168532 0.020442798734860747
0 0.2280872731873057 0.2537604356844695 0.017879948914431672 0.011357110408255934
0 0.23000298199956629 0.2083319940514456 0.03959131545338445 0.01135711040825603
0 0.1942430841707029 0.20378914988814317 0.03192848020434226 0.020442798734860795
0 0.15273605990505795 0.19924630572484076 0.04597701149425285 0.024985642898163133
0 0.13294040217836575 0.17993921803080565 0.04725415070242657 0.0272570649798143
0 0.16486888238270803 0.07431809123402495 0.03703703703703704 0.02952848706146575
0 0.10739761801489194 0.10157515621383925 0.039591315453384436 0.02952848706146556
0 0.05950489770837852 0.18561777323493361 0.03575989782886335 0.0204427987348607
0 0.07036058097785489 0.15608928617346812 0.034482758620689655 0.0068142662449535985
0 0.05375777127159691 0.13564648743860735 0.04469987228607918 0.02952848706146556
0 0.06397488493698644 0.08340377956062973 0.026819923371647514 0.038614175388070236
0 0.09271051712089448 0.022075383356047435 0.03831417624521072 0.02952848706146556
0 0.06844487216559435 0.0039040067028379985 0.022988505747126433 0.01135711040825603
0 0.023106430275428323 0.02093967231522185 0.031928480204342274 0.03634275330641906
0 0.02374499987951517 0.0788609353973273 0.0280970625798212 0.024985642898163036
0 0.021829291067254633 0.099303734132188 0.031928480204342274 0.015899954571558378
