0 0.5793005554350708 0.0856752016422809 0.028097062579821183 0.0749569286944893
0 0.6208075797007158 0.28896747795006295 0.021711366538952698 0.06814266244953585
0 0.5582277585002048 0.21287483821474795 0.031928480204342316 0.07495692869448939
0 0.4879851020506518 0.30373172148079575 0.0191570881226054 0.034071331224767895
0 0.4994793549242151 0.34802445207299404 0.026819923371647507 0.03634275330641916
0 0.5346006831489916 0.32531023125648206 0.012771392081736969 0.0272570649798143
0 0.5607820369165523 0.3673315397670292 0.026819923371647507 0.038614175388070236
0 0.5735534289982891 0.30827456564409816 0.011494252873563187 0.024985642898163133
0 0.5933490867249813 0.3684672508078548 0.01021711366538951 0.01817137665320953
0 0.6073976180148919 0.41389569244087865 0.005108556832694809 0.009085688326604766
