0 0.7549071965589533 0.6069665693812304 0.08812260536398478 0.09539972742935028
0 0.5939876563290681 0.06863953602989695 0.008939974457215836 0.03634275330641906
0 0.6163375924721077 0.07318238019319948 0.005108556832694809 0.03179990914311673
0 0.5805776946432445 0.08908233476475774 0.010217113665389403 0.013628532489907197
0 0.5869633906841129 0.1061180003771417 0.007662835249042052 0.0204427987348607
0 0.6246389973252368 0.1186108218262232 0.016602809706257996 0.0408855974697214
0 0.6342175413865395 0.14132504264273532 0.012771392081736754 0.031799909143116825
0 0.5927105171208945 0.17880350698998007 0.019157088122605345 0.024985642898163133
0 0.5703605809778549 0.18334635115328243 0.01021711366538951 0.015899954571558364
0 0.5537577712715969 0.20038201676566642 0.02298850574712648 0.045428441633023925
0 0.5346006831489916 0.23331763694960872 0.01532567049808432 0.01135711040825603
0 0.5543963408756838 0.32871736437895893 0.026819923371647507 0.02952848706146556
