0 0.19232737535844238 0.5274667965234385 0.10217113665389527 0.11811394824586224
0 0.2881128159714692 0.1220179549487001 0.051085568326947606 0.043157019551372855
0 0.25937718378756114 0.05614671458081543 0.02171136653895275 0.05224270787797743
0 0.2421358044772163 0.014125406070268349 0.028097062579821207 0.027257064979814394
0 0.29513708161642443 0.019803961274396268 0.008939974457215888 0.02952848706146556
0 0.2606543229957348 0.08113235747897857 0.026819923371647507 0.038614175388070236
0 0.2363886780404347 0.09816802309136252 0.02426564495530013 0.018171376653209354
0 0.20318305862791874 0.09476088996888565 0.008939974457215836 0.015899954571558364
0 0.21340017229330827 0.2174176823780504 0.019157088122605373 0.038614175388070326
0 0.23511153883226102 0.06977524707072252 0.016602809706257996 0.020442798734860892
0 0.08696339068411288 0.10838942245879286 0.024265644955300116 0.02952848706146537
0 0.06716773295742066 0.07431809123402497 0.030651340996168595 0.024985642898163036
