0 0.5277131939106936 0.6474462359664521 0.04993429697766101 0.023370873717909055
0 0.4988038640815214 0.6567945854536159 0.04730617608409982 0.07011262115372746
0 0.46792344358217847 0.6392664301651839 0.043363994743758245 0.03038213583328184
0 0.48960544095405756 0.6953565270881659 0.03416557161629446 0.049078834807609203
0 0.4606961111248854 0.6883452649727931 0.039421813403416515 0.09114640749984552
0 0.4567539297845437 0.652120410710034 0.031537450722733215 0.051415922179400095
0 0.3719970309671981 0.6836710902292112 0.032851511169513806 0.049078834807609294
0 0.3595134567227829 0.6112213817036929 0.04204993429697771 0.049078834807609294
0 0.30300885751121914 0.6018730322165293 0.02890932982917213 0.03038213583328203
0 0.3299470966702205 0.6182326438190657 0.011826544021024982 0.03505631057686373
0 0.3568853358292218 0.6299180806780202 0.02102496714848888 0.025707961089700047
0 0.35557127538244127 0.6486147796523476 0.023653088042049963 0.025707961089699954
0 0.3516290940420996 0.6719856533702567 0.042049934296977655 0.049078834807609203
0 0.4015633910197606 0.6719856533702567 0.031537450722733264 0.049078834807609203
0 0.41470399548756604 0.6404349738510794 0.03416557161629435 0.03739339794865453
0 0.4370430230828355 0.6194011875049611 0.02102496714848888 0.05609009692298208
0 0.4087907234770536 0.6194011875049611 0.04599211563731933 0.03739339794865453
