0 0.4232453883916396 0.6147270127613793 0.006570302233902762 0.04206757269223642
0 0.4179891466045174 0.5714908963832473 0.014454664914586066 0.035056310576863633
0 0.40419151191332164 0.5551312847807108 0.013140604467805524 0.025707961089700047
0 0.4107618141472244 0.6182326438190656 0.013140604467805524 0.05375300955119109
0 0.4028774514665411 0.5843448769280974 0.026281208935611047 0.04206757269223642
0 0.381195454094662 0.6158955564472748 0.02233902759526937 0.04907883480760939
0 0.36674078918007597 0.5796707021845156 0.030223390275952725 0.046741747435818305
0 0.3581993962760023 0.6123899253895884 0.023653088042049963 0.0467417474358184
0 0.33586036868073293 0.6030415759024247 0.026281208935611047 0.028045048461491136
0 0.32863303622343987 0.5668167216396656 0.04073587385019711 0.05375300955119119
