0 0.23204959338506936 0.48618720731287907 0.042049934296977655 0.03739339794865472
0 0.21759492847048326 0.4978726441718335 0.026281208935611047 0.032719223205072735
0 0.20445432400267774 0.5118951684025791 0.03942181340341657 0.028045048461490946
0 0.19328481020504304 0.5025468189154153 0.032851511169513785 0.032719223205072735
0 0.18540044752435972 0.53994021686407 0.032851511169513806 0.042067572692236516
0 0.15123487590806536 0.5855134206139928 0.030223390275952697 0.03505631057686382
0 0.15846220836535843 0.5574683721525019 0.03679369250985546 0.04440466006402741
0 0.17554499417350558 0.4850186636269835 0.03416557161629435 0.06777553378193646
0 0.14926378523789455 0.5142322557743699 0.03416557161629435 0.046741747435818305
0 0.1400653621104307 0.5189064305179518 0.04204993429697767 0.05141592217940029
0 0.10524276027074604 0.5002097315436245 0.04073587385019711 0.03739339794865453
0 0.14137942255721123 0.5305918673769063 0.010512483574244467 0.023370873717909153
0 0.12101148563211267 0.5434458479217563 0.017082785808147163 0.049078834807609203
0 0.1919707497582625 0.524749148947429 0.02759526938239159 0.035056310576863633
0 0.2517605000867776 0.5820077895563066 0.02628120893561102 0.03739339794865462
