0 0.6643754803758709 0.36816429503743775 0.05519053876478318 0.06777553378193656
0 0.6840863870775793 0.7350870124086114 0.07358738501971086 0.08647223275626373
0 0.6426934830039919 0.7678062356136843 0.05124835742444155 0.05375300955119109
0 0.6952559008752139 0.8706380799724847 0.07490144546649151 0.12386563070491835
0 0.5901310651327698 0.733918468722716 0.08804204993429704 0.07946097064089104
0 0.5224569521235713 0.5901875953575748 0.07358738501971086 0.07244970852551835
0 0.5520233121761338 0.6591316728254067 0.024967148488830398 0.07478679589730924
0 0.6440075434507724 0.718727400806075 0.05124835742444155 0.08647223275626392
0 0.5066882267622047 0.8601211867994253 0.076215505913272 0.08413514538447284
0 0.5296842845808644 0.7537837113829386 0.05387647831800264 0.08647223275626392
0 0.488291380507277 0.6603002165113021 0.042049934296977655 0.08647223275626363
0 0.2708143765650956 0.6007044885306339 0.05650459921156372 0.0981576696152185
0 0.350315033595319 0.5820077895563065 0.02890932982917213 0.08413514538447303
0 0.40944775370044384 0.5901875953575747 0.052562417871222095 0.06777553378193656
0 0.3805384238712717 0.5574683721525019 0.049934296977660955 0.05842718429477278
0 0.33848848957429406 0.5095580810307881 0.042049934296977655 0.03739339794865472
0 0.4475555066570799 0.5411087605499656 0.07095926412614978 0.07244970852551835
0 0.4363859928594452 0.4826815762551926 0.04862023653088041 0.06310135903835468
0 0.4219313279448591 0.430097110389897 0.04073587385019711 0.07478679589730934
0 0.45609689956115346 0.4219173045886288 0.03547963206307489 0.05842718429477288
0 0.4961757431879603 0.4008835182425106 0.03153745072273332 0.049078834807609203
0 0.500117924528302 0.3167483728580377 0.01839684625492769 0.03038213583328184
0 0.4771218667096423 0.29104041176833756 0.045992115637319385 0.03973048532044552
0 0.42127429772146885 0.2501413827619966 0.031537450722733264 0.04206757269223642
0 0.38973684699873556 0.2594897322491602 0.05781865965834426 0.07478679589730924
0 0.3181205526491955 0.35998448923616955 0.04599211563731933 0.07946097064089114
0 0.3660837589566856 0.3588159455502741 0.013140604467805524 0.03973048532044547
