0 0.7826409205861206 0.6673114786266748 0.042049934296977655 0.03973048532044542
0 0.7281074120447277 0.6941879834022704 0.0433639947437582 0.03739339794865472
0 0.6085279113876975 0.7047048765753295 0.04599211563731928 0.025707961089699954
0 0.6150982136216003 0.7327499250368205 0.035479632063074945 0.025707961089700047
0 0.595387306919892 0.7491095366393569 0.02759526938239159 0.06310135903835468
0 0.5730482793246225 0.7047048765753295 0.03810775295663592 0.03973048532044562
0 0.5934162162497211 0.7070419639471204 0.023653088042049856 0.04440466006402741
0 0.5750193699947934 0.7280757502932388 0.0341655716162943 0.03038213583328184
0 0.552680342399524 0.7304128376650295 0.03942181340341657 0.05375300955119109
0 0.5408537983784991 0.731581381350925 0.03679369250985549 0.051415922179400095
0 0.5802756117819156 0.6310866243639157 0.0341655716162944 0.046741747435818305
0 0.5099733778791561 0.7234015755496568 0.030223390275952777 0.039730485320445715
0 0.51917180100662 0.6930194397163748 0.02759526938239159 0.035056310576863633
0 0.5303413148042546 0.6848396339151067 0.02102496714848888 0.037393397948654435
0 0.545453009942231 0.6801654591715249 0.024967148488830505 0.051415922179400095
0 0.5513662819527435 0.6451091485946612 0.03679369250985549 0.032719223205072735
0 0.5178577405598395 0.6626373038830932 0.030223390275952673 0.04440466006402722
0 0.5106304081025465 0.6918508960304794 0.026281208935611155 0.014022524230745568
0 0.5237710125703519 0.6217382748767522 0.026281208935611047 0.051415922179400095
0 0.5126014987727172 0.6322551680498113 0.014454664914586066 0.021033786346118258
0 0.4843491991669353 0.6182326438190657 0.02365308804204991 0.03505631057686373
0 0.49354762229439925 0.6544574980818249 0.039421813403416626 0.03271922320507293
0 0.4633242320184465 0.6976936144599568 0.04993429697766101 0.08647223275626392
0 0.46660938313539785 0.6579631291395113 0.024967148488830505 0.04440466006402731
0 0.4442703555401285 0.6579631291395113 0.06964520367936924 0.06777553378193656
