0 0.8049799481813901 0.19521982952491013 0.06307490144546653 0.06777553378193656
0 0.8378314593509038 0.17068041212110552 0.042049934296977655 0.051415922179400095
0 0.854914245159051 0.13328701417245095 0.04467805519053884 0.051415922179400005
0 0.8325752175637816 0.09238798516610983 0.05781865965834437 0.06777553378193656
0 0.92390241861503 0.14380390734550996 0.059132720105124804 0.08179805801268204
0 0.9639812622418369 0.25481555750557844 0.03942181340341646 0.06543844641014566
0 0.9140469652641758 0.25364701381968296 0.052562417871222095 0.049078834807609203
0 0.9232453883916397 0.3377821592041559 0.05519053876478318 0.03973048532044552
0 0.9317867812957134 0.3880295376976606 0.05387647831800264 0.03739339794865472
0 0.9876343502838867 0.4394454598770607 0.026281208935611047 0.042067572692236516
