0 0.5815896722286962 0.27117516910811484 0.12352168199737187 0.09348349487163661
0 0.4646382924652271 0.4826815762551926 0.04993429697766101 0.05842718429477288
0 0.19591293109860414 0.20456817901207375 0.04073587385019711 0.05842718429477288
0 0.12495366697245433 0.09706215990969162 0.07752956636005258 0.05842718429477298
0 0.07436233977140308 0.04564623773029162 0.05781865965834429 0.09114640749984572
0 0.09604433714328219 0.14029827628782354 0.04599211563731933 0.042067572692236606
0 0.14137942255721125 0.17769167423647822 0.02890932982917213 0.04206757269223644
0 0.10327166960057522 0.34128779026184225 0.03416557161629435 0.042067572692236516
0 0.19788402176877498 0.24897283907610115 0.021024967148488827 0.030382135833281938
0 0.33454630823395237 0.3506361397490059 0.02365308804204991 0.023370873717909153
