0 0.13612318077008903 0.16717478106341913 0.02628120893561102 0.03505631057686375
0 0.12955287853618627 0.19288274215311918 0.03153745072273324 0.03505631057686373
0 0.11641227406838074 0.2302761401017738 0.026281208935611033 0.03973048532044552
0 0.6275817878660155 0.2372874022171466 0.031537450722733215 0.05375300955119109
0 0.702483233332507 0.17769167423647825 0.013140604467805524 0.03739339794865462
0 0.7083965053430195 0.24079303327483292 0.02233902759526942 0.06076427166656378
0 0.7471612885230458 0.22677050904408746 0.031537450722733215 0.05141592217940024
0 0.8135213410854637 0.14730953840319636 0.02233902759526942 0.046741747435818305
0 0.7471612885230458 0.11926448994170537 0.031537450722733215 0.04674174743581824
0 0.8371744291275136 0.32142254760161953 0.009198423127463898 0.03505631057686373
0 0.8871087261051747 0.26065827593505575 0.022339027595269206 0.05375300955119109
0 0.9409852044231771 0.17418604317879186 0.02759526938239159 0.049078834807609224
