0 0.588159974462599 0.5364345858063837 0.03679369250985549 0.03038213583328184
0 0.5638498561971587 0.4967041004859381 0.02759526938239159 0.03038213583328184
0 0.609841971834478 0.6147270127613792 0.04073587385019711 0.032719223205072645
0 0.6387513016636501 0.5644796342678747 0.02759526938239148 0.03038213583328184
0 0.6453216038975529 0.5796707021845156 0.04073587385019711 0.03739339794865472
0 0.6518919061314556 0.6018730322165293 0.03285151116951386 0.03973048532044562
0 0.683429356854189 0.6345922554216021 0.0433639947437582 0.025707961089700047
0 0.6801442057372377 0.7035363328894342 0.03942181340341646 0.01869669897432736
0 0.7517605000867776 0.6731541970561522 0.048620236530880365 0.03739339794865472
0 0.7254792911511667 0.7117161386907023 0.035479632063074945 0.035056310576863633
0 0.8299470966702205 0.6416035175369749 0.04993429697766101 0.04440466006402722
0 0.7530745605335581 0.5866819642998883 0.05387647831800264 0.051415922179400095
