0 0.19919808221555552 0.1917141984672237 0.09986859395532197 0.08413514538447295
0 0.1755449941735056 0.23261322747356475 0.07095926412614983 0.049078834807609203
0 0.11509821362160019 0.2583211885632648 0.03416557161629435 0.05842718429477288
0 0.1722598430565542 0.3214225476016195 0.07227332457293038 0.06777553378193646
0 0.20248323333250692 0.33193944077467863 0.05650459921156375 0.06076427166656378
0 0.16634657104604172 0.430097110389897 0.08935611038107757 0.07478679589730934
0 0.1564911176951876 0.46398487728086535 0.088042049934297 0.06777553378193665
0 0.10918494161108772 0.5340974984345928 0.0932982917214192 0.08647223275626402
0 0.10655682071752662 0.33077089708878316 0.032851511169513806 0.05375300955119099
0 0.12626772741923487 0.3155798291721422 0.032851511169513806 0.06543844641014566
0 0.05005222150596286 0.21391652849923745 0.06701708278580815 0.07712388326910029
0 0.029027254357474032 0.24429866433251932 0.04862023653088043 0.06777553378193656
0 0.03625458681476707 0.29220895545423303 0.0630749014454665 0.08413514538447293
0 0.04873816105918231 0.4569736151654925 0.08541392904073587 0.11451728121775477
0 0.11444118339820991 0.4195802172168379 0.04336399474375821 0.06310135903835462
0 0.03231240547442541 0.3518046834349014 0.04730617608409987 0.06777553378193656
0 0.10721385094091689 0.3997149745566152 0.036793692509855445 0.07478679589730924
0 0.07699046066496418 0.35998448923616955 0.03153745072273326 0.05141592217940019
