0 0.3542572149356607 0.24313012064662387 0.052562417871222095 0.10283184435880019
0 0.5355975565913769 0.3938722561271379 0.042049934296977655 0.05842718429477288
0 0.6348091203233085 0.07836546093536426 0.07227332457293033 0.07244970852551835
0 0.7609589232142415 0.13328701417245084 0.06438896189224697 0.06543844641014557
0 0.7846120112562915 0.21975924692871474 0.03285151116951376 0.042067572692236516
0 0.7379628653955818 0.2548155575055784 0.05519053876478318 0.03739339794865462
0 0.6518919061314558 0.18820856740953734 0.0433639947437583 0.07244970852551835
0 0.6597762688121391 0.2980516738837103 0.0433639947437582 0.0958205822434275
0 0.8818524843180523 0.3588159455502742 0.045992115637319385 0.025707961089700145
0 0.8884227865519552 0.34011924657594683 0.04599211563731928 0.030382135833281792
0 0.9528117484442021 0.458142158851388 0.02759526938239159 0.07011262115372736
0 0.9298156906255425 0.5025468189154153 0.0341655716162944 0.032719223205072735
0 0.897621209679419 0.4791759451975063 0.035479632063074945 0.06543844641014557
0 0.835860368680733 0.44061400356295616 0.07227332457293033 0.04440466006402741
0 0.7826409205861207 0.4230858482745243 0.06570302233902761 0.046741747435818305
0 0.7944674646071456 0.3950407998130333 0.04730617608409982 0.03739339794865462
0 0.7773846787989984 0.350636139749006 0.0341655716162944 0.051415922179400046
0 0.7274503818213375 0.39153516875534694 0.03153745072273332 0.04440466006402741
0 0.7064254146728486 0.5446143916076519 0.052562417871222095 0.05141592217940029
0 0.721537109810825 0.5212435178897427 0.030223390275952673 0.04206757269223642
0 0.7622729836610221 0.4885242946846699 0.03285151116951376 0.03739339794865462
0 0.6321809994297475 0.44061400356295616 0.022339027595269314 0.04440466006402741
