0 0.652548936354846 0.6988621581458521 0.18659658344283842 0.12152854333312756
0 0.350315033595319 0.2010625479543874 0.05781865965834426 0.07946097064089114
0 0.9199602372746885 0.08303963567894623 0.05650459921156372 0.06777553378193656
0 0.866740789180076 0.1730174994928964 0.0341655716162943 0.03739339794865472
0 0.962010171571666 0.20456817901207375 0.04073587385019722 0.04440466006402731
0 0.9193032070512981 0.19872546058259644 0.02890932982917213 0.023370873717909153
0 0.935728962636055 0.23261322747356467 0.03547963206307484 0.03505631057686373
0 0.9258735092852007 0.2957145865119194 0.02890932982917213 0.04440466006402741
0 0.9061626025834925 0.3553103144925878 0.03942181340341657 0.06076427166656373
0 0.9442703555401286 0.3447934213195286 0.023653088042049963 0.049078834807609203
0 0.9902624711774478 0.3179169165439331 0.02890932982917213 0.046741747435818305
0 0.9534687786675924 0.4149060424732561 0.05519053876478318 0.07712388326910015
0 0.9212742977214688 0.19521982952491013 0.03547963206307484 0.049078834807609203
0 0.8483439429251483 0.28402914965296483 0.02890932982917224 0.04907883480760925
0 0.8161494619790247 0.23611885853125109 0.05387647831800264 0.046741747435818305
0 0.7970955855007067 0.27935497490938305 0.052562417871222095 0.04440466006402741
0 0.7596448627674609 0.34245633394773767 0.03810775295663592 0.05375300955119104
0 0.7248222609277764 0.3401192465759468 0.023653088042049963 0.05842718429477288
0 0.8056369784047803 0.3366136155182604 0.024967148488830505 0.05141592217940019
0 0.8430877011380261 0.3588159455502741 0.03679369250985549 0.03973048532044547
0 0.8871087261051744 0.25481555750557844 0.04599211563731917 0.07011262115372746
