0 0.7550456512037291 0.404389149300197 0.026281208935611047 0.03739339794865462
0 0.7530745605335583 0.3658272076656469 0.01708278580814715 0.021033786346118258
0 0.8581993962760024 0.3377821592041559 0.02759526938239159 0.03973048532044552
0 0.7570167418739 0.27935497490938305 0.02233902759526942 0.03038213583328184
0 0.7057683844494584 0.3109056544285604 0.02233902759526942 0.018696698974327266
0 0.7281074120447277 0.31791691654393317 0.01971090670170823 0.01869669897432731
0 0.7366488049488014 0.3623215766079605 0.015768725361366608 0.014022524230745473
0 0.7366488049488013 0.2314446837876693 0.026281208935611047 0.051415922179400095
0 0.7425620769593139 0.16951186843521 0.02759526938239159 0.05842718429477298
0 0.6702887523863834 0.12277012099939177 0.02759526938239159 0.049078834807609203
0 0.6591192385887488 0.028118082441859607 0.01839684625492769 0.03739339794865453
0 0.47449374581608117 0.1040734220250645 0.0433639947437582 0.05842718429477296
