0 0.6972269915453848 0.7362555560945068 0.031537450722733215 0.09348349487163642
0 0.745190197852875 0.7841658472162206 0.04862023653088047 0.05842718429477298
0 0.816806492202415 0.8379188567674116 0.042049934296977655 0.05375300955119099
0 0.6880285684179209 0.8577840994276343 0.04730617608409982 0.07478679589730924
0 0.7182519586938735 0.9220540021518846 0.042049934296977655 0.049078834807609203
0 0.9252164790618105 0.3424563339477377 0.02759526938239159 0.04440466006402741
0 0.9856632596137159 0.348299052377215 0.024967148488830398 0.05609009692298198
0 0.9232453883916397 0.5212435178897428 0.023653088042049963 0.060764271666563875
0 0.8384884895742942 0.4908613820564608 0.04862023653088047 0.04206757269223642
0 0.8726540611905885 0.5457829352935474 0.06438896189224708 0.06310135903835487
0 0.7957815250539262 0.4289285667040016 0.02890932982917213 0.04440466006402731
0 0.7570167418738999 0.40906332404377876 0.03285151116951376 0.03271922320507283
0 0.7655581347779735 0.44295109093474705 0.03942181340341657 0.03973048532044552
0 0.7425620769593139 0.4639848772808653 0.009198423127463898 0.007011262115372784
0 0.8148354015322441 0.16717478106341913 0.07227332457293044 0.08179805801268203
0 0.667003601269432 0.30155730494139676 0.04204993429697776 0.046741747435818354
0 0.44558441598690907 0.2770178875375921 0.03810775295663603 0.05375300955119109
0 0.28592607170307194 0.062005849332827975 0.04730617608409987 0.06777553378193654
0 0.3332322477871718 0.07135419881999155 0.021024967148488827 0.04907883480760938
0 0.21890898891726382 0.016432645582905126 0.04730617608409987 0.03739339794865453
0 0.20445432400267774 0.05032041247387341 0.03942181340341657 0.0958205822434275
0 0.1532059665782362 0.030455169813650696 0.03942181340341654 0.060764271666563875
0 0.1295528785361863 0.060837305646932446 0.03416557161629439 0.046741747435818305
0 0.042167858825279556 0.09005089779431893 0.032851511169513806 0.03973048532044542
0 0.029027254357474032 0.1040734220250645 0.04599211563731932 0.05842718429477296
0 0.03231240547442541 0.14730953840319636 0.034165571616294355 0.051415922179400095
