0 0.06384985619715866 0.5668167216396656 0.08409986859395534 0.10516893173059128
0 0.09407324647311137 0.30623147968497855 0.13403416557161632 0.11218019384596396
0 0.2307355329382888 0.5644796342678746 0.06307490144546649 0.06777553378193656
0 0.274099527682047 0.44645672199243347 0.06833114323258872 0.07478679589730924
0 0.31023618996851215 0.38569245032586963 0.04862023653088047 0.06076427166656378
0 0.33651739890412324 0.4628163335949699 0.04073587385019711 0.03739339794865462
0 0.42258835816824936 0.44996235305011983 0.052562417871222095 0.05375300955119109
0 0.4350719324126646 0.5340974984345929 0.0512483574244415 0.05842718429477278
0 0.4166750861577369 0.4230858482745243 0.03810775295663603 0.046741747435818305
0 0.4830351387201548 0.46164778990907435 0.05256241787122204 0.07712388326910015
0 0.47383671559269086 0.3962093434989288 0.04467805519053874 0.05375300955119109
0 0.5178577405598395 0.40205206192840603 0.0433639947437583 0.046741747435818354
0 0.5625357957503783 0.4745017704539244 0.07227332457293033 0.07478679589730924
0 0.6137841531748197 0.6053786632742156 0.08278580814717476 0.06543844641014557
0 0.47843592715642286 0.6205697311908566 0.10118265440210251 0.06777553378193656
0 0.39499308878585776 0.6603002165113021 0.09198423127463866 0.08647223275626363
0 0.324033824659708 0.6544574980818249 0.07621550591327206 0.08413514538447303
0 0.3831665447648328 0.24546720801841476 0.060446780551905395 0.05609009692298189
0 0.450183627550641 0.28987186808244214 0.05519053876478318 0.051415922179400046
0 0.49223356184761863 0.16834332474931457 0.08147174770039423 0.07478679589730934
0 0.5034030756452533 0.23261322747356475 0.045992115637319385 0.049078834807609203
0 0.5559654935164755 0.307400023370874 0.03285151116951376 0.03973048532044552
0 0.569106097984281 0.1344555578583464 0.04862023653088047 0.053753009551190896
0 0.6039286998239656 0.3179169165439331 0.04730617608409982 0.042067572692236516
0 0.633495059876528 0.35998448923616966 0.08541392904073596 0.07011262115372736
0 0.6249536669724544 0.4745017704539245 0.06307490144546643 0.060764271666563875
0 0.6604332990355293 0.24429866433251926 0.042049934296977655 0.05842718429477288
0 0.5973583975900628 0.24079303327483292 0.060446780551905346 0.06076427166656378
0 0.6702887523863834 0.09589361622379627 0.04073587385019711 0.051415922179400095
0 0.7162808680237028 0.13912973260192818 0.04862023653088047 0.04440466006402731
0 0.711681656459971 0.28052351859527846 0.06044678055190545 0.046741747435818305
0 0.7425620769593138 0.3179169165439331 0.03285151116951386 0.042067572692236516
0 0.7537315907569485 0.4078947803578833 0.05519053876478328 0.05842718429477293
0 0.6998551124389459 0.430097110389897 0.02890932982917224 0.04206757269223642
0 0.7129957169067515 0.47567031413981986 0.02890932982917224 0.03038213583328184
0 0.6991980822155557 0.48852429468466996 0.0433639947437582 0.06543844641014566
0 0.7649011045545833 0.47567031413981986 0.0433639947437582 0.049078834807609203
0 0.7681862556715345 0.5235806052615337 0.02890932982917213 0.037393397948654435
0 0.8115502504152928 0.5317604110628018 0.0341655716162944 0.03973048532044562
0 0.7944674646071456 0.4464567219924334 0.0341655716162944 0.046741747435818305
0 0.8062940086281706 0.46515342096676077 0.03679369250985549 0.03739339794865462
0 0.8568853358292219 0.4674905083385517 0.03285151116951376 0.060764271666563875
0 0.866740789180076 0.430097110389897 0.0341655716162943 0.04206757269223642
0 0.5553084632930851 0.7093790513189112 0.08409986859395531 0.0958205822434275
