0 0.36411266828651484 0.4242543919604197 0.05124835742444155 0.05842718429477283
0 0.42324538839163967 0.37283846978101964 0.035479632063074945 0.05375300955119109
0 0.3687118798502467 0.4873557509987745 0.05781865965834431 0.06777553378193665
0 0.45412580889098264 0.5714908963832473 0.049934296977660955 0.03038213583328184
0 0.4252164790618105 0.6042101195883202 0.03679369250985543 0.04440466006402741
0 0.4422992648699577 0.6906823523445841 0.018396846254927744 0.04440466006402741
0 0.48303513872015474 0.7000307018317478 0.05781865965834437 0.03038213583328203
0 0.5244280427937422 0.6883452649727931 0.01708278580814715 0.04907883480760939
0 0.5585936144100365 0.7093790513189113 0.02759526938239159 0.049078834807609203
0 0.5677920375375004 0.6614687601971976 0.02759526938239159 0.060764271666563965
0 0.5099733778791561 0.6451091485946613 0.06176084099868599 0.042067572692236516
0 0.5224569521235713 0.6147270127613793 0.026281208935611047 0.023370873717909153
0 0.46135314134827565 0.6486147796523476 0.06176084099868589 0.03973048532044562
0 0.48566325961371587 0.608884294331902 0.02365308804204991 0.025707961089700047
