0 0.2025444890238319 0.4661384003188562 0.007662835249042133 0.018171376653209628
0 0.19488165377478975 0.4718169555229842 0.00766283524904216 0.015899954571558364
0 0.20318305862791874 0.4502384457472979 0.008939974457215836 0.013628532489907101
0 0.21148446348104774 0.3889100495427155 0.0025542784163473777 0.009085688326604766
0 0.2140387418973951 0.3775529391344596 0.005108556832694782 0.01817137665320953
0 0.18083312248487915 0.3957243157876692 0.0 0.0
0 0.173170287235837 0.41162427035922755 0.010217113665389538 0.022714220816511962
0 0.13996466782332107 0.3718743839303316 0.007662835249042133 0.011357110408255934
0 0.14571179426010264 0.41275998140005316 0.006385696040868431 0.015899954571558364
0 0.1380489590110605 0.4354742022165651 0.003831417624521053 0.024985642898163133
0 0.14060323742740788 0.48090264384958903 0.029374201787994884 0.024985642898163133
0 0.6520974903009712 0.45705271199225145 0.00766283524904216 0.022714220816511962
0 0.3730425733150196 0.07431809123402497 0.006385696040868377 0.01135711040825603
