0 0.6629531735704475 0.1379179095202585 0.12388250319284791 0.12038537032751341
0 0.5199135822549941 0.40140287099179717 0.029374201787994856 0.038614175388070326
0 0.4950093676956071 0.4207099586858323 0.01021711366538951 0.009085688326604766
0 0.5071421901732572 0.43888133533904183 0.011494252873563293 0.009085688326604861
0 0.5365163919612521 0.44796702366564667 0.014048531289910538 0.022714220816511962
0 0.5256607086917757 0.4252528028491347 0.012771392081736969 0.0045428441633024305
0 0.5620591761247259 0.4173028255633555 0.016602809706257996 0.002271422081651168
0 0.5773848466228102 0.4740883776046354 0.014048531289910645 0.011357110408255934
0 0.4139110279765777 0.49225975425784485 0.024265644955300154 0.015899954571558364
0 0.4056096231234487 0.5092954198702287 0.038314176245210746 0.01817137665320953
0 0.35963261162919585 0.5024811536252753 0.0434227330779055 0.013628532489907197
0 0.3334512578616352 0.5331453517275664 0.044699872286079176 0.024985642898163036
0 0.3538854851924143 0.545638173176648 0.029374201787994856 0.027257064979814394
