0 0.6610374647581869 0.22082481550052707 0.1787994891443167 0.4361130396770295
0 0.5888790994963734 0.48771691009454254 0.016602809706257996 0.02952848706146537
0 0.24149723487312946 0.3832314943385876 0.014048531289910592 0.015899954571558364
0 0.16933886961131592 0.40935284827757634 0.0025542784163473777 0.0045428441633024305
0 0.15656747752957903 0.4241170918083091 0.015325670498084294 0.02952848706146556
0 0.20893018506470032 0.5819809264830673 0.005108556832694755 0.013628532489907197
0 0.21276160268922142 0.5047525757069266 0.0 0.0
0 0.1603988951541001 0.4956668873803217 0.0 0.0
0 0.18083312248487915 0.4854454880128913 0.0 0.002271422081651168
0 0.15720604713366587 0.44683131262482106 0.011494252873563213 0.01135711040825603
0 0.1463503638641895 0.45932413407390266 0.0 0.0
0 0.13485611099062628 0.47976693280876337 0.0 0.0
0 0.13996466782332104 0.5024811536252752 0.0 0.0
