0 0.8404755235065906 0.22536765966382952 0.0063856960408684845 0.013628532489907197
0 0.8162098785512903 0.20606057196979435 0.016602809706258104 0.024985642898163133
0 0.8091856129063351 0.23558905903125987 0.01021711366538951 0.015899954571558364
0 0.8270655618207667 0.25830327984777185 0.01021711366538951 0.02952848706146556
0 0.75554576616304 0.1288322211936537 0.00766283524904216 0.024985642898163324
0 0.7485215005180847 0.16176784137759606 0.014048531289910645 0.027257064979814394
0 0.7542686269548664 0.2083319940514456 0.002554278416347351 0.01135711040825603
0 0.7293644123954794 0.20265343884731762 0.003831417624521026 0.022714220816511962
0 0.7172315899178294 0.19583917260236397 0.0 0.0
0 0.7031830586279187 0.16858210762254966 0.007662835249042052 0.013628532489907197
0 0.6789174136726186 0.19470346156153842 0.01532567049808432 0.024985642898163133
0 0.6457117942601027 0.2503533025619927 0.00766283524904216 0.01817137665320953
0 0.6540131991132316 0.2991888773174934 0.0038314176245211337 0.01589995457155832
0 0.6674231607990554 0.29464603315419097 0.002554278416347351 0.015899954571558364
0 0.6936045145666161 0.2651175460927254 0.003831417624521026 0.015899954571558364
0 0.7204244379382636 0.25716756880694625 0.0012771392081736754 0.018171376653209486
0 0.7274487035832188 0.26398183505189987 0.005108556832694809 0.013628532489907197
0 0.7402200956649558 0.2526247246436439 0.005108556832694702 0.022714220816511962
0 0.7485215005180847 0.23218192590878312 0.006385696040868377 0.01817137665320953
0 0.7421358044772163 0.21514626029639916 0.019157088122605345 0.015899954571558364
0 0.7146773115014821 0.28442463378676064 0.00766283524904216 0.018171376653209677
0 0.701905919419745 0.2855603448275862 0.00766283524904216 0.034071331224767944
0 0.7408586652690426 0.30373172148079575 0.003831417624521026 0.015899954571558364
0 0.7261715643750452 0.3094102766849237 0.005108556832694809 0.0272570649798143
0 0.7121230330851346 0.3048674325216214 0.0 0.0
0 0.6993516410033978 0.32758165333813327 0.00766283524904216 0.013628532489907197
0 0.6942430841707029 0.3355316306239125 0.010217113665389618 0.006814266244953455
0 0.6552903383214054 0.3446173189505173 0.014048531289910538 0.02952848706146556
