0 0.5512034928552495 0.5127025529927057 0.017879948914431672 0.024985642898163324
0 0.4809608364056965 0.46840982240050744 0.0 0.0
0 0.45414091303404897 0.47295266656380974 0.0025542784163474046 0.004542844163302526
0 0.4681894443239596 0.5149739750743569 0.007662835249042106 0.015899954571558364
0 0.4828765452179571 0.5445024621358225 0.006385696040868538 0.01589995457155846
0 0.4381766729318779 0.5286025075642641 0.011494252873563187 0.020442798734860892
0 0.4343452553073568 0.4990740205027986 0.003831417624520973 0.01135711040825603
0 0.41391102797657775 0.5104311309110545 0.006385696040868431 0.020442798734860892
0 0.3653797380659775 0.5672166829523344 0.006385696040868431 0.006814266244953694
0 0.2715100062652112 0.6103737025037071 0.007662835249042106 0.006814266244953503
0 0.2721485758692981 0.6387664785243472 0.008939974457215836 0.004542844163302336
0 0.14315751584375527 0.619459390830312 0.008939974457215836 0.024985642898163227
0 0.1603988951541001 0.6410379006059982 0.017879948914431672 -0.004542844163302336
0 0.16678459119496855 0.6876020532798478 0.017879948914431672 0.024985642898163324
0 0.09398765632906816 0.6001523031362769 0.007662835249042147 0.0
0 0.11378331405576038 0.6569378551775567 0.006385696040868445 0.009085688326604766
0 0.10165049157811032 0.6569378551775567 0.02043422733077905 0.01817137665320953
