0 0.3117398913226825 0.26057470192942306 0.06513409961685825 0.038614175388070375
0 0.28619710715920865 0.2060605719697944 0.03448275862068967 0.07949977285779182
0 0.45477948263813583 0.17993921803080565 0.03192848020434226 0.03634275330641916
0 0.14826607267645003 0.24126761423538787 0.05747126436781609 0.04997128579632622
0 0.13613325019879996 0.3446173189505173 0.06641123882503194 0.04315701955137276
0 0.09590336514132872 0.3082745656440981 0.0753512132822478 0.04315701955137267
0 0.17061600881948963 0.43888133533904183 0.012771392081736915 0.03179990914311673
0 0.2140387418973951 0.47181695552298425 0.02043422733077905 0.03407133122476799
0 0.20765304585652666 0.3502958741546453 0.012771392081736915 0.01817137665320953
0 0.33345125786163526 0.6399021895651728 0.02171136653895275 0.05224270787797762
