0 0.26320860141208224 0.4706812444821586 0.02937420178799491 0.049971285796326266
0 0.2664014494325165 0.49680259842114727 0.02554278416347378 0.024985642898163227
0 0.19807450179522396 0.5660809719115089 0.03448275862068964 0.018171376653209628
0 0.2293644123954794 0.6046951472995794 0.028097062579821207 0.027257064979814394
0 0.19807450179522398 0.619459390830312 0.044699872286079176 0.02952848706146556
0 0.2721485758692981 0.613780835626184 0.05236270753512134 0.02271422081651177
0 0.3034384864695535 0.5876594816871952 0.035759897828863345 0.043157019551372855
0 0.31429416973902985 0.5365524848500433 0.026819923371647507 0.036342753306419256
0 0.3711268645027591 0.5490453062991248 0.04853128991060026 0.04315701955137276
0 0.28172711993060073 0.43093135805326266 0.030651340996168588 0.038614175388070236
0 0.5020336333405625 0.3253102312564822 0.0063856960408684845 0.013628532489907197
0 0.5045879117569098 0.404810004114274 0.047254150702426584 0.045428441633023925
0 0.5460949360225548 0.4252528028491347 0.0383141762452108 0.0272570649798143
0 0.6150604532639341 0.4513741567881235 0.028097062579821183 0.024985642898163133
0 0.4317909768910094 0.4820383548904146 0.0191570881226054 0.009085688326604672
0 0.4317909768910094 0.4377456242982163 0.014048531289910592 0.015899954571558364
0 0.38581396539675655 0.44342417950234425 0.014048531289910592 0.0045428441633024305
0 0.40624819272753565 0.40708142619592513 0.016602809706257996 0.009085688326604861
0 0.4343452553073568 0.40594571515509953 0.0063856960408684845 0.0204427987348607
0 0.36729544687823795 0.39686002682849475 0.017879948914431617 0.011357110408255934
0 0.4075253319357093 0.3718743839303317 0.021711366538952698 0.015899954571558364
0 0.3890068134171908 0.32985307541978454 0.017879948914431672 0.022714220816511917
0 0.3781511301477144 0.2901031889908886 0.01660280970625794 0.02952848706146561
0 0.3481383587556327 0.29237461107253976 0.017879948914431672 0.011357110408255934
0 0.3564397636087617 0.3480244520729941 0.014048531289910592 0.022714220816511962
0 0.371765434106846 0.32871736437895893 0.016602809706257996 0.020442798734860653
0 0.29577565122051136 0.16517497450007287 0.01532567049808432 0.024985642898163133
0 0.37559685173136703 0.1708535297042008 0.024265644955300154 0.01817137665320953
0 0.28619710715920865 0.21287483821474798 0.014048531289910592 0.029528487061465467
0 0.28044998072242705 0.17653208490832886 0.015325670498084266 0.024985642898163227
0 0.2753414238897323 0.2355890590312599 0.022988505747126426 0.03861417538807028
0 0.2810885503265139 0.2526247246436439 0.016602809706257996 0.03634275330641916
0 0.25810004457938746 0.24581045839869026 0.01149425287356324 0.0272570649798143
0 0.23383439962408734 0.24921759152116704 0.006385696040868458 0.034071331224767853
0 0.21531588110556882 0.26852467921520223 0.015325670498084294 0.040885597469721494
0 0.10675904841080508 0.09816802309136252 0.012771392081736901 0.018171376653209354
0 0.12272328851297622 0.1935677505207128 0.014048531289910618 0.01817137665320953
0 0.1770017048603581 0.07999664643815288 0.012771392081736915 0.04088559746972159
0 0.127831845345671 0.05273958145833868 0.03959131545338442 0.049971285796326266
