0 0.9062481927275355 0.9363227712206535 0.086845466155811 0.11811394824586206
0 0.8047156256777271 0.9283727939348745 0.09833971902937419 0.08404261702109415
0 0.8385598146943299 0.8829443523018505 0.12260536398467435 0.10221399367430388
0 0.9024167751030145 0.788680335913326 0.09450830140485317 0.1408281690623741
0 0.8615483204414565 0.7421161832394765 0.048531289910600205 0.10221399367430388
0 0.7817271199306007 0.8159374008931403 0.049808429118773985 0.11811394824586224
0 0.7210630075423504 0.8431944658729547 0.035759897828863345 0.14991385738897897
0 0.6706160088194896 0.8625015535669898 0.08301404853128987 0.07041408453118696
0 0.6757245656521844 0.9340513491390023 0.08301404853128998 0.10448541575595505
0 0.6808331224848791 0.6603449883000334 0.052362707535121226 0.06132839620458229
0 0.5480106448348152 0.870451530852769 0.0600255427841635 0.0817711949394429
0 0.5652520241451602 0.9647155472412936 0.0383141762452108 0.12492821449081556
0 0.5971805043495024 0.9488155926697353 0.028097062579821183 0.038614175388070424
0 0.48096083640569653 0.9567655699555144 0.05108556832694766 0.05451412995962879
0 0.4068867623316224 0.8522801541995595 0.05874840357598971 0.036342753306419256
0 0.4234895720378804 0.9476798816289096 0.05874840357598977 0.08631403910274534
0 0.22234014675052408 0.7568804267702092 0.03192848020434226 0.07268550661283832
0 0.5665291633533338 0.41048855931840195 0.005108556832694809 0.011357110408255934
0 0.49564793729969403 0.4297956470124371 0.003831417624521026 0.004542844163302336
0 0.41965815441335935 0.44683131262482106 0.01021711366538951 0.015899954571558364
0 0.383898256584496 0.38436720537941316 0.01021711366538951 0.013628532489907197
0 0.2651243102243428 0.05387529249916416 0.030651340996168588 0.09767114951100135
