0 0.09271051712089448 0.15268215305099125 0.02043422733077905 0.049971285796326356
0 0.09781907395358924 0.24467474735786468 0.02298850574712644 0.05224270787797752
0 0.03460068314899154 0.14586788680603766 0.05236270753512133 0.08631403910274561
0 0.6520974903009711 0.2446747473578647 0.06896551724137934 0.10675683783760613
0 0.8002456384491192 0.21855339341887592 0.0817369093231162 0.07722835077614065
0 0.9509480650136148 0.17766779594915444 0.08939974457215835 0.06814266244953579
0 0.6329404021783658 0.30827456564409816 0.03065134099616864 0.02952848706146542
0 0.5556734800838575 0.34121018582804047 0.031928480204342205 0.03179990914311673
0 0.5512034928552496 0.4150314034817043 0.03320561941251599 0.06587124036788462
0 0.507780759777344 0.44569560158399546 0.02043422733077902 0.027257064979814394
0 0.5601434673124653 0.5308739296459154 0.035759897828863345 0.043157019551372855
0 0.6278318453456709 0.4286599359716115 0.040868454661558154 0.04769986371467509
0 0.5780234162268971 0.18107492907163128 0.09450830140485306 0.07949977285779182
0 0.47968369719752285 0.14132504264273527 0.0408684546615581 0.04997128579632645
0 0.4113567495602304 0.13337506535695604 0.07535121328224777 0.061328396204582386
0 0.3149327393431167 0.1526821530509912 0.053639846743295014 0.06814266244953598
0 0.5601434673124653 0.24808188048034152 0.08429118773946365 0.06359981828623351
0 0.5052264813609967 0.30486743252162135 0.017879948914431672 0.06814266244953579
0 0.4522252042217884 0.30600314356244696 0.03192848020434237 0.07495692869448944
0 0.49437079809152024 0.3798243612161108 0.047254150702426584 0.08631403910274542
0 0.0 0.0 0.0 0.0
0 0.6016504915781102 0.2015177278064919 0.029374201787994856 0.13855674698072304
0 0.7504372093303453 0.21968910445970155 0.05108556832694766 0.08858546118439659
0 0.883898256584496 0.0243468054376987 0.07790549169859516 0.05224270787797743
0 0.8123784609267692 0.03911104896843148 0.031928480204342316 0.059056974122930934
0 0.970743722740307 0.277610367541807 0.05491698595146869 0.06359981828623346
0 0.7695942974529506 0.35029587415464525 0.053639846743295014 0.05451412995962869
0 0.7414972348731295 0.311681698766575 0.04597701149425285 0.07268550661283832
0 0.8168484481553773 0.32190309813400536 0.0434227330779055 0.038614175388070326
