0 0.8278121601172743 0.13581300146339004 0.020050125313283273 0.07354796386940492
0 0.7814462453303068 0.10126774570654824 0.07769423558897237 0.07577669004726584
0 0.5308196789142668 0.4177468629627761 0.035087719298245536 0.026744714134329054
0 0.22317556863857763 0.4355766723856621 0.0037593984962405935 0.0
0 0.19873947841301373 0.4389197616524533 0.005012531328320791 0.006686178533582359
0 0.1830753180120112 0.4745793804982254 0.006265664160401016 0.011143630889303773
0 0.1586392277864473 0.49018046374325075 0.012531328320802004 0.028973440312189905
0 0.15362669645812652 0.4656644757867824 0.010025062656641609 0.02897344031218981
0 0.1329500047288032 0.47457938049822546 0.006265664160400989 0.020058535600746885
0 0.137962536057124 0.552584796723352 0.03383458646616542 0.05126070209079745
0 0.156759528538327 0.5102389993439975 0.0037593984962405935 0.015601083245025281
0 0.10976704733531949 0.49575227918790266 0.005012531328320804 0.013372357067164527
0 0.03520564382654757 0.552584796723352 0.03884711779448621 0.06463305915796216
0 0.16239862628268792 0.6539918378160166 0.02506265664160401 0.026744714134329148
