0 0.557589188896118 0.36278869560372684 0.005108556832694809 0.0068142662449535985
0 0.41646530639292517 0.3184959650115285 0.016602809706257996 0.040885597469721494
0 0.4356223945155305 0.43320278013491387 0.01149425287356324 0.015899954571558364
0 0.09143337791272078 0.45932413407390266 0.01532567049808428 0.018171376653209628
0 0.07036058097785489 0.562673838789032 0.01915708812260536 0.03407133122476799
0 0.35516262440058793 0.4320670690940883 0.019157088122605345 0.009085688326604766
0 0.35452405479650106 0.562673838789032 0.007662835249042214 0.01135711040825603
0 0.36346402925371696 0.5297382186050896 0.0 0.0
0 0.2740642846815586 0.6319522122793936 0.0 0.0
0 0.2529914877466927 0.6535307220550799 0.006385696040868431 0.011357110408255839
0 0.17572456565218442 0.6682949655858127 0.007662835249042133 0.004542844163302336
