0 0.16614602159088174 0.4899883321761937 0.006385696040868458 0.01135711040825603
0 0.1776402744644449 0.5047525757069264 0.0012771392081737023 0.009085688326604861
0 0.1999902106074845 0.5104311309110545 0.0025542784163473777 0.011357110408255839
0 0.22042443793826358 0.560402416707381 0.01277139208173689 0.01589995457155827
0 0.1987130713993108 0.5604024167073808 0.010217113665389538 0.002271422081651168
0 0.1801945528807923 0.6478521668509518 0.003831417624521053 0.004542844163302526
0 0.16103746475818695 0.6614806993408591 0.008939974457215836 0.009085688326604861
0 0.15976032555001324 0.6966877416064525 0.014048531289910592 0.015899954571558364
0 0.2402200956649558 0.5967451700138 0.01149425287356324 0.015899954571558364
0 0.2536300573507796 0.5910666148096722 0.0 0.0
0 0.2638471710161691 0.5626738387890321 0.00766283524904216 0.02952848706146556
0 0.2612928925998217 0.5297382186050896 0.0 0.0
