0 0.46818944432395965 0.6012880141771024 0.040868454661558154 0.020442798734860605
0 0.41263388876840407 0.46273126719637936 0.03959131545338442 0.04315701955137267
0 0.4298752680787489 0.34348160790969173 0.012771392081736808 0.013628532489907197
0 0.33345125786163526 0.4945311763394961 0.0191570881226054 0.020442798734860892
0 0.22553299477095834 0.5263310854826128 0.007662835249042133 0.04769986371467509
0 0.2140387418973951 0.6421736116468238 0.02043422733077905 0.056785552041279955
0 0.1955202233788766 0.585388059605544 0.02171136653895275 0.056785552041279864
0 0.1501817814887106 0.5774380823197649 0.01021711366538951 0.013628532489907292
0 0.17700170486035807 0.6626164103816846 0.030651340996168588 0.07495692869448958
0 0.16806173040314223 0.695552030565627 0.022988505747126426 0.04088559746972169
0 0.13421754138653944 0.7046377188922317 0.006385696040868458 0.009085688326604672
0 0.09718050434950239 0.6932806084839758 0.014048531289910604 0.018171376653209437
0 0.11506045326393408 0.6944163195248014 0.014048531289910592 0.0204427987348607
0 0.09207194751680764 0.7273519397087438 0.006385696040868458 0.004542844163302336
0 0.058227758500204826 0.7228090955454414 0.012771392081736922 0.027257064979814394
