0 0.1801945528807923 0.022075383356047435 0.021711366538952726 0.02952848706146556
0 0.22489442516687147 0.01298969502944267 0.0012771392081737023 0.01135711040825603
0 0.19296594496252922 0.05273958145833858 0.011494252873563213 0.018171376653209722
0 0.16486888238270803 0.05614671458081543 0.03703703703703704 0.05678555204127977
0 0.12974755415793152 0.018668250233570684 0.01021711366538951 0.02271422081651206
0 0.30152277765729296 0.2537604356844695 0.026819923371647507 0.038614175388070326
0 0.2421358044772163 0.20151772780649196 0.010217113665389538 0.015899954571558364
0 0.20765304585652666 0.14018933160190963 0.025542784163473803 0.03407133122476819
0 0.19105023615026867 0.09589660100971134 0.022988505747126426 0.03179990914311673
0 0.1687003000072291 0.12996793223447928 0.019157088122605373 0.02725706497981449
0 0.10803618761897878 0.14586788680603768 0.020434227330779063 0.01817137665320953
0 0.16550745198679487 0.23331763694960872 0.00766283524904216 0.0204427987348607
0 0.11378331405576038 0.3582458514404245 0.014048531289910592 0.04315701955137276
0 0.09654193474541556 0.30713885460327256 0.02298850574712644 0.040885597469721494
0 0.06142060652063905 0.311681698766575 0.037037037037037035 0.06359981828623341
0 0.2606543229957349 0.40708142619592513 0.011494252873563187 0.03634275330641906
0 0.05822775850020482 0.47068124448215864 0.02298850574712644 0.04088559746972159
0 0.07419199860237596 0.517245397156008 0.02426564495530013 0.024985642898163036
0 0.09654193474541554 0.5887951927280208 0.015325670498084294 0.02271422081651206
0 0.11186760524349984 0.4491027347064723 0.010217113665389525 0.038614175388070326
