0 0.3660183076700643 0.5433667510949968 0.028097062579821183 0.03179990914311673
0 0.32898127063302735 0.5558595725440785 0.030651340996168588 0.04769986371467519
0 0.3168484481553772 0.5479095952582993 0.01149425287356324 0.0
0 0.2938599424082508 0.5876594816871953 0.0191570881226054 0.02952848706146556
0 0.2306415516036531 0.6205951018711375 0.0 0.0
0 0.25171434853851904 0.6580735662183822 0.0063856960408684845 0.006814266244953503
0 0.03651639196125208 0.6614806993408591 0.02554278416347382 0.04088559746972159
0 0.03843210077351262 0.7432518942803021 0.014048531289910597 0.018171376653209628
0 0.062059176124725904 0.7920874690358028 0.033205619412515965 0.024985642898162942
0 0.018636443046820404 0.7443876053211276 0.010217113665389526 0.01135711040825603
