0 0.6642303127786212 0.15608928617346804 0.070242656449553 0.08858546118439668
0 0.0888790994963734 0.18107492907163122 0.09961685823754789 0.07495692869448939
0 0.1993516410033977 0.16403926345924727 0.047254150702426584 0.05451412995962869
0 0.21914729873008987 0.2344533479904343 0.033205619412515965 0.049971285796326266
0 0.3794282693558881 0.2174176823780504 0.04469987228607912 0.056785552041279864
0 0.474575140364828 0.2435390363170391 0.025542784163473938 0.05905697412293103
0 0.549287784042989 0.266253257133551 0.0651340996168582 0.04997128579632631
0 0.5665291633533338 0.3264459422973077 0.048531289910600205 0.07495692869448949
0 0.5946262259331551 0.36619582872620365 0.0434227330779055 0.06814266244953575
0 0.6514589206968843 0.31736025397070294 0.06768837803320565 0.07495692869448935
0 0.5148050254222993 0.5047525757069264 0.04725415070242663 0.059056974122930934
0 0.6584831863418396 0.47749551072711216 0.0434227330779055 0.045428441633023835
0 0.5052264813609967 0.07091095811154811 0.04597701149425285 0.05451412995962879
0 0.5301306959203836 0.06863953602989695 0.03959131545338448 0.07722835077614047
0 0.3334512578616352 0.015261117111093934 0.08556832694763722 0.04315701955137257
0 0.6418803766355816 0.4491027347064723 0.04853128991060031 0.056785552041279864
0 0.5939876563290681 0.1651749745000728 0.029374201787994856 0.05224270787797772
0 0.5665291633533338 0.09362517892806008 0.030651340996168532 0.049971285796326266
0 0.34686121954745897 0.2935103221133654 0.038314176245210746 0.045428441633023925
0 0.3066313344899877 0.21741768237805034 0.031928480204342316 0.04769986371467509
0 0.35388548519241425 0.13451077639778164 0.03959131545338437 0.05451412995962887
0 0.18083312248487918 0.2514890136028183 0.035759897828863345 0.08858546118439659
0 0.03587782235716523 0.23899619215373671 0.02937420178799489 0.09085688326604785
0 0.6054819092026313 0.4513741567881234 0.014048531289910645 0.03407133122476799
0 0.5831319730595919 0.4990740205027985 0.02043422733077913 0.024985642898163227
