0 0.12016901009662884 0.36506011768537805 0.016602809706257982 0.034071331224767895
0 0.13549468059471312 0.4173028255633555 0.019157088122605373 0.034071331224767895
0 0.05950489770837852 0.3979957378693204 0.03320561941251597 0.03634275330641906
0 0.02949212631629678 0.31508883188905173 0.016602809706257982 0.029528487061465467
0 0.03204640473264416 0.34121018582804047 0.019157088122605363 0.0272570649798143
0 0.016720734234559866 0.39458860474684354 0.014048531289910599 0.015899954571558364
0 0.0339621135449047 0.41843853660418107 0.02043422733077906 0.03179990914311673
0 0.0199135822549941 0.4366099132573907 0.025542784163473827 0.03179990914311673
0 0.04034780958577315 0.47522408864546095 0.038314176245210725 0.03634275330641916
0 0.4177424456010988 0.0856752016422809 0.02937420178799491 0.04315701955137258
0 0.4969250765078677 0.08453949060145531 0.029374201787994964 0.027257064979814394
0 0.5065036205691704 0.18107492907163125 0.025542784163473723 0.029528487061465467
0 0.4305138376828357 0.18221064011245686 0.03448275862068967 0.03179990914311673
0 0.44073095134822526 0.2367247700720855 0.01660280970625794 0.022714220816511962
0 0.4356223945155305 0.2526247246436439 0.02937420178799491 0.03179990914311668
0 0.4215738632256199 0.27306752337850465 0.02171136653895275 0.022714220816511962
0 0.47712941878117554 0.26852467921520223 0.05108556832694772 0.045428441633023876
0 0.5518420624593364 0.3343959195830869 0.026819923371647507 0.027257064979814394
0 0.5103350381936914 0.4502384457472979 0.048531289910600205 0.049971285796326356
