0 0.21914729873008987 0.5615381277482066 0.022988505747126426 0.027257064979814394
0 0.19871307139931083 0.5797095044014161 0.022988505747126426 0.0545141299596286
0 0.29066709438781657 0.6262736570752655 0.03320561941251599 0.024985642898163227
0 0.26767858864069016 0.6694306766266382 0.030651340996168588 0.038614175388070236
0 0.24979863972625846 0.6421736116468238 0.017879948914431697 0.03407133122476799
0 0.22297871635461097 0.6921448974431501 0.025542784163473803 0.06132839620458229
0 0.20318305862791874 0.667159254544987 0.02426564495530013 0.07041408453118687
0 0.2197858683341767 0.7466590274027789 0.02171136653895275 0.038614175388070236
0 0.18338740090122652 0.68192349807572 0.012771392081736915 0.03634275330641906
0 0.21148446348104774 0.6399021895651728 0.01277139208173689 0.020442798734860892
0 0.1476275030723632 0.7250805176270925 0.022988505747126426 0.04088559746972159
0 0.15720604713366587 0.6682949655858127 0.011494252873563213 0.03634275330641906
0 0.10484333959854454 0.6876020532798479 0.03703703703703704 0.04769986371467509
0 0.0761077074146365 0.6807877870348943 0.022988505747126426 0.02952848706146556
0 0.03460068314899154 0.6558021441367311 0.01149425287356322 0.047699863714675
0 0.05248063206342322 0.6353593454018703 0.016602809706257982 0.038614175388070236
0 0.11825330128436828 0.6194593908303121 0.025542784163473817 0.056785552041279864
