0 0.9011396358948408 0.522923952360136 0.04086845466155804 0.0545141299596286
0 0.936899533723704 0.5694881050339857 0.05108556832694766 0.043157019551372855
0 0.9177424456010989 0.5751666602381137 0.017879948914431672 0.01817137665320982
0 0.8851753957926696 0.560402416707381 0.019157088122605345 0.01589995457155827
0 0.8596326116291959 0.5808452154422415 0.019157088122605453 0.002271422081651168
0 0.8647411684618906 0.5422310400541712 0.021711366538952698 0.04315701955137257
0 0.8519697763801537 0.534281062768392 0.029374201787994856 0.0272570649798143
0 0.7919442335959903 0.5024811536252753 0.011494252873563293 0.036342753306419256
0 0.7632086014120821 0.5990165920954512 0.02298850574712648 0.02952848706146537
0 0.7408586652690426 0.5388239069316945 0.008939974457215836 0.0
0 0.6904116665461818 0.49453117633949606 0.01021711366538951 0.015899954571558364
0 0.6878573881298345 0.5274667965234384 0.012771392081736862 0.013628532489907006
0 0.6782788440685319 0.5410953290133456 0.024265644955300154 0.013628532489907292
0 0.6891345273380082 0.5501810173399505 0.012771392081736862 0.013628532489907197
0 0.6821102616930528 0.5785737933605904 0.011494252873563187 0.006814266244953503
0 0.6495432118846237 0.44342417950234425 0.017879948914431672 0.03634275330641916
0 0.6380489590110605 0.486581199053717 0.017879948914431672 0.01817137665320953
0 0.644434655051929 0.534281062768392 0.02043422733077913 0.013628532489907197
0 0.6393260982192341 0.5490453062991248 0.01021711366538951 0.015899954571558364
0 0.6374103894069736 0.5876594816871951 0.011494252873563187 0.020442798734860605
0 0.6073976180148919 0.5876594816871953 0.017879948914431672 0.024985642898163227
0 0.6169761620761947 0.5195168192376592 0.04980842911877388 0.038614175388070424
0 0.6042047699944577 0.4956668873803217 0.019157088122605345 0.013628532489907006
0 0.5799391250391576 0.47295266656380985 0.003831417624521026 0.0
0 0.5939876563290681 0.42070995868583233 0.026819923371647507 0.03179990914311673
0 0.21276160268922142 0.11179655558126961 0.020434227330779077 0.02271422081651187
0 0.1999902106074845 0.12883222119365376 0.005108556832694755 0.015899954571558364
0 0.10612047880671822 0.04365389313173382 0.031928480204342274 0.04088559746972159
0 0.1099518964312393 0.08453949060145541 0.008939974457215848 0.009085688326604861
0 0.08057769464324442 0.18902490635741048 0.02426564495530013 0.03179990914311673
0 0.024383569483602013 0.2219605265413528 0.026819923371647507 0.034071331224767895
0 0.05631204968794429 0.288967477950063 0.0421455938697318 0.027257064979814394
0 0.04864921443890215 0.3014602993991446 0.03703703703703704 0.020442798734860747
0 0.037154961565338915 0.3537030072771221 0.03703703703703703 0.024985642898163133
0 0.06652916335333381 0.26738896817437663 0.01404853128991061 0.011357110408255934
0 0.06844487216559436 0.22991050382713196 0.0 0.0
0 0.10931332682715247 0.19811059468401518 0.017879948914431672 0.022714220816511962
0 0.10356620039037084 0.30713885460327256 0.026819923371647507 0.013628532489907101
0 0.15401319911323164 0.1776677959491545 0.012771392081736915 0.022714220816511962
0 0.14698893346827635 0.08681091268310658 0.008939974457215836 0.004542844163302526
0 0.18211026169305283 0.17653208490832886 0.010217113665389538 0.01135711040825603
0 0.1661460215908817 0.17880350698998002 0.00383141762452108 0.002271422081651168
0 0.1520974903009711 0.21741768237805034 0.006385696040868458 0.01135711040825603
0 0.1348561109906263 0.2935103221133654 0.015325670498084294 0.01817137665320953
0 0.12910898455384467 0.2787460785826327 0.003831417624521053 0.0022714220816512152
0 0.12527756692932362 0.2639818350518998 0.00383141762452108 0.004542844163302288
0 0.1489046422805369 0.26057470192942306 0.007662835249042133 0.0068142662449535985
0 0.15656747752957906 0.2435390363170391 0.012771392081736915 0.009085688326604766
0 0.18785738812983446 0.260574701929423 0.008939974457215836 0.011357110408255934
0 0.17253171763175015 0.29010318899088855 0.008939974457215836 0.015899954571558364
0 0.17700170486035807 0.27761036754180707 0.0 0.0
0 0.22808727318730573 0.24694616943951592 0.028097062579821207 0.0204427987348607
0 0.25746147497530064 0.2230962375821783 0.012771392081736915 0.022714220816511962
0 0.1335789717824526 0.3378030527055637 0.035759897828863366 0.0068142662449535985
0 0.14251894623966843 0.36278869560372684 0.02043422733077905 0.011357110408255934
0 0.15082035109279743 0.35597442935877327 0.008939974457215836 0.0068142662449535985
0 0.1501817814887106 0.3968600268284948 0.00766283524904216 0.002271422081651168
0 0.1393260982192342 0.3798243612161108 0.011494252873563213 0.013628532489907101
0 0.15082035109279743 0.31395312084822613 0.00383141762452108 0.013628532489907197
0 0.16933886961131595 0.306003143562447 0.0 0.0068142662449535985
0 0.18338740090122652 0.33098878646061014 0.005108556832694755 0.0022714220816513107
0 0.19679736258705027 0.3434816079096917 0.006385696040868458 0.004542844163302336
0 0.17891741367261862 0.36846725080785486 0.008939974457215836 0.009085688326604766
0 0.20637590664835298 0.3889100495427156 0.015325670498084294 0.013628532489907197
0 0.2248944251668715 0.2866960558684118 0.003831417624521053 0.004542844163302336
0 0.2376658172486084 0.2855603448275863 0.011494252873563213 0.015899954571558413
0 0.23255726041591362 0.32644594229730767 0.008939974457215836 -0.0068142662449535985
0 0.2446900828935637 0.3571101403995988 0.005108556832694755 0.0045428441633024305
0 0.23000298199956626 0.4014028709917971 0.01660280970625797 -0.002271422081651168
0 0.2593771837875612 0.41275998140005316 0.008939974457215836 0.02952848706146556
0 0.26959429745295066 0.3730100949711572 0.0012771392081736754 0.0
0 0.2881128159714692 0.3366673416647381 0.0 0.0
0 0.3379212450902431 0.3128174098074006 0.020434227330779077 0.01589995457155832
0 0.2810885503265139 0.4241170918083091 0.02171136653895275 0.034071331224767895
0 0.34749978915154583 0.34688874103216844 0.014048531289910592 0.015899954571558364
0 0.3609097508373696 0.3253102312564822 0.015325670498084266 0.013628532489907197
0 0.3851753957926697 0.29123890003171415 0.012771392081736862 0.009085688326604766
0 0.36346402925371696 0.4422884684615186 0.00766283524904216 0.015899954571558364
0 0.38453682618858287 0.42184566972665793 0.008939974457215836 0.02952848706146556
0 0.3858139653967565 0.39572431578766915 0.0191570881226054 0.0272570649798143
0 0.39028395262536447 0.3752815170528084 0.005108556832694755 0.009085688326604861
0 0.40305534470710136 0.3275816533381333 0.0 0.0
0 0.42540528085014095 0.3241745202156566 0.0063856960408684845 0.015899954571558413
0 0.40688676233162246 0.44115275742069304 0.002554278416347351 0.0
0 0.4720208619484807 0.3627886956037268 0.010217113665389565 0.015899954571558364
0 0.49245508927925974 0.37755293913445964 0.017879948914431672 0.0272570649798143
0 0.4618037482830912 0.4297956470124371 0.002554278416347351 0.013628532489907197
0 0.4605266090749175 0.45932413407390266 0.0 0.0
0 0.4535023434299622 0.47863122176793776 0.00383141762452108 0.011357110408255839
0 0.4503094954095279 0.5615381277482066 0.007662835249042106 0.027257064979814394
0 0.5697220113737681 0.4161671145225299 0.003831417624521026 0.01817137665320953
0 0.5678063025615075 0.43433849117573947 0.012771392081736969 0.022714220816511962
0 0.5480106448348152 0.4786312217679377 0.029374201787994856 0.04315701955137267
0 0.5952647955372419 0.5388239069316944 0.019157088122605453 0.02271422081651187
0 0.574191998602376 0.5331453517275664 0.012771392081736862 0.01135711040825603
0 0.5844091122677655 0.5479095952582993 0.012771392081736862 0.013628532489907197
0 0.574191998602376 0.5569952835849039 0.017879948914431672 0.013628532489907197
0 0.5460949360225548 0.4502384457472978 0.015325670498084212 0.0272570649798143
0 0.5499263536470759 0.42184566972665793 0.01532567049808432 0.034071331224767895
0 0.5231064302754284 0.40821713723675074 0.03831417624521069 0.04315701955137276
0 0.5250221390876888 0.4661384003188562 0.031928480204342316 0.0272570649798143
0 0.5211907214631678 0.4502384457472979 0.021711366538952805 0.018171376653209628
0 0.5371549615653389 0.522923952360136 0.01021711366538951 0.013628532489907197
0 0.5320464047326442 0.5569952835849041 0.022988505747126374 0.009085688326604576
0 0.5403478095857732 0.5819809264830672 0.016602809706257996 0.022714220816511962
0 0.5090578989855178 0.5433667510949969 0.02298850574712648 0.02271422081651206
0 0.500117924528302 0.5445024621358225 0.012771392081736862 0.01589995457155846
0 0.49500936769560716 0.5808452154422417 0.017879948914431672 0.015899954571558364
0 0.4975636461119545 0.43547420221656513 0.01532567049808432 0.015899954571558364
0 0.48287654521795703 0.5104311309110545 0.037037037037037014 0.034071331224767895
