0 0.5256607086917757 0.463866978237205 0.01021711366538951 0.0408855974697214
0 0.33472839706980895 0.41616711452252986 0.008939974457215836 0.013628532489907197
0 0.30407705607364033 0.47408837760463535 0.011494252873563187 0.006814266244953694
0 0.3117398913226825 0.4956668873803217 0.01660280970625794 0.013628532489907006
0 0.28491996795103497 0.4968025984211474 0.011494252873563187 0.015899954571558364
0 0.2976913600327719 0.5127025529927057 0.0191570881226054 0.020442798734860892
0 0.30152277765729296 0.5331453517275666 0.01149425287356324 0.01589995457155827
0 0.3225955745921588 0.5286025075642641 0.01021711366538951 0.011357110408255839
0 0.32514985300850624 0.551316728380776 0.010217113665389565 0.015899954571558364
0 0.23958152606086897 0.49225975425784485 0.028097062579821235 0.015899954571558364
0 0.2638471710161691 0.522923952360136 0.00766283524904216 0.013628532489907197
