0 0.8647411684618906 0.4718169555229842 0.031928480204342316 0.015899954571558364
0 0.8487769283597195 0.5229239523601361 0.02298850574712648 0.03634275330641906
0 0.8321741186534616 0.45364557886977463 0.02043422733077913 0.04315701955137276
0 0.8149327393431167 0.4831740659312402 0.03448275862068956 0.04315701955137276
0 0.8149327393431166 0.41162427035922755 0.029374201787994856 0.045428441633023835
0 0.5512034928552495 0.37073867288950607 0.012771392081736969 0.013628532489907101
0 0.5646134545410734 0.4195742476450067 0.014048531289910538 0.011357110408255934
0 0.6348561109906262 0.4104885593184019 0.0012771392081736754 0.05224270787797752
0 0.6042047699944577 0.4252528028491347 0.014048531289910645 0.01817137665320953
0 0.3724040037109328 0.3389387637463893 0.02043422733077902 0.04088559746972145
0 0.1955202233788766 0.38663862746106437 0.008939974457215836 0.009085688326604766
0 0.1603988951541001 0.35143158519547085 0.03065134099616856 0.04315701955137276
0 0.1674231607990554 0.4036742930734484 0.019157088122605373 0.029528487061465467
0 0.20318305862791874 0.44001704637986744 0.008939974457215836 -0.002271422081651168
0 0.23958152606086897 0.3582458514404245 0.010217113665389565 0.02952848706146556
0 0.7568229053712138 0.3343959195830869 0.02809706257982129 0.01817137665320953
0 0.7925828032000772 0.3446173189505173 0.012771392081737077 0.015899954571558364
0 0.8072699040940745 0.36051727352207563 0.026819923371647507 0.02952848706146556
0 0.7734257150774717 0.38436720537941316 0.06385696040868452 0.03634275330641906
0 0.760015753391648 0.40935284827757634 0.021711366538952805 0.01817137665320953
0 0.7280872731873057 0.4297956470124371 0.014048531289910645 0.027257064979814394
0 0.726810133979132 0.4366099132573907 0.021711366538952805 0.03179990914311673
0 0.7440515132894769 0.4547812899106002 0.017879948914431672 0.03179990914311664
0 0.7421358044772164 0.4684098224005074 0.026819923371647507 0.03179990914311664
