0 0.4560566218463096 0.5808452154422414 0.029374201787994856 0.034071331224767895
0 0.454140913034049 0.6296807901977424 0.030651340996168588 0.049971285796326266
0 0.4228510024337936 0.6092379914628815 0.04980842911877393 0.03179990914311664
0 0.5020336333405625 0.012989695029442763 0.024265644955300154 0.056785552041279955
0 0.5269378478999495 0.07772522435650181 0.01021711366538951 0.03179990914311673
0 0.5128893166100389 0.12088224390787453 0.017879948914431672 0.04088559746972169
0 0.507780759777344 0.16744639658172408 0.022988505747126374 0.04769986371467509
0 0.520552151859081 0.17539637386750326 0.00766283524904216 0.027257064979814394
0 0.5294921263162968 0.23899619215373663 0.017879948914431672 0.05451412995962865
0 0.5729148593942023 0.1470035978468633 0.02043422733077913 0.04315701955137276
0 0.570360580977855 0.1935677505207128 0.00766283524904216 0.049971285796326266
0 0.6093133268271524 0.11179655558126961 0.021711366538952805 0.04088559746972159
0 0.6201690100966288 0.18561777323493367 0.017879948914431672 0.038614175388070326
0 0.6399646678233211 0.18448206219410804 0.029374201787994964 0.0545141299596286
0 0.6035662003903709 0.2310462148679575 0.022988505747126374 0.056785552041279864
0 0.6310246933661052 0.28101750066428377 0.021711366538952698 0.04315701955137276
