0 0.5735534289982891 0.35483871831794767 0.008939974457215836 0.022714220816511962
0 0.5390706703775995 0.37301009497115717 0.008939974457215836 0.0272570649798143
0 0.5269378478999495 0.376417228093634 0.012771392081736862 0.01135711040825603
0 0.46244231788717804 0.3241745202156565 0.00383141762452108 0.002271422081651263
0 0.4815994060097834 0.31395312084822613 0.011494252873563293 0.0045428441633024305
0 0.5103350381936915 0.30600314356244696 0.00766283524904216 0.011357110408255934
0 0.500117924528302 0.28328892274593503 0.005108556832694809 0.006814266244953551
0 0.4918165196751729 0.3128174098074006 0.008939974457215836 0.024985642898163133
0 0.4924550892792598 0.28896747795006306 0.005108556832694809 0.022714220816511962
0 0.4675508747198728 0.26171041297024866 0.0012771392081737292 0.013628532489907197
0 0.46818944432395954 0.27420323441933026 0.012771392081736969 0.01135711040825603
0 0.44903235620135423 0.2901031889908886 0.00766283524904216 0.011357110408255934
