0 0.5231064302754284 0.37073867288950607 0.056194125159642366 0.040885597469721494
0 0.5231064302754282 0.4286599359716115 0.028097062579821183 0.034071331224767895
0 0.48926224125882556 0.4366099132573907 0.042145593869731775 0.040885597469721494
0 0.557589188896118 0.4116242703592275 0.005108556832694809 0.009085688326604766
0 0.5697220113737681 0.43206706909408826 0.006385696040868377 0.004542844163302336
0 0.5633363153328996 0.4479670236656466 0.0063856960408684845 0.004542844163302336
0 0.5767462770187234 0.47863122176793776 0.01532567049808432 0.011357110408255839
0 0.632301832574279 0.45932413407390255 0.011494252873563293 0.02271422081651187
0 0.6182533012843683 0.4684098224005073 0.011494252873563187 0.03634275330641906
0 0.6144218836598472 0.4366099132573906 0.006385696040868377 0.009085688326604766
0 0.644434655051929 0.195839172602364 0.06385696040868452 0.05451412995962869
