0 0.9694665835321334 0.022075383356047532 0.054916985951468794 0.05224270787797743
0 0.8277041314248536 0.07204666915237379 0.06768837803320565 0.06587124036788482
0 0.7581000445793875 0.1390536205610841 0.05108556832694766 0.05451412995962879
0 0.7236172859586979 0.05387529249916426 0.09706257982120052 0.08404261702109415
0 0.6929659449625292 0.1470035978468633 0.07407407407407403 0.07041408453118715
0 0.6297475541579315 0.22877479278630633 0.08045977011494251 0.0613283962045822
0 0.5920719475168077 0.21173912717392238 0.06896551724137923 0.05905697412293103
0 0.549287784042989 0.2435390363170391 0.09578544061302684 0.05905697412293103
0 0.5524806320634232 0.091353756846409 0.10217113665389532 0.05905697412293112
0 0.4930936588833466 0.047061026254210665 0.09323116219667948 0.0749569286944893
0 0.4618037482830912 0.15381786409181683 0.10217113665389532 0.10675683783760631
0 0.39922392708258037 0.18107492907163122 0.06641123882503193 0.05224270787797752
0 0.38772967420901705 0.13337506535695604 0.06896551724137928 0.08404261702109445
0 0.3615483204414564 0.1822106401124568 0.08045977011494247 0.05451412995962869
0 0.38325968698040913 0.10725371141796733 0.0651340996168583 0.07268550661283842
0 0.4164653063929251 0.017532539192745007 0.03448275862068967 0.05224270787797743
0 0.30854704330224825 0.030025360641826614 0.061302681992337175 0.08177119493944299
0 0.26959429745295066 0.03456820480512914 0.06513409961685823 0.10902825991925738
0 0.21595445070965566 0.05160387041751299 0.08045977011494254 0.056785552041279955
0 0.2664014494325164 0.17653208490832886 0.058748403575989795 0.04769986371467509
0 0.2913056639919034 0.19129632843906164 0.05236270753512139 0.06359981828623346
0 0.3283427010289404 0.18561777323493361 0.070242656449553 0.05224270787797743
0 0.3194027265717246 0.1401893316019097 0.05747126436781615 0.056785552041279955
