0 0.5403478095857732 0.294646033154191 0.019157088122605345 0.020442798734860747
0 0.5678063025615075 0.3593815624812501 0.022988505747126374 0.03634275330641906
0 0.5518420624593364 0.4184385366041811 0.021711366538952698 0.018171376653209628
0 0.4975636461119546 0.34802445207299404 0.007662835249042052 0.009085688326604766
0 0.5141664558182125 0.44569560158399546 0.00766283524904216 0.01817137665320953
0 0.5352392527530784 0.4615955561555538 0.014048531289910645 0.013628532489907197
0 0.5441792272102942 0.49453117633949606 0.016602809706257996 0.015899954571558364
0 0.507780759777344 0.46840982240050744 0.01532567049808432 0.013628532489907197
0 0.5135278862141256 0.4933954652986705 0.008939974457215836 0.013628532489907197
0 0.5301306959203836 0.5206525302784849 0.029374201787994856 0.036342753306419256
0 0.46691230511578596 0.42184566972665793 0.03320561941251594 0.02952848706146556
